1	1	1.352710e+01
2	1	-9.090909e-02
58	1	-6.218093e+00
66	1	-6.218093e+00
1	2	-9.090909e-02
2	2	2.024529e+01
88	2	-2.015438e+01
3	3	5.848028e+00
67	3	-5.757119e+00
105	3	-9.090909e-02
4	4	5.844351e+00
5	4	-9.090909e-02
44	4	-5.753442e+00
4	5	-9.090909e-02
5	5	1.010222e+01
104	5	-1.001131e+01
6	6	1.002495e+01
52	6	-1.363637e-02
105	6	-1.001131e+01
7	7	6.309002e+00
32	7	-6.218093e+00
102	7	-9.090909e-02
8	8	1.200525e+01
9	8	-9.090909e-02
37	8	-5.957168e+00
62	8	-5.957168e+00
8	9	-9.090909e-02
9	9	4.190412e+00
21	9	-4.099503e+00
10	10	6.048361e+00
64	10	-5.957452e+00
101	10	-9.090909e-02
11	11	2.928185e+01
12	11	-9.090909e-02
57	11	-2.919094e+01
11	12	-9.090909e-02
12	12	1.010222e+01
98	12	-1.001131e+01
13	13	3.123169e-02
14	13	-1.363637e-02
55	13	-1.759532e-02
13	14	-1.363637e-02
14	14	6.706584e+00
80	14	-6.692948e+00
15	15	8.018125e+01
85	15	-8.009034e+01
97	15	-9.090909e-02
16	16	7.390978e+00
73	16	-7.300069e+00
96	16	-9.090909e-02
17	17	4.500257e+00
18	17	-4.007534e-01
102	17	-4.099503e+00
17	18	-4.007534e-01
18	18	3.028550e+00
78	18	-2.627796e+00
19	19	5.739459e+00
84	19	-3.767457e+00
90	19	-1.972002e+00
20	20	3.287040e+00
76	20	-3.153152e+00
93	20	-1.338885e-01
9	21	-4.099503e+00
21	21	4.127613e+00
22	21	-2.810955e-02
21	22	-2.810955e-02
22	22	4.127613e+00
102	22	-4.099503e+00
23	23	9.019882e+00
46	23	-1.158757e-01
88	23	-8.904006e+00
24	24	1.531048e+01
85	24	-7.271511e+00
86	24	-8.038973e+00
25	25	5.998629e+00
81	25	-4.482315e+00
84	25	-1.516314e+00
26	26	1.159806e+01
87	26	-6.255552e+00
96	26	-5.342508e+00
27	27	7.026387e+00
48	27	-1.972002e+00
96	27	-5.054385e+00
28	28	1.177893e+01
79	28	-6.692948e+00
101	28	-5.085978e+00
29	29	2.065666e-01
30	29	-1.818182e-01
75	29	-2.474837e-02
29	30	-1.818182e-01
30	30	3.163128e+00
77	30	-2.981310e+00
31	31	3.305100e+00
75	31	-1.818182e-01
76	31	-3.123282e+00
7	32	-6.218093e+00
32	32	6.313408e+00
74	32	-9.531435e-02
33	33	6.900062e+00
70	33	-2.197875e+00
72	33	-4.702187e+00
34	34	2.447330e+00
65	34	-2.037315e+00
67	34	-4.100142e-01
35	35	2.373355e+00
61	35	-2.193492e+00
62	35	-1.798623e-01
36	36	9.487265e+01
71	36	-8.757258e+01
97	36	-7.300069e+00
8	37	-5.957168e+00
37	37	6.202153e+00
64	37	-2.449846e-01
38	38	9.090909e-03
95	38	-9.090909e-03
39	39	9.090909e-03
94	39	-9.090909e-03
40	40	2.480362e-02
100	40	-2.480362e-02
41	41	1.240182e-02
55	41	-1.240182e-02
42	42	1.082251e-02
99	42	-1.082251e-02
43	43	5.411255e-03
54	43	-5.411255e-03
4	44	-5.753442e+00
44	44	6.798372e+00
58	44	-1.044930e+00
45	45	2.409934e+01
48	45	-4.971093e+00
83	45	-1.912825e+01
23	46	-1.158757e-01
46	46	5.716987e+00
49	46	-5.601111e+00
47	47	1.222007e+01
49	47	-6.059247e+00
103	47	-6.160822e+00
27	48	-1.972002e+00
45	48	-4.971093e+00
48	48	6.943095e+00
46	49	-5.601111e+00
47	49	-6.059247e+00
49	49	1.166036e+01
50	50	2.976540e-02
54	50	-1.612903e-02
98	50	-1.363637e-02
51	51	6.309002e+00
74	51	-6.218093e+00
103	51	-9.090909e-02
6	52	-1.363637e-02
52	52	2.080483e-02
100	52	-7.168459e-03
53	53	3.123169e-02
99	53	-1.759532e-02
104	53	-1.363637e-02
43	54	-5.411255e-03
50	54	-1.612903e-02
54	54	2.154029e-02
13	55	-1.759532e-02
41	55	-1.240182e-02
55	55	2.999714e-02
56	56	2.163655e+01
57	56	-1.752520e+01
63	56	-4.111352e+00
11	57	-2.919094e+01
56	57	-1.752520e+01
57	57	4.671614e+01
1	58	-6.218093e+00
44	58	-1.044930e+00
58	58	7.263023e+00
59	59	1.787678e+00
60	59	-1.605510e+00
61	59	-1.821679e-01
59	60	-1.605510e+00
60	60	1.683293e+00
63	60	-7.778288e-02
35	61	-2.193492e+00
59	61	-1.821679e-01
61	61	2.375660e+00
8	62	-5.957168e+00
35	62	-1.798623e-01
62	62	6.137030e+00
56	63	-4.111352e+00
60	63	-7.778288e-02
63	63	4.189135e+00
10	64	-5.957452e+00
37	64	-2.449846e-01
64	64	6.202436e+00
34	65	-2.037315e+00
65	65	3.304632e+00
66	65	-1.267316e+00
1	66	-6.218093e+00
65	66	-1.267316e+00
66	66	7.485410e+00
3	67	-5.757119e+00
34	67	-4.100142e-01
67	67	6.167133e+00
68	68	2.401190e+00
69	68	-2.197875e+00
70	68	-2.033153e-01
68	69	-2.197875e+00
69	69	5.332661e+00
71	69	-3.134786e+00
33	70	-2.197875e+00
68	70	-2.033153e-01
70	70	2.401190e+00
36	71	-8.757258e+01
69	71	-3.134786e+00
71	71	9.070736e+01
33	72	-4.702187e+00
72	72	9.227476e+01
73	72	-8.757258e+01
16	73	-7.300069e+00
72	73	-8.757258e+01
73	73	9.487265e+01
32	74	-9.531435e-02
51	74	-6.218093e+00
74	74	6.313408e+00
29	75	-2.474837e-02
31	75	-1.818182e-01
75	75	2.065666e-01
20	76	-3.153152e+00
31	76	-3.123282e+00
76	76	6.276434e+00
30	77	-2.981310e+00
77	77	2.162950e+01
78	77	-1.864819e+01
18	78	-2.627796e+00
77	78	-1.864819e+01
78	78	2.127599e+01
28	79	-6.692948e+00
79	79	8.105876e+00
80	79	-1.412928e+00
14	80	-6.692948e+00
79	80	-1.412928e+00
80	80	8.105876e+00
25	81	-4.482315e+00
81	81	5.956511e+00
82	81	-1.474196e+00
81	82	-1.474196e+00
82	82	8.051369e+00
83	82	-6.577173e+00
45	83	-1.912825e+01
82	83	-6.577173e+00
83	83	2.570542e+01
19	84	-3.767457e+00
25	84	-1.516314e+00
84	84	5.283771e+00
15	85	-8.009034e+01
24	85	-7.271511e+00
85	85	8.736185e+01
24	86	-8.038973e+00
86	86	9.419329e+00
95	86	-1.380356e+00
26	87	-6.255552e+00
87	87	7.745678e+00
94	87	-1.490126e+00
2	88	-2.015438e+01
23	88	-8.904006e+00
88	88	2.905839e+01
89	89	7.975073e+00
90	89	-2.052832e+00
91	89	-5.922241e+00
19	90	-1.972002e+00
89	90	-2.052832e+00
90	90	4.024833e+00
89	91	-5.922241e+00
91	91	6.794826e+00
92	91	-8.725851e-01
91	92	-8.725851e-01
92	92	2.676435e+00
93	92	-1.803849e+00
20	93	-1.338885e-01
92	93	-1.803849e+00
93	93	1.937738e+00
39	94	-9.090909e-03
87	94	-1.490126e+00
94	94	1.499217e+00
38	95	-9.090909e-03
86	95	-1.380356e+00
95	95	1.389447e+00
16	96	-9.090909e-02
26	96	-5.342508e+00
27	96	-5.054385e+00
96	96	1.048780e+01
15	97	-9.090909e-02
36	97	-7.300069e+00
97	97	7.390978e+00
12	98	-1.001131e+01
50	98	-1.363637e-02
98	98	1.002495e+01
42	99	-1.082251e-02
53	99	-1.759532e-02
99	99	2.841783e-02
40	100	-2.480362e-02
52	100	-7.168459e-03
100	100	3.197208e-02
10	101	-9.090909e-02
28	101	-5.085978e+00
101	101	5.176888e+00
7	102	-9.090909e-02
17	102	-4.099503e+00
22	102	-4.099503e+00
102	102	8.289915e+00
47	103	-6.160822e+00
51	103	-9.090909e-02
103	103	6.251731e+00
5	104	-1.001131e+01
53	104	-1.363637e-02
104	104	1.002495e+01
3	105	-9.090909e-02
6	105	-1.001131e+01
105	105	1.010222e+01
