0	0	1.352709590730745e+01
1	0	-9.090909090909091e-02
42	0	-6.218093408199178e+00
44	0	-6.218093408199178e+00
0	1	-9.090909090909091e-02
1	1	2.024529166139904e+01
56	1	-2.015438257048995e+01
2	2	5.848027768153504e+00
45	2	-5.757118677244413e+00
68	2	-9.090909090909091e-02
3	3	5.844351087583601e+00
4	3	-9.090909090909091e-02
33	3	-5.753441996674511e+00
3	4	-9.090909090909091e-02
4	4	1.010222187435438e+01
67	4	-1.001131278344529e+01
5	5	1.002494915328001e+01
34	5	-1.363636983471356e-02
68	5	-1.001131278344529e+01
6	6	8.555330011024475e+00
26	6	-2.727270247936138e-02
63	6	-8.528057308545113e+00
7	7	1.645815068157751e+00
27	7	-2.727270247936138e-02
59	7	-7.496420459230717e-01
60	7	-8.689003197553178e-01
8	8	3.722259650637073e+01
27	8	-2.727270247936138e-02
61	8	-3.719532380389138e+01
9	9	2.687027483034499e+00
55	9	-2.627796303741719e+00
58	9	-5.923117929277972e-02
10	10	4.734641600065188e+00
17	10	-4.586398576381882e+00
57	10	-1.482430236833055e-01
11	11	1.611760994926626e+00
13	11	-2.017910977839302e-01
53	11	-1.409969897142696e+00
12	12	9.019881573040882e+00
14	12	-1.158756607809556e-01
56	12	-8.904005912259926e+00
11	13	-2.017910977839302e-01
13	13	3.258371456809860e+00
14	13	-3.056580359025929e+00
12	14	-1.158756607809556e-01
13	14	-3.056580359025929e+00
14	14	3.172456019806885e+00
15	15	5.508925892334052e+01
50	15	-1.763320120187900e+00
52	15	-5.332593880315262e+01
16	16	4.229557725160581e-01
17	16	-1.818181818181818e-01
46	16	-2.411375906978763e-01
10	17	-4.586398576381882e+00
16	17	-1.818181818181818e-01
17	17	4.768216758200063e+00
18	18	3.163128348383980e+00
46	18	-1.818181818181818e-01
54	18	-2.981310166565799e+00
19	19	2.447329656642144e+00
43	19	-2.037315470151291e+00
45	19	-4.100141864908526e-01
20	20	1.505795977347381e+01
52	20	-4.111351853602983e+00
64	20	-1.094660791987083e+01
21	21	1.505795977347381e+01
51	21	-4.111351853602983e+00
62	21	-1.094660791987083e+01
22	22	9.996651121874171e-03
38	22	-4.998325560937085e-03
40	22	-4.998325560937085e-03
23	23	2.118321683358991e-01
32	23	-1.818181818181818e-01
36	23	-3.001398651771726e-02
24	24	5.143193872069575e+00
25	24	-1.818181818181818e-01
41	24	-4.961375690251393e+00
24	25	-1.818181818181818e-01
25	25	1.841412211926537e+00
37	25	-1.659594030108355e+00
6	26	-2.727270247936138e-02
26	26	2.727270247936138e-02
7	27	-2.727270247936138e-02
8	27	-2.727270247936138e-02
27	27	6.363631404963185e-02
60	27	-9.090909090909090e-03
28	28	2.480361735955572e-02
66	28	-2.480361735955572e-02
29	29	1.082251082251082e-02
65	29	-1.082251082251082e-02
30	30	2.805374569915631e+00
37	30	-1.818181818181818e-01
53	30	-2.623556388097450e+00
31	31	4.768216758200063e+00
36	31	-1.818181818181818e-01
57	31	-4.586398576381882e+00
23	32	-1.818181818181818e-01
32	32	5.143193872069575e+00
40	32	-4.961375690251393e+00
3	33	-5.753441996674511e+00
33	33	6.798371892327811e+00
42	33	-1.044929895653301e+00
5	34	-1.363636983471356e-02
34	34	2.080482861607557e-02
66	34	-7.168458781362007e-03
35	35	3.123168807243687e-02
65	35	-1.759531823772330e-02
67	35	-1.363636983471356e-02
23	36	-3.001398651771726e-02
31	36	-1.818181818181818e-01
36	36	2.118321683358991e-01
25	37	-1.659594030108355e+00
30	37	-1.818181818181818e-01
37	37	1.841412211926537e+00
22	38	-4.998325560937085e-03
38	38	7.484048228673679e-02
39	38	-6.984215672579970e-02
38	39	-6.984215672579970e-02
39	39	1.396843134515994e-01
41	39	-6.984215672579970e-02
22	40	-4.998325560937085e-03
32	40	-4.961375690251393e+00
40	40	4.966374015812330e+00
24	41	-4.961375690251393e+00
39	41	-6.984215672579970e-02
41	41	5.031217846977193e+00
0	42	-6.218093408199178e+00
33	42	-1.044929895653301e+00
42	42	7.263023303852479e+00
19	43	-2.037315470151291e+00
43	43	3.304631763149749e+00
44	43	-1.267316292998458e+00
0	44	-6.218093408199178e+00
43	44	-1.267316292998458e+00
44	44	7.485409701197636e+00
2	45	-5.757118677244413e+00
19	45	-4.100141864908526e-01
45	45	6.167132863735265e+00
16	46	-2.411375906978763e-01
18	46	-1.818181818181818e-01
46	46	4.229557725160581e-01
47	47	1.815666551154196e+00
48	47	-1.605510110699922e+00
49	47	-2.101564404542742e-01
47	48	-1.605510110699922e+00
48	48	3.172905773089166e+00
51	48	-1.567395662389244e+00
47	49	-2.101564404542742e-01
49	49	1.815666551154196e+00
50	49	-1.605510110699922e+00
15	50	-1.763320120187900e+00
49	50	-1.605510110699922e+00
50	50	3.368830230887822e+00
21	51	-4.111351853602983e+00
48	51	-1.567395662389244e+00
51	51	5.678747515992226e+00
15	52	-5.332593880315262e+01
20	52	-4.111351853602983e+00
52	52	5.743729065675561e+01
11	53	-1.409969897142696e+00
30	53	-2.623556388097450e+00
53	53	4.033526285240145e+00
18	54	-2.981310166565799e+00
54	54	2.162950269050542e+01
55	54	-1.864819252393962e+01
9	55	-2.627796303741719e+00
54	55	-1.864819252393962e+01
55	55	2.127598882768133e+01
1	56	-2.015438257048995e+01
12	56	-8.904005912259926e+00
56	56	2.905838848274988e+01
10	57	-1.482430236833055e-01
31	57	-4.586398576381882e+00
57	57	4.734641600065188e+00
9	58	-5.923117929277972e-02
58	58	4.097726113000885e+00
61	58	-4.038494933708106e+00
7	59	-7.496420459230717e-01
59	59	5.211398103872359e+00
61	59	-4.461756057949287e+00
7	60	-8.689003197553178e-01
27	60	-9.090909090909090e-03
60	60	8.779912288462268e-01
8	61	-3.719532380389138e+01
58	61	-4.038494933708106e+00
59	61	-4.461756057949287e+00
61	61	4.578648388645786e+01
62	61	-9.090909090909091e-02
21	62	-1.094660791987083e+01
61	62	-9.090909090909091e-02
62	62	1.103751701077992e+01
6	63	-8.528057308545113e+00
63	63	8.618966399454205e+00
64	63	-9.090909090909091e-02
20	64	-1.094660791987083e+01
63	64	-9.090909090909091e-02
64	64	1.103751701077992e+01
29	65	-1.082251082251082e-02
35	65	-1.759531823772330e-02
65	65	2.841782906023413e-02
28	66	-2.480361735955572e-02
34	66	-7.168458781362007e-03
66	66	3.197207614091772e-02
4	67	-1.001131278344529e+01
35	67	-1.363636983471356e-02
67	67	1.002494915328001e+01
2	68	-9.090909090909091e-02
5	68	-1.001131278344529e+01
68	68	1.010222187435438e+01
