1	1	1.352710e+01
2	1	-9.090909e-02
43	1	-6.218093e+00
45	1	-6.218093e+00
1	2	-9.090909e-02
2	2	2.024529e+01
57	2	-2.015438e+01
3	3	5.848028e+00
46	3	-5.757119e+00
69	3	-9.090909e-02
4	4	5.844351e+00
5	4	-9.090909e-02
34	4	-5.753442e+00
4	5	-9.090909e-02
5	5	1.010222e+01
68	5	-1.001131e+01
6	6	1.002495e+01
35	6	-1.363637e-02
69	6	-1.001131e+01
7	7	8.555330e+00
27	7	-2.727270e-02
64	7	-8.528057e+00
8	8	1.645815e+00
28	8	-2.727270e-02
60	8	-7.496420e-01
61	8	-8.689003e-01
9	9	3.722260e+01
28	9	-2.727270e-02
62	9	-3.719532e+01
10	10	2.687027e+00
56	10	-2.627796e+00
59	10	-5.923118e-02
11	11	4.734642e+00
18	11	-4.586399e+00
58	11	-1.482430e-01
12	12	1.611761e+00
14	12	-2.017911e-01
54	12	-1.409970e+00
13	13	9.019882e+00
15	13	-1.158757e-01
57	13	-8.904006e+00
12	14	-2.017911e-01
14	14	3.258371e+00
15	14	-3.056580e+00
13	15	-1.158757e-01
14	15	-3.056580e+00
15	15	3.172456e+00
16	16	5.508926e+01
51	16	-1.763320e+00
53	16	-5.332594e+01
17	17	4.229558e-01
18	17	-1.818182e-01
47	17	-2.411376e-01
11	18	-4.586399e+00
17	18	-1.818182e-01
18	18	4.768217e+00
19	19	3.163128e+00
47	19	-1.818182e-01
55	19	-2.981310e+00
20	20	2.447330e+00
44	20	-2.037315e+00
46	20	-4.100142e-01
21	21	1.505796e+01
53	21	-4.111352e+00
65	21	-1.094661e+01
22	22	1.505796e+01
52	22	-4.111352e+00
63	22	-1.094661e+01
23	23	9.996651e-03
39	23	-4.998326e-03
41	23	-4.998326e-03
24	24	2.118322e-01
33	24	-1.818182e-01
37	24	-3.001399e-02
25	25	5.143194e+00
26	25	-1.818182e-01
42	25	-4.961376e+00
25	26	-1.818182e-01
26	26	1.841412e+00
38	26	-1.659594e+00
7	27	-2.727270e-02
27	27	2.727270e-02
8	28	-2.727270e-02
9	28	-2.727270e-02
28	28	6.363631e-02
61	28	-9.090909e-03
29	29	2.480362e-02
67	29	-2.480362e-02
30	30	1.082251e-02
66	30	-1.082251e-02
31	31	2.805375e+00
38	31	-1.818182e-01
54	31	-2.623556e+00
32	32	4.768217e+00
37	32	-1.818182e-01
58	32	-4.586399e+00
24	33	-1.818182e-01
33	33	5.143194e+00
41	33	-4.961376e+00
4	34	-5.753442e+00
34	34	6.798372e+00
43	34	-1.044930e+00
6	35	-1.363637e-02
35	35	2.080483e-02
67	35	-7.168459e-03
36	36	3.123169e-02
66	36	-1.759532e-02
68	36	-1.363637e-02
24	37	-3.001399e-02
32	37	-1.818182e-01
37	37	2.118322e-01
26	38	-1.659594e+00
31	38	-1.818182e-01
38	38	1.841412e+00
23	39	-4.998326e-03
39	39	7.484048e-02
40	39	-6.984216e-02
39	40	-6.984216e-02
40	40	1.396843e-01
42	40	-6.984216e-02
23	41	-4.998326e-03
33	41	-4.961376e+00
41	41	4.966374e+00
25	42	-4.961376e+00
40	42	-6.984216e-02
42	42	5.031218e+00
1	43	-6.218093e+00
34	43	-1.044930e+00
43	43	7.263023e+00
20	44	-2.037315e+00
44	44	3.304632e+00
45	44	-1.267316e+00
1	45	-6.218093e+00
44	45	-1.267316e+00
45	45	7.485410e+00
3	46	-5.757119e+00
20	46	-4.100142e-01
46	46	6.167133e+00
17	47	-2.411376e-01
19	47	-1.818182e-01
47	47	4.229558e-01
48	48	1.815667e+00
49	48	-1.605510e+00
50	48	-2.101564e-01
48	49	-1.605510e+00
49	49	3.172906e+00
52	49	-1.567396e+00
48	50	-2.101564e-01
50	50	1.815667e+00
51	50	-1.605510e+00
16	51	-1.763320e+00
50	51	-1.605510e+00
51	51	3.368830e+00
22	52	-4.111352e+00
49	52	-1.567396e+00
52	52	5.678748e+00
16	53	-5.332594e+01
21	53	-4.111352e+00
53	53	5.743729e+01
12	54	-1.409970e+00
31	54	-2.623556e+00
54	54	4.033526e+00
19	55	-2.981310e+00
55	55	2.162950e+01
56	55	-1.864819e+01
10	56	-2.627796e+00
55	56	-1.864819e+01
56	56	2.127599e+01
2	57	-2.015438e+01
13	57	-8.904006e+00
57	57	2.905839e+01
11	58	-1.482430e-01
32	58	-4.586399e+00
58	58	4.734642e+00
10	59	-5.923118e-02
59	59	4.097726e+00
62	59	-4.038495e+00
8	60	-7.496420e-01
60	60	5.211398e+00
62	60	-4.461756e+00
8	61	-8.689003e-01
28	61	-9.090909e-03
61	61	8.779912e-01
9	62	-3.719532e+01
59	62	-4.038495e+00
60	62	-4.461756e+00
62	62	4.578648e+01
63	62	-9.090909e-02
22	63	-1.094661e+01
62	63	-9.090909e-02
63	63	1.103752e+01
7	64	-8.528057e+00
64	64	8.618966e+00
65	64	-9.090909e-02
21	65	-1.094661e+01
64	65	-9.090909e-02
65	65	1.103752e+01
30	66	-1.082251e-02
36	66	-1.759532e-02
66	66	2.841783e-02
29	67	-2.480362e-02
35	67	-7.168459e-03
67	67	3.197208e-02
5	68	-1.001131e+01
36	68	-1.363637e-02
68	68	1.002495e+01
3	69	-9.090909e-02
6	69	-1.001131e+01
69	69	1.010222e+01
