1	1	7.309002e+00
34	1	-6.218093e+00
56	1	-9.090909e-02
2	2	6.309002e+00
21	2	-6.218093e+00
55	2	-9.090909e-02
3	3	1.002495e+01
29	3	-1.363637e-02
56	3	-1.001131e+01
4	4	6.706584e+00
28	4	-1.363637e-02
42	4	-6.692948e+00
5	5	7.358985e+00
6	5	-9.090909e-02
40	5	-7.268076e+00
5	6	-9.090909e-02
6	6	7.362420e+00
52	6	-7.271511e+00
7	7	1.169722e+01
27	7	-9.090909e-02
36	7	-5.803157e+00
38	7	-5.803157e+00
8	8	2.349696e+00
22	8	-9.090909e-03
52	8	-2.340605e+00
9	9	2.765826e+00
23	9	-9.090909e-03
44	9	-2.756735e+00
10	10	4.748695e+00
19	10	-4.586399e+00
46	10	-1.622968e-01
11	11	3.048339e+01
12	11	-3.966192e-01
26	11	-3.008677e+01
11	12	-3.966192e-01
12	12	5.418742e+00
55	12	-5.022122e+00
13	13	6.744450e+00
27	13	-5.085978e+00
51	13	-1.658471e+00
14	14	4.731668e+01
44	14	-7.271511e+00
53	14	-4.004517e+01
15	15	4.990080e+00
37	15	-2.020280e+00
39	15	-2.969800e+00
16	16	2.456399e+00
35	16	-2.006706e+00
36	16	-4.496929e-01
17	17	2.029279e-01
18	17	-1.818182e-01
33	17	-2.110969e-02
17	18	-1.818182e-01
18	18	6.815713e+00
26	18	-6.633895e+00
10	19	-4.586399e+00
19	19	4.768217e+00
33	19	-1.818182e-01
20	20	9.482384e+01
32	20	-8.757258e+01
54	20	-7.251264e+00
2	21	-6.218093e+00
21	21	6.244168e+00
34	21	-2.607494e-02
8	22	-9.090909e-03
22	22	9.090909e-03
9	23	-9.090909e-03
23	23	9.090909e-03
24	24	1.240182e-02
31	24	-1.240182e-02
25	25	5.411255e-03
30	25	-5.411255e-03
11	26	-3.008677e+01
18	26	-6.633895e+00
26	26	6.680744e+01
43	26	-3.008677e+01
7	27	-9.090909e-02
13	27	-5.085978e+00
27	27	5.176888e+00
4	28	-1.363637e-02
28	28	3.123169e-02
31	28	-1.759532e-02
3	29	-1.363637e-02
29	29	2.976540e-02
30	29	-1.612903e-02
25	30	-5.411255e-03
29	30	-1.612903e-02
30	30	2.154029e-02
24	31	-1.240182e-02
28	31	-1.759532e-02
31	31	2.999714e-02
20	32	-8.757258e+01
32	32	9.133432e+01
35	32	-3.761746e+00
17	33	-2.110969e-02
19	33	-1.818182e-01
33	33	2.029279e-01
1	34	-6.218093e+00
21	34	-2.607494e-02
34	34	6.244168e+00
16	35	-2.006706e+00
32	35	-3.761746e+00
35	35	5.768452e+00
7	36	-5.803157e+00
16	36	-4.496929e-01
36	36	6.252850e+00
15	37	-2.020280e+00
37	37	2.430294e+00
38	37	-4.100142e-01
7	38	-5.803157e+00
37	38	-4.100142e-01
38	38	6.213171e+00
15	39	-2.969800e+00
39	39	9.054238e+01
40	39	-8.757258e+01
5	40	-7.268076e+00
39	40	-8.757258e+01
40	40	9.484065e+01
41	41	1.526086e+00
42	41	-1.412928e+00
43	41	-1.131579e-01
4	42	-6.692948e+00
41	42	-1.412928e+00
42	42	8.105876e+00
26	43	-3.008677e+01
41	43	-1.131579e-01
43	43	3.019993e+01
9	44	-2.756735e+00
14	44	-7.271511e+00
44	44	1.002825e+01
45	45	2.112012e+00
46	45	-2.056382e+00
47	45	-5.563004e-02
10	46	-1.622968e-01
45	46	-2.056382e+00
46	46	2.218679e+00
45	47	-5.563004e-02
47	47	2.132767e+00
48	47	-2.077137e+00
47	48	-2.077137e+00
48	48	4.236563e+00
49	48	-2.159426e+00
48	49	-2.159426e+00
49	49	2.277012e+00
50	49	-1.175856e-01
49	50	-1.175856e-01
50	50	2.195685e+00
51	50	-2.078099e+00
13	51	-1.658471e+00
50	51	-2.078099e+00
51	51	3.736570e+00
6	52	-7.271511e+00
8	52	-2.340605e+00
52	52	9.612116e+00
14	53	-4.004517e+01
53	53	4.013608e+01
54	53	-9.090909e-02
20	54	-7.251264e+00
53	54	-9.090909e-02
54	54	7.342173e+00
2	55	-9.090909e-02
12	55	-5.022122e+00
55	55	5.113032e+00
1	56	-9.090909e-02
3	56	-1.001131e+01
56	56	1.010222e+01
