1	1	7.309002e+00
41	1	-6.218093e+00
66	1	-9.090909e-02
2	2	6.309002e+00
29	2	-6.218093e+00
65	2	-9.090909e-02
3	3	1.002495e+01
38	3	-1.363637e-02
66	3	-1.001131e+01
4	4	3.123169e-02
5	4	-1.363637e-02
40	4	-1.759532e-02
4	5	-1.363637e-02
5	5	6.706584e+00
54	5	-6.692948e+00
6	6	1.013435e+01
59	6	-1.004344e+01
64	6	-9.090909e-02
7	7	1.025114e+01
45	7	-5.080113e+00
48	7	-5.080113e+00
63	7	-9.090909e-02
8	8	1.025114e+01
9	8	-9.090909e-02
27	8	-5.080113e+00
49	8	-5.080113e+00
8	9	-9.090909e-02
9	9	1.016892e+01
58	9	-1.007801e+01
10	10	9.974383e+00
60	10	-9.883474e+00
62	10	-9.090909e-02
11	11	4.653662e+00
17	11	-6.726352e-02
22	11	-4.586399e+00
12	12	4.610363e+00
36	12	-4.586399e+00
56	12	-2.396403e-02
13	13	3.446296e+00
18	13	-2.931442e-01
51	13	-3.153152e+00
14	14	5.109327e+00
53	14	-8.720449e-02
65	14	-5.022122e+00
15	15	7.873244e+00
57	15	-3.063679e+00
63	15	-4.809565e+00
16	16	3.254721e+00
17	16	-3.102218e+00
57	16	-1.525030e-01
11	17	-6.726352e-02
16	17	-3.102218e+00
17	17	3.169482e+00
13	18	-2.931442e-01
18	18	5.315267e+00
65	18	-5.022122e+00
19	19	2.242423e+00
47	19	-2.162298e+00
49	19	-8.012499e-02
20	20	5.335080e+00
44	20	-2.165679e+00
45	20	-3.169401e+00
21	21	3.737442e-01
22	21	-1.818182e-01
43	21	-1.919261e-01
11	22	-4.586399e+00
21	22	-1.818182e-01
22	22	4.768217e+00
23	23	3.305100e+00
43	23	-1.818182e-01
52	23	-3.123282e+00
24	24	2.737173e-01
36	24	-1.818182e-01
42	24	-9.189909e-02
25	25	3.305100e+00
42	25	-1.818182e-01
51	25	-3.123282e+00
26	26	1.505796e+01
50	26	-4.111352e+00
62	26	-1.094661e+01
8	27	-5.080113e+00
27	27	5.218247e+00
50	27	-1.381336e-01
28	28	1.505796e+01
46	28	-4.111352e+00
64	28	-1.094661e+01
2	29	-6.218093e+00
29	29	6.244168e+00
41	29	-2.607494e-02
30	30	9.090909e-03
60	30	-9.090909e-03
31	31	9.090909e-03
61	31	-9.090909e-03
32	32	9.090909e-03
58	32	-9.090909e-03
33	33	9.090909e-03
59	33	-9.090909e-03
34	34	1.240182e-02
40	34	-1.240182e-02
35	35	5.411255e-03
39	35	-5.411255e-03
12	36	-4.586399e+00
24	36	-1.818182e-01
36	36	4.768217e+00
37	37	3.242105e+00
52	37	-3.153152e+00
55	37	-8.895294e-02
3	38	-1.363637e-02
38	38	2.976540e-02
39	38	-1.612903e-02
35	39	-5.411255e-03
38	39	-1.612903e-02
39	39	2.154029e-02
4	40	-1.759532e-02
34	40	-1.240182e-02
40	40	2.999714e-02
1	41	-6.218093e+00
29	41	-2.607494e-02
41	41	6.244168e+00
24	42	-9.189909e-02
25	42	-1.818182e-01
42	42	2.737173e-01
21	43	-1.919261e-01
23	43	-1.818182e-01
43	43	3.737442e-01
20	44	-2.165679e+00
44	44	2.257545e+00
46	44	-9.186617e-02
7	45	-5.080113e+00
20	45	-3.169401e+00
45	45	8.249515e+00
28	46	-4.111352e+00
44	46	-9.186617e-02
46	46	4.203218e+00
19	47	-2.162298e+00
47	47	2.593033e+00
48	47	-4.307356e-01
7	48	-5.080113e+00
47	48	-4.307356e-01
48	48	5.510849e+00
8	49	-5.080113e+00
19	49	-8.012499e-02
49	49	5.160238e+00
26	50	-4.111352e+00
27	50	-1.381336e-01
50	50	4.249485e+00
13	51	-3.153152e+00
25	51	-3.123282e+00
51	51	6.276434e+00
23	52	-3.123282e+00
37	52	-3.153152e+00
52	52	6.276434e+00
14	53	-8.720449e-02
53	53	1.500133e+00
54	53	-1.412928e+00
5	54	-6.692948e+00
53	54	-1.412928e+00
54	54	8.105876e+00
37	55	-8.895294e-02
55	55	1.127522e+00
56	55	-1.038569e+00
12	56	-2.396403e-02
55	56	-1.038569e+00
56	56	1.062533e+00
15	57	-3.063679e+00
16	57	-1.525030e-01
57	57	3.216182e+00
9	58	-1.007801e+01
32	58	-9.090909e-03
58	58	1.008710e+01
6	59	-1.004344e+01
33	59	-9.090909e-03
59	59	1.005253e+01
10	60	-9.883474e+00
30	60	-9.090909e-03
60	60	9.892565e+00
31	61	-9.090909e-03
61	61	9.892565e+00
63	61	-9.883474e+00
10	62	-9.090909e-02
26	62	-1.094661e+01
62	62	1.103752e+01
7	63	-9.090909e-02
15	63	-4.809565e+00
61	63	-9.883474e+00
63	63	1.478395e+01
6	64	-9.090909e-02
28	64	-1.094661e+01
64	64	1.103752e+01
2	65	-9.090909e-02
14	65	-5.022122e+00
18	65	-5.022122e+00
65	65	1.013515e+01
1	66	-9.090909e-02
3	66	-1.001131e+01
66	66	1.010222e+01
