1	1	1.352710e+01
2	1	-9.090909e-02
30	1	-6.218093e+00
51	1	-6.218093e+00
1	2	-9.090909e-02
2	2	2.024529e+01
74	2	-2.015438e+01
3	3	5.848028e+00
4	3	-9.090909e-02
52	3	-5.757119e+00
3	4	-9.090909e-02
4	4	1.010222e+01
90	4	-1.001131e+01
5	5	5.844351e+00
49	5	-5.753442e+00
91	5	-9.090909e-02
6	6	1.002495e+01
48	6	-1.363637e-02
91	6	-1.001131e+01
7	7	5.171022e+00
8	7	-9.090909e-02
68	7	-5.080113e+00
7	8	-9.090909e-02
8	8	1.013435e+01
81	8	-1.004344e+01
9	9	1.191187e+01
20	9	-5.910480e+00
69	9	-5.910480e+00
87	9	-9.090909e-02
10	10	5.116515e+00
70	10	-5.025605e+00
86	10	-9.090909e-02
11	11	1.013435e+01
80	11	-1.004344e+01
85	11	-9.090909e-02
12	12	1.025114e+01
59	12	-5.080113e+00
61	12	-5.080113e+00
82	12	-9.090909e-02
13	13	1.030284e+01
33	13	-2.727270e-02
86	13	-1.027557e+01
14	14	8.555330e+00
34	14	-2.727270e-02
83	14	-8.528057e+00
15	15	1.171987e+01
79	15	-6.633895e+00
82	15	-5.085978e+00
16	16	5.106334e+00
78	16	-4.944351e-02
87	16	-5.056890e+00
17	17	5.151256e+00
46	17	-6.527799e-02
82	17	-5.085978e+00
18	18	4.734642e+00
26	18	-4.586399e+00
77	18	-1.482430e-01
19	19	9.019882e+00
40	19	-1.158757e-01
74	19	-8.904006e+00
9	20	-5.910480e+00
20	20	6.092492e+00
70	20	-1.820118e-01
21	21	2.491658e+00
67	21	-2.183030e+00
69	21	-3.086286e-01
22	22	3.315397e+00
60	22	-1.605510e+00
62	22	-1.709887e+00
23	23	2.289257e+00
57	23	-1.605510e+00
59	23	-6.837467e-01
24	24	2.307144e-01
39	24	-1.818182e-01
54	24	-4.889617e-02
25	25	2.135183e-01
37	25	-1.818182e-01
53	25	-3.170014e-02
18	26	-4.586399e+00
26	26	4.768217e+00
53	26	-1.818182e-01
27	27	3.319730e+00
50	27	-2.037315e+00
51	27	-1.282415e+00
28	28	1.505796e+01
62	28	-4.111352e+00
84	28	-1.094661e+01
29	29	1.505796e+01
58	29	-4.111352e+00
85	29	-1.094661e+01
1	30	-6.218093e+00
30	30	7.250721e+00
49	30	-1.032628e+00
31	31	9.090909e-03
81	31	-9.090909e-03
32	32	9.090909e-03
80	32	-9.090909e-03
13	33	-2.727270e-02
33	33	2.727270e-02
14	34	-2.727270e-02
34	34	2.727270e-02
35	35	2.480362e-02
89	35	-2.480362e-02
36	36	1.082251e-02
88	36	-1.082251e-02
25	37	-1.818182e-01
37	37	4.768217e+00
44	37	-4.586399e+00
38	38	3.163128e+00
54	38	-1.818182e-01
72	38	-2.981310e+00
24	39	-1.818182e-01
39	39	4.768217e+00
77	39	-4.586399e+00
19	40	-1.158757e-01
40	40	3.172456e+00
41	40	-3.056580e+00
40	41	-3.056580e+00
41	41	3.510179e+00
75	41	-4.535991e-01
42	42	9.602702e+00
71	42	-5.370829e+00
76	42	-4.231873e+00
43	43	4.201421e+00
44	43	-4.339637e-01
45	43	-3.767457e+00
37	44	-4.586399e+00
43	44	-4.339637e-01
44	44	5.020362e+00
43	45	-3.767457e+00
45	45	4.750258e+00
71	45	-9.828010e-01
17	46	-6.527799e-02
46	46	1.490795e+00
73	46	-1.425517e+00
47	47	2.080483e-02
89	47	-7.168459e-03
90	47	-1.363637e-02
6	48	-1.363637e-02
48	48	3.123169e-02
88	48	-1.759532e-02
5	49	-5.753442e+00
30	49	-1.032628e+00
49	49	6.786070e+00
27	50	-2.037315e+00
50	50	2.447330e+00
52	50	-4.100142e-01
1	51	-6.218093e+00
27	51	-1.282415e+00
51	51	7.500508e+00
3	52	-5.757119e+00
50	52	-4.100142e-01
52	52	6.167133e+00
25	53	-3.170014e-02
26	53	-1.818182e-01
53	53	2.135183e-01
24	54	-4.889617e-02
38	54	-1.818182e-01
54	54	2.307144e-01
55	55	1.707284e+00
56	55	-1.605510e+00
57	55	-1.017738e-01
55	56	-1.605510e+00
56	56	5.945995e+00
58	56	-4.340485e+00
23	57	-1.605510e+00
55	57	-1.017738e-01
57	57	1.707284e+00
29	58	-4.111352e+00
56	58	-4.340485e+00
58	58	8.451837e+00
12	59	-5.080113e+00
23	59	-6.837467e-01
59	59	5.763860e+00
22	60	-1.605510e+00
60	60	1.798153e+00
61	60	-1.926433e-01
12	61	-5.080113e+00
60	61	-1.926433e-01
61	61	5.272757e+00
22	62	-1.709887e+00
28	62	-4.111352e+00
62	62	5.821239e+00
63	63	2.438477e+00
64	63	-2.193492e+00
65	63	-2.449846e-01
63	64	-2.193492e+00
64	64	6.533977e+00
68	64	-4.340485e+00
63	65	-2.449846e-01
65	65	2.437563e+00
66	65	-2.192579e+00
65	66	-2.192579e+00
66	66	2.728772e+00
67	66	-5.361930e-01
21	67	-2.183030e+00
66	67	-5.361930e-01
67	67	2.719223e+00
7	68	-5.080113e+00
64	68	-4.340485e+00
68	68	9.420598e+00
9	69	-5.910480e+00
21	69	-3.086286e-01
69	69	6.219109e+00
10	70	-5.025605e+00
20	70	-1.820118e-01
70	70	5.207617e+00
42	71	-5.370829e+00
45	71	-9.828010e-01
71	71	6.353630e+00
38	72	-2.981310e+00
72	72	6.986513e+01
73	72	-6.688382e+01
46	73	-1.425517e+00
72	73	-6.688382e+01
73	73	6.830933e+01
2	74	-2.015438e+01
19	74	-8.904006e+00
74	74	2.905839e+01
41	75	-4.535991e-01
75	75	8.221703e-01
76	75	-3.685712e-01
42	76	-4.231873e+00
75	76	-3.685712e-01
76	76	4.600444e+00
18	77	-1.482430e-01
39	77	-4.586399e+00
77	77	4.734642e+00
16	78	-4.944351e-02
78	78	2.105170e+00
79	78	-2.055727e+00
15	79	-6.633895e+00
78	79	-2.055727e+00
79	79	8.689622e+00
11	80	-1.004344e+01
32	80	-9.090909e-03
80	80	1.005253e+01
8	81	-1.004344e+01
31	81	-9.090909e-03
81	81	1.005253e+01
12	82	-9.090909e-02
15	82	-5.085978e+00
17	82	-5.085978e+00
82	82	1.026287e+01
14	83	-8.528057e+00
83	83	8.618966e+00
84	83	-9.090909e-02
28	84	-1.094661e+01
83	84	-9.090909e-02
84	84	1.103752e+01
11	85	-9.090909e-02
29	85	-1.094661e+01
85	85	1.103752e+01
10	86	-9.090909e-02
13	86	-1.027557e+01
86	86	1.036648e+01
9	87	-9.090909e-02
16	87	-5.056890e+00
87	87	5.147799e+00
36	88	-1.082251e-02
48	88	-1.759532e-02
88	88	2.841783e-02
35	89	-2.480362e-02
47	89	-7.168459e-03
89	89	3.197208e-02
4	90	-1.001131e+01
47	90	-1.363637e-02
90	90	1.002495e+01
5	91	-9.090909e-02
6	91	-1.001131e+01
91	91	1.010222e+01
