1	1	1.352710e+01
32	1	-6.218093e+00
69	1	-6.218093e+00
98	1	-9.090909e-02
2	2	5.848028e+00
3	2	-9.090909e-02
70	2	-5.757119e+00
2	3	-9.090909e-02
3	3	1.010222e+01
96	3	-1.001131e+01
4	4	5.844351e+00
64	4	-5.753442e+00
97	4	-9.090909e-02
5	5	1.002495e+01
60	5	-1.363637e-02
97	5	-1.001131e+01
6	6	7.342173e+00
7	6	-9.090909e-02
66	6	-7.251264e+00
6	7	-9.090909e-02
7	7	4.013608e+01
81	7	-4.004517e+01
8	8	7.362420e+00
94	8	-7.271511e+00
95	8	-9.090909e-02
9	9	1.169722e+01
10	9	-9.090909e-02
72	9	-5.803157e+00
75	9	-5.803157e+00
9	10	-9.090909e-02
10	10	5.176888e+00
46	10	-5.085978e+00
11	11	2.349696e+00
36	11	-9.090909e-03
94	11	-2.340605e+00
12	12	2.765826e+00
37	12	-9.090909e-03
80	12	-2.756735e+00
13	13	5.171022e+00
77	13	-5.080113e+00
88	13	-9.090909e-02
14	14	5.171022e+00
15	14	-9.090909e-02
25	14	-5.080113e+00
14	15	-9.090909e-02
15	15	1.616831e+01
16	15	-1.607740e+01
15	16	-1.607740e+01
16	16	1.609104e+01
53	16	-1.363637e-02
17	17	2.080483e-02
18	17	-1.363637e-02
87	17	-7.168459e-03
17	18	-1.363637e-02
18	18	9.312415e+00
88	18	-9.298779e+00
19	19	5.733052e+00
21	19	-3.767457e+00
85	19	-1.965594e+00
20	20	3.300432e+00
78	20	-3.153152e+00
83	20	-1.472804e-01
19	21	-3.767457e+00
21	21	2.678761e+01
84	21	-2.302015e+01
22	22	1.242810e+00
23	22	-1.158757e-01
93	22	-1.126935e+00
22	23	-1.158757e-01
23	23	9.019882e+00
79	23	-8.904006e+00
24	24	5.316385e+00
49	24	-2.523965e-02
57	24	-5.291145e+00
14	25	-5.080113e+00
25	25	5.253492e+00
77	25	-1.733790e-01
26	26	6.237775e+00
55	26	-6.218093e+00
76	26	-1.968128e-02
27	27	5.768452e+00
65	27	-3.761746e+00
74	27	-2.006706e+00
28	28	2.430294e+00
71	28	-2.020280e+00
72	28	-4.100142e-01
29	29	3.319730e+00
68	29	-2.037315e+00
69	29	-1.282415e+00
30	30	6.267117e+00
58	30	-6.218093e+00
67	30	-4.902369e-02
31	31	9.484065e+01
73	31	-8.757258e+01
95	31	-7.268076e+00
1	32	-6.218093e+00
32	32	7.250721e+00
64	32	-1.032628e+00
33	33	4.974383e+00
45	33	-4.961376e+00
63	33	-1.300744e-02
34	34	5.143194e+00
35	34	-1.818182e-01
63	34	-4.961376e+00
34	35	-1.818182e-01
35	35	2.528838e-01
61	35	-7.106563e-02
11	36	-9.090909e-03
36	36	9.090909e-03
12	37	-9.090909e-03
37	37	9.090909e-03
38	38	2.480362e-02
87	38	-2.480362e-02
39	39	2.480362e-02
90	39	-2.480362e-02
40	40	1.082251e-02
86	40	-1.082251e-02
41	41	1.082251e-02
89	41	-1.082251e-02
42	42	3.305100e+00
61	42	-1.818182e-01
78	42	-3.123282e+00
43	43	2.624269e-01
44	43	-1.818182e-01
62	43	-8.060876e-02
43	44	-1.818182e-01
44	44	1.585291e+00
52	44	-1.403473e+00
33	45	-4.961376e+00
45	45	5.143194e+00
62	45	-1.818182e-01
10	46	-5.085978e+00
46	46	5.258287e+00
47	46	-1.723086e-01
46	47	-1.723086e-01
47	47	3.228889e+00
48	47	-3.056580e+00
47	48	-3.056580e+00
48	48	4.004277e+00
51	48	-9.476966e-01
24	49	-2.523965e-02
49	49	5.316385e+00
91	49	-5.291145e+00
50	50	5.163341e+00
52	50	-7.736285e-02
91	50	-5.085978e+00
48	51	-9.476966e-01
51	51	6.033675e+00
92	51	-5.085978e+00
44	52	-1.403473e+00
50	52	-7.736285e-02
52	52	1.480836e+00
16	53	-1.363637e-02
53	53	3.123169e-02
86	53	-1.759532e-02
54	54	6.309002e+00
76	54	-6.218093e+00
91	54	-9.090909e-02
26	55	-6.218093e+00
55	55	6.309002e+00
92	55	-9.090909e-02
56	56	6.309002e+00
67	56	-6.218093e+00
93	56	-9.090909e-02
24	57	-5.291145e+00
57	57	5.382054e+00
58	57	-9.090909e-02
30	58	-6.218093e+00
57	58	-9.090909e-02
58	58	6.309002e+00
59	59	2.080483e-02
90	59	-7.168459e-03
96	59	-1.363637e-02
5	60	-1.363637e-02
60	60	3.123169e-02
89	60	-1.759532e-02
35	61	-7.106563e-02
42	61	-1.818182e-01
61	61	2.528838e-01
43	62	-8.060876e-02
45	62	-1.818182e-01
62	62	2.624269e-01
33	63	-1.300744e-02
34	63	-4.961376e+00
63	63	4.974383e+00
4	64	-5.753442e+00
32	64	-1.032628e+00
64	64	6.786070e+00
27	65	-3.761746e+00
65	65	9.133432e+01
66	65	-8.757258e+01
6	66	-7.251264e+00
65	66	-8.757258e+01
66	66	9.482384e+01
30	67	-4.902369e-02
56	67	-6.218093e+00
67	67	6.267117e+00
29	68	-2.037315e+00
68	68	2.447330e+00
70	68	-4.100142e-01
1	69	-6.218093e+00
29	69	-1.282415e+00
69	69	7.500508e+00
2	70	-5.757119e+00
68	70	-4.100142e-01
70	70	6.167133e+00
28	71	-2.020280e+00
71	71	4.990080e+00
73	71	-2.969800e+00
9	72	-5.803157e+00
28	72	-4.100142e-01
72	72	6.213171e+00
31	73	-8.757258e+01
71	73	-2.969800e+00
73	73	9.054238e+01
27	74	-2.006706e+00
74	74	2.456399e+00
75	74	-4.496929e-01
9	75	-5.803157e+00
74	75	-4.496929e-01
75	75	6.252850e+00
26	76	-1.968128e-02
54	76	-6.218093e+00
76	76	6.237775e+00
13	77	-5.080113e+00
25	77	-1.733790e-01
77	77	5.253492e+00
20	78	-3.153152e+00
42	78	-3.123282e+00
78	78	6.276434e+00
23	79	-8.904006e+00
79	79	2.905839e+01
98	79	-2.015438e+01
12	80	-2.756735e+00
80	80	1.002825e+01
81	80	-7.271511e+00
7	81	-4.004517e+01
80	81	-7.271511e+00
81	81	4.731668e+01
82	82	5.118623e+00
83	82	-1.770783e+00
84	82	-3.347841e+00
20	83	-1.472804e-01
82	83	-1.770783e+00
83	83	1.918063e+00
21	84	-2.302015e+01
82	84	-3.347841e+00
84	84	2.636799e+01
19	85	-1.965594e+00
85	85	6.427350e+00
88	85	-4.461756e+00
40	86	-1.082251e-02
53	86	-1.759532e-02
86	86	2.841783e-02
17	87	-7.168459e-03
38	87	-2.480362e-02
87	87	3.197208e-02
13	88	-9.090909e-02
18	88	-9.298779e+00
85	88	-4.461756e+00
88	88	1.385144e+01
41	89	-1.082251e-02
60	89	-1.759532e-02
89	89	2.841783e-02
39	90	-2.480362e-02
59	90	-7.168459e-03
90	90	3.197208e-02
49	91	-5.291145e+00
50	91	-5.085978e+00
54	91	-9.090909e-02
91	91	1.046803e+01
51	92	-5.085978e+00
55	92	-9.090909e-02
92	92	5.176888e+00
22	93	-1.126935e+00
56	93	-9.090909e-02
93	93	1.217844e+00
8	94	-7.271511e+00
11	94	-2.340605e+00
94	94	9.612116e+00
8	95	-9.090909e-02
31	95	-7.268076e+00
95	95	7.358985e+00
3	96	-1.001131e+01
59	96	-1.363637e-02
96	96	1.002495e+01
4	97	-9.090909e-02
5	97	-1.001131e+01
97	97	1.010222e+01
1	98	-9.090909e-02
79	98	-2.015438e+01
98	98	2.024529e+01
