1	1	8.342173e+00
2	1	-9.090909e-02
52	1	-7.251264e+00
1	2	-9.090909e-02
2	2	4.013608e+01
83	2	-4.004517e+01
3	3	7.362420e+00
101	3	-7.271511e+00
102	3	-9.090909e-02
4	4	1.169722e+01
5	4	-9.090909e-02
66	4	-5.803157e+00
69	4	-5.803157e+00
4	5	-9.090909e-02
5	5	5.176888e+00
39	5	-5.085978e+00
6	6	2.349696e+00
32	6	-9.090909e-03
101	6	-2.340605e+00
7	7	2.765826e+00
33	7	-9.090909e-03
82	7	-2.756735e+00
8	8	5.894066e+00
62	8	-5.803157e+00
100	8	-9.090909e-02
9	9	7.389753e+00
64	9	-7.298844e+00
99	9	-9.090909e-02
10	10	1.252710e+01
38	10	-6.218093e+00
70	10	-6.218093e+00
97	10	-9.090909e-02
11	11	6.198115e+00
12	11	-9.090909e-02
75	11	-6.107206e+00
11	12	-9.090909e-02
12	12	5.176888e+00
19	12	-5.085978e+00
13	13	6.197854e+00
76	13	-6.106945e+00
96	13	-9.090909e-02
14	14	3.123169e-02
15	14	-1.363637e-02
47	14	-1.759532e-02
14	15	-1.363637e-02
15	15	6.753271e+00
81	15	-6.739634e+00
16	16	2.080483e-02
17	16	-1.363637e-02
49	16	-7.168459e-03
16	17	-1.363637e-02
17	17	6.716498e+00
78	17	-6.702862e+00
18	18	2.080483e-02
50	18	-7.168459e-03
94	18	-1.363637e-02
12	19	-5.085978e+00
19	19	5.844134e+00
91	19	-7.581559e-01
20	20	5.149613e+00
44	20	-5.085978e+00
85	20	-6.363428e-02
21	21	5.158282e+00
22	21	-7.230397e-02
100	21	-5.085978e+00
21	22	-7.230397e-02
22	22	5.158282e+00
97	22	-5.085978e+00
23	23	5.112802e+00
80	23	-1.695501e-01
99	23	-4.943251e+00
24	24	5.667279e+00
88	24	-6.864549e-01
96	24	-4.980824e+00
25	25	1.171987e+01
79	25	-6.633895e+00
100	25	-5.085978e+00
26	26	3.205333e+00
74	26	-2.177658e+00
75	26	-1.027675e+00
27	27	6.293228e+00
46	27	-6.218093e+00
70	27	-7.513487e-02
28	28	5.768452e+00
51	28	-3.761746e+00
68	28	-2.006706e+00
29	29	2.430294e+00
65	29	-2.020280e+00
66	29	-4.100142e-01
30	30	2.333534e+00
61	30	-2.173181e+00
63	30	-1.603533e-01
31	31	9.484065e+01
67	31	-8.757258e+01
102	31	-7.268076e+00
6	32	-9.090909e-03
32	32	9.090909e-03
7	33	-9.090909e-03
33	33	9.090909e-03
34	34	2.480362e-02
50	34	-2.480362e-02
35	35	2.480362e-02
49	35	-2.480362e-02
36	36	1.082251e-02
48	36	-1.082251e-02
37	37	1.082251e-02
47	37	-1.082251e-02
10	38	-6.218093e+00
38	38	6.435955e+00
71	38	-2.178621e-01
5	39	-5.085978e+00
39	39	5.258287e+00
40	39	-1.723086e-01
39	40	-1.723086e-01
40	40	3.228889e+00
41	40	-3.056580e+00
40	41	-3.056580e+00
41	41	4.235937e+00
42	41	-1.179357e+00
41	42	-1.179357e+00
42	42	6.265335e+00
98	42	-5.085978e+00
43	43	3.123169e-02
48	43	-1.759532e-02
95	43	-1.363637e-02
20	44	-5.085978e+00
44	44	5.176888e+00
45	44	-9.090909e-02
44	45	-9.090909e-02
45	45	6.309002e+00
71	45	-6.218093e+00
27	46	-6.218093e+00
46	46	6.309002e+00
98	46	-9.090909e-02
14	47	-1.759532e-02
37	47	-1.082251e-02
47	47	2.841783e-02
36	48	-1.082251e-02
43	48	-1.759532e-02
48	48	2.841783e-02
16	49	-7.168459e-03
35	49	-2.480362e-02
49	49	3.197208e-02
18	50	-7.168459e-03
34	50	-2.480362e-02
50	50	3.197208e-02
28	51	-3.761746e+00
51	51	9.133432e+01
52	51	-8.757258e+01
1	52	-7.251264e+00
51	52	-8.757258e+01
52	52	9.482384e+01
53	53	2.683519e+00
54	53	-2.037315e+00
55	53	-6.462036e-01
53	54	-2.037315e+00
54	54	2.164509e+00
62	54	-1.271939e-01
53	55	-6.462036e-01
55	55	2.683519e+00
56	55	-2.037315e+00
55	56	-2.037315e+00
56	56	4.052538e+00
57	56	-2.015223e+00
56	57	-2.015223e+00
57	57	4.186158e+00
58	57	-2.170935e+00
57	58	-2.170935e+00
58	58	2.290736e+00
59	58	-1.198009e-01
58	59	-1.198009e-01
59	59	2.290557e+00
60	59	-2.170756e+00
59	60	-2.170756e+00
60	60	2.460121e+00
61	60	-2.893652e-01
30	61	-2.173181e+00
60	61	-2.893652e-01
61	61	2.462546e+00
8	62	-5.803157e+00
54	62	-1.271939e-01
62	62	5.930351e+00
30	63	-1.603533e-01
63	63	8.774060e+01
64	63	-8.758025e+01
9	64	-7.298844e+00
63	64	-8.758025e+01
64	64	9.487909e+01
29	65	-2.020280e+00
65	65	4.990080e+00
67	65	-2.969800e+00
4	66	-5.803157e+00
29	66	-4.100142e-01
66	66	6.213171e+00
31	67	-8.757258e+01
65	67	-2.969800e+00
67	67	9.054238e+01
28	68	-2.006706e+00
68	68	2.456399e+00
69	68	-4.496929e-01
4	69	-5.803157e+00
68	69	-4.496929e-01
69	69	6.252850e+00
10	70	-6.218093e+00
27	70	-7.513487e-02
70	70	6.293228e+00
38	71	-2.178621e-01
45	71	-6.218093e+00
71	71	6.435955e+00
72	72	2.289933e+00
73	72	-2.184417e+00
74	72	-1.055156e-01
72	73	-2.184417e+00
73	73	2.302417e+00
76	73	-1.180002e-01
26	74	-2.177658e+00
72	74	-1.055156e-01
74	74	2.283173e+00
11	75	-6.107206e+00
26	75	-1.027675e+00
75	75	7.134881e+00
13	76	-6.106945e+00
73	76	-1.180002e-01
76	76	6.224945e+00
77	77	4.948136e+00
78	77	-1.596694e+00
79	77	-3.351442e+00
17	78	-6.702862e+00
77	78	-1.596694e+00
78	78	8.299556e+00
25	79	-6.633895e+00
77	79	-3.351442e+00
79	79	9.985338e+00
23	80	-1.695501e-01
80	80	1.582478e+00
81	80	-1.412928e+00
15	81	-6.739634e+00
80	81	-1.412928e+00
81	81	8.152563e+00
7	82	-2.756735e+00
82	82	1.002825e+01
83	82	-7.271511e+00
2	83	-4.004517e+01
82	83	-7.271511e+00
83	83	4.731668e+01
84	84	1.559331e+00
85	84	-1.412928e+00
86	84	-1.464026e-01
20	85	-6.363428e-02
84	85	-1.412928e+00
85	85	1.476563e+00
84	86	-1.464026e-01
86	86	4.190189e+00
87	86	-4.043786e+00
86	87	-4.043786e+00
87	87	1.073673e+01
95	87	-6.692948e+00
24	88	-6.864549e-01
88	88	2.099383e+00
89	88	-1.412928e+00
88	89	-1.412928e+00
89	89	8.105876e+00
95	89	-6.692948e+00
90	90	2.350273e+00
91	90	-2.068047e+00
92	90	-2.822260e-01
19	91	-7.581559e-01
90	91	-2.068047e+00
91	91	2.826203e+00
90	92	-2.822260e-01
92	92	1.878920e+00
93	92	-1.596694e+00
92	93	-1.596694e+00
93	93	8.299556e+00
94	93	-6.702862e+00
18	94	-1.363637e-02
93	94	-6.702862e+00
94	94	6.716498e+00
43	95	-1.363637e-02
87	95	-6.692948e+00
89	95	-6.692948e+00
95	95	1.339953e+01
13	96	-9.090909e-02
24	96	-4.980824e+00
96	96	5.071733e+00
10	97	-9.090909e-02
22	97	-5.085978e+00
97	97	5.176888e+00
42	98	-5.085978e+00
46	98	-9.090909e-02
98	98	5.176888e+00
9	99	-9.090909e-02
23	99	-4.943251e+00
99	99	5.034161e+00
8	100	-9.090909e-02
21	100	-5.085978e+00
25	100	-5.085978e+00
100	100	1.026287e+01
3	101	-7.271511e+00
6	101	-2.340605e+00
101	101	9.612116e+00
3	102	-9.090909e-02
31	102	-7.268076e+00
102	102	7.358985e+00
