1	1	1.352710e+01
2	1	-9.090909e-02
32	1	-6.218093e+00
75	1	-6.218093e+00
1	2	-9.090909e-02
2	2	2.024529e+01
80	2	-2.015438e+01
3	3	5.848028e+00
4	3	-9.090909e-02
76	3	-5.757119e+00
3	4	-9.090909e-02
4	4	1.010222e+01
94	4	-1.001131e+01
5	5	5.844351e+00
63	5	-5.753442e+00
95	5	-9.090909e-02
6	6	1.002495e+01
59	6	-1.363637e-02
95	6	-1.001131e+01
7	7	7.342173e+00
8	7	-9.090909e-02
62	7	-7.251264e+00
7	8	-9.090909e-02
8	8	4.013608e+01
79	8	-4.004517e+01
9	9	7.362420e+00
20	9	-7.271511e+00
93	9	-9.090909e-02
10	10	1.169722e+01
70	10	-5.803157e+00
73	10	-5.803157e+00
92	10	-9.090909e-02
11	11	1.252710e+01
12	11	-9.090909e-02
34	11	-6.218093e+00
65	11	-6.218093e+00
11	12	-9.090909e-02
12	12	2.024529e+01
78	12	-2.015438e+01
13	13	5.848028e+00
14	13	-9.090909e-02
66	13	-5.757119e+00
13	14	-9.090909e-02
14	14	1.010222e+01
88	14	-1.001131e+01
15	15	5.844351e+00
60	15	-5.753442e+00
89	15	-9.090909e-02
16	16	1.002495e+01
57	16	-1.363637e-02
89	16	-1.001131e+01
17	17	6.309002e+00
30	17	-6.218093e+00
85	17	-9.090909e-02
18	18	5.107809e+00
48	18	-2.183096e-02
52	18	-5.085978e+00
19	19	9.019882e+00
45	19	-1.158757e-01
80	19	-8.904006e+00
9	20	-7.271511e+00
20	20	9.612116e+00
91	20	-2.340605e+00
21	21	1.002825e+01
79	21	-7.271511e+00
90	21	-2.756735e+00
22	22	1.165278e+01
41	22	-5.593529e+00
42	22	-6.059247e+00
23	23	9.019882e+00
41	23	-1.158757e-01
78	23	-8.904006e+00
24	24	5.258287e+00
44	24	-1.723086e-01
92	24	-5.085978e+00
25	25	6.266157e+00
55	25	-6.218093e+00
77	25	-4.806329e-02
26	26	3.319730e+00
74	26	-2.037315e+00
75	26	-1.282415e+00
27	27	5.768452e+00
61	27	-3.761746e+00
72	27	-2.006706e+00
28	28	2.430294e+00
69	28	-2.020280e+00
70	28	-4.100142e-01
29	29	6.269204e+00
53	29	-6.218093e+00
68	29	-5.111063e-02
17	30	-6.218093e+00
30	30	6.291090e+00
67	30	-7.299643e-02
31	31	3.319730e+00
64	31	-2.037315e+00
65	31	-1.282415e+00
1	32	-6.218093e+00
32	32	7.250721e+00
63	32	-1.032628e+00
33	33	9.484065e+01
71	33	-8.757258e+01
93	33	-7.268076e+00
11	34	-6.218093e+00
34	34	7.250721e+00
60	34	-1.032628e+00
35	35	9.090909e-03
91	35	-9.090909e-03
36	36	9.090909e-03
90	36	-9.090909e-03
37	37	2.480362e-02
84	37	-2.480362e-02
38	38	2.480362e-02
83	38	-2.480362e-02
39	39	1.082251e-02
82	39	-1.082251e-02
40	40	1.082251e-02
81	40	-1.082251e-02
22	41	-5.593529e+00
23	41	-1.158757e-01
41	41	5.709405e+00
22	42	-6.059247e+00
42	42	1.222007e+01
85	42	-6.160822e+00
43	43	4.004277e+00
44	43	-3.056580e+00
47	43	-9.476966e-01
24	44	-1.723086e-01
43	44	-3.056580e+00
44	44	3.228889e+00
19	45	-1.158757e-01
45	45	5.709405e+00
49	45	-5.593529e+00
46	46	1.222007e+01
49	46	-6.059247e+00
86	46	-6.160822e+00
43	47	-9.476966e-01
47	47	6.033675e+00
50	47	-5.085978e+00
18	48	-2.183096e-02
48	48	5.107809e+00
87	48	-5.085978e+00
45	49	-5.593529e+00
46	49	-6.059247e+00
49	49	1.165278e+01
47	50	-5.085978e+00
50	50	5.176888e+00
51	50	-9.090909e-02
50	51	-9.090909e-02
51	51	6.309002e+00
68	51	-6.218093e+00
18	52	-5.085978e+00
52	52	5.176888e+00
53	52	-9.090909e-02
29	53	-6.218093e+00
52	53	-9.090909e-02
53	53	1.252710e+01
67	53	-6.218093e+00
54	54	6.309002e+00
77	54	-6.218093e+00
86	54	-9.090909e-02
25	55	-6.218093e+00
55	55	6.309002e+00
87	55	-9.090909e-02
56	56	2.080483e-02
83	56	-7.168459e-03
88	56	-1.363637e-02
16	57	-1.363637e-02
57	57	3.123169e-02
81	57	-1.759532e-02
58	58	2.080483e-02
84	58	-7.168459e-03
94	58	-1.363637e-02
6	59	-1.363637e-02
59	59	3.123169e-02
82	59	-1.759532e-02
15	60	-5.753442e+00
34	60	-1.032628e+00
60	60	6.786070e+00
27	61	-3.761746e+00
61	61	9.133432e+01
62	61	-8.757258e+01
7	62	-7.251264e+00
61	62	-8.757258e+01
62	62	9.482384e+01
5	63	-5.753442e+00
32	63	-1.032628e+00
63	63	6.786070e+00
31	64	-2.037315e+00
64	64	2.447330e+00
66	64	-4.100142e-01
11	65	-6.218093e+00
31	65	-1.282415e+00
65	65	7.500508e+00
13	66	-5.757119e+00
64	66	-4.100142e-01
66	66	6.167133e+00
30	67	-7.299643e-02
53	67	-6.218093e+00
67	67	6.291090e+00
29	68	-5.111063e-02
51	68	-6.218093e+00
68	68	6.269204e+00
28	69	-2.020280e+00
69	69	4.990080e+00
71	69	-2.969800e+00
10	70	-5.803157e+00
28	70	-4.100142e-01
70	70	6.213171e+00
33	71	-8.757258e+01
69	71	-2.969800e+00
71	71	9.054238e+01
27	72	-2.006706e+00
72	72	2.456399e+00
73	72	-4.496929e-01
10	73	-5.803157e+00
72	73	-4.496929e-01
73	73	6.252850e+00
26	74	-2.037315e+00
74	74	2.447330e+00
76	74	-4.100142e-01
1	75	-6.218093e+00
26	75	-1.282415e+00
75	75	7.500508e+00
3	76	-5.757119e+00
74	76	-4.100142e-01
76	76	6.167133e+00
25	77	-4.806329e-02
54	77	-6.218093e+00
77	77	6.266157e+00
12	78	-2.015438e+01
23	78	-8.904006e+00
78	78	2.905839e+01
8	79	-4.004517e+01
21	79	-7.271511e+00
79	79	4.731668e+01
2	80	-2.015438e+01
19	80	-8.904006e+00
80	80	2.905839e+01
40	81	-1.082251e-02
57	81	-1.759532e-02
81	81	2.841783e-02
39	82	-1.082251e-02
59	82	-1.759532e-02
82	82	2.841783e-02
38	83	-2.480362e-02
56	83	-7.168459e-03
83	83	3.197208e-02
37	84	-2.480362e-02
58	84	-7.168459e-03
84	84	3.197208e-02
17	85	-9.090909e-02
42	85	-6.160822e+00
85	85	6.251731e+00
46	86	-6.160822e+00
54	86	-9.090909e-02
86	86	6.251731e+00
48	87	-5.085978e+00
55	87	-9.090909e-02
87	87	5.176888e+00
14	88	-1.001131e+01
56	88	-1.363637e-02
88	88	1.002495e+01
15	89	-9.090909e-02
16	89	-1.001131e+01
89	89	1.010222e+01
21	90	-2.756735e+00
36	90	-9.090909e-03
90	90	2.765826e+00
20	91	-2.340605e+00
35	91	-9.090909e-03
91	91	2.349696e+00
10	92	-9.090909e-02
24	92	-5.085978e+00
92	92	5.176888e+00
9	93	-9.090909e-02
33	93	-7.268076e+00
93	93	7.358985e+00
4	94	-1.001131e+01
58	94	-1.363637e-02
94	94	1.002495e+01
5	95	-9.090909e-02
6	95	-1.001131e+01
95	95	1.010222e+01
