1	1	1.352710e+01
2	1	-9.090909e-02
45	1	-6.218093e+00
89	1	-6.218093e+00
1	2	-9.090909e-02
2	2	2.024529e+01
103	2	-2.015438e+01
3	3	5.848028e+00
4	3	-9.090909e-02
90	3	-5.757119e+00
3	4	-9.090909e-02
4	4	1.010222e+01
114	4	-1.001131e+01
5	5	5.844351e+00
69	5	-5.753442e+00
115	5	-9.090909e-02
6	6	1.002495e+01
62	6	-1.363637e-02
115	6	-1.001131e+01
7	7	6.309002e+00
8	7	-9.090909e-02
91	7	-6.218093e+00
7	8	-9.090909e-02
8	8	5.104772e+00
19	8	-5.013863e+00
9	9	1.200525e+01
10	9	-9.090909e-02
77	9	-5.957168e+00
79	9	-5.957168e+00
9	10	-9.090909e-02
10	10	5.104772e+00
23	10	-5.013863e+00
11	11	6.048361e+00
40	11	-5.957452e+00
112	11	-9.090909e-02
12	12	2.928185e+01
66	12	-2.919094e+01
111	12	-9.090909e-02
13	13	1.002495e+01
59	13	-1.363637e-02
111	13	-1.001131e+01
14	14	3.123169e-02
15	14	-1.363637e-02
64	14	-1.759532e-02
14	15	-1.363637e-02
15	15	6.706584e+00
99	15	-6.692948e+00
16	16	7.390978e+00
17	16	-9.090909e-02
76	16	-7.300069e+00
16	17	-9.090909e-02
17	17	5.460873e+00
29	17	-5.369964e+00
18	18	1.225144e+01
27	18	-4.971093e+00
104	18	-7.280352e+00
8	19	-5.013863e+00
19	19	5.054043e+00
104	19	-4.017936e-02
20	20	9.019882e+00
55	20	-1.158757e-01
103	20	-8.904006e+00
21	21	8.243013e+00
22	21	-2.527193e+00
92	21	-5.715821e+00
21	22	-2.527193e+00
22	22	2.165544e+01
27	22	-1.912825e+01
10	23	-5.013863e+00
23	23	5.294663e+00
102	23	-2.807995e-01
24	24	4.623761e+00
44	24	-4.586399e+00
100	24	-3.736265e-02
25	25	5.785052e+01
94	25	-4.422587e+00
95	25	-5.342794e+01
26	26	1.603722e+01
93	26	-1.226976e+01
94	26	-3.767457e+00
18	27	-4.971093e+00
22	27	-1.912825e+01
27	27	2.907044e+01
101	27	-4.971093e+00
28	28	1.177893e+01
98	28	-6.692948e+00
112	28	-5.085978e+00
17	29	-5.369964e+00
29	29	1.162250e+01
97	29	-6.252540e+00
30	30	1.340894e+01
96	30	-8.038973e+00
107	30	-5.369964e+00
31	31	2.005659e+01
95	31	-4.038495e+00
107	31	-1.601809e+01
32	32	6.313408e+00
60	32	-6.218093e+00
91	32	-9.531435e-02
33	33	3.319730e+00
88	33	-2.037315e+00
89	33	-1.282415e+00
34	34	2.147197e-01
35	34	-1.818182e-01
87	34	-3.290156e-02
34	35	-1.818182e-01
35	35	4.768217e+00
100	35	-4.586399e+00
36	36	1.303108e+00
37	36	-1.818182e-01
86	36	-1.121290e+00
36	37	-1.818182e-01
37	37	3.461259e+00
92	37	-3.279441e+00
38	38	4.213180e+00
83	38	-2.197957e+00
85	38	-2.015223e+00
39	39	1.683293e+00
81	39	-1.605510e+00
82	39	-7.778288e-02
11	40	-5.957452e+00
40	40	6.202436e+00
77	40	-2.449846e-01
41	41	6.900062e+00
73	41	-2.197875e+00
75	41	-4.702187e+00
42	42	2.005024e-01
43	42	-1.818182e-01
70	42	-1.868418e-02
42	43	-1.818182e-01
43	43	4.768217e+00
57	43	-4.586399e+00
24	44	-4.586399e+00
44	44	4.768217e+00
70	44	-1.818182e-01
1	45	-6.218093e+00
45	45	7.250721e+00
69	45	-1.032628e+00
46	46	3.512731e+01
68	46	-2.821312e+00
85	46	-3.230600e+01
47	47	3.512731e+01
67	47	-2.821312e+00
84	47	-3.230600e+01
48	48	9.487265e+01
74	48	-8.757258e+01
108	48	-7.300069e+00
49	49	9.090909e-03
106	49	-9.090909e-03
50	50	9.090909e-03
105	50	-9.090909e-03
51	51	2.480362e-02
110	51	-2.480362e-02
52	52	1.240182e-02
64	52	-1.240182e-02
53	53	1.082251e-02
109	53	-1.082251e-02
54	54	5.411255e-03
63	54	-5.411255e-03
20	55	-1.158757e-01
55	55	5.709405e+00
58	55	-5.593529e+00
56	56	1.222007e+01
58	56	-6.059247e+00
113	56	-6.160822e+00
43	57	-4.586399e+00
57	57	5.460769e+00
93	57	-8.743705e-01
55	58	-5.593529e+00
56	58	-6.059247e+00
58	58	1.165278e+01
13	59	-1.363637e-02
59	59	2.976540e-02
63	59	-1.612903e-02
32	60	-6.218093e+00
60	60	6.309002e+00
113	60	-9.090909e-02
61	61	2.080483e-02
110	61	-7.168459e-03
114	61	-1.363637e-02
6	62	-1.363637e-02
62	62	3.123169e-02
109	62	-1.759532e-02
54	63	-5.411255e-03
59	63	-1.612903e-02
63	63	2.154029e-02
14	64	-1.759532e-02
52	64	-1.240182e-02
64	64	2.999714e-02
65	65	2.163655e+01
66	65	-1.752520e+01
82	65	-4.111352e+00
12	66	-2.919094e+01
65	66	-1.752520e+01
66	66	4.671614e+01
47	67	-2.821312e+00
67	67	3.512731e+01
86	67	-3.230600e+01
46	68	-2.821312e+00
68	68	3.512731e+01
87	68	-3.230600e+01
5	69	-5.753442e+00
45	69	-1.032628e+00
69	69	6.786070e+00
42	70	-1.868418e-02
44	70	-1.818182e-01
70	70	2.005024e-01
71	71	2.401190e+00
72	71	-2.197875e+00
73	71	-2.033153e-01
71	72	-2.197875e+00
72	72	5.332661e+00
74	72	-3.134786e+00
41	73	-2.197875e+00
71	73	-2.033153e-01
73	73	2.401190e+00
48	74	-8.757258e+01
72	74	-3.134786e+00
74	74	9.070736e+01
41	75	-4.702187e+00
75	75	9.227476e+01
76	75	-8.757258e+01
16	76	-7.300069e+00
75	76	-8.757258e+01
76	76	9.487265e+01
9	77	-5.957168e+00
40	77	-2.449846e-01
77	77	6.202153e+00
78	78	2.373355e+00
79	78	-1.798623e-01
80	78	-2.193492e+00
9	79	-5.957168e+00
78	79	-1.798623e-01
79	79	6.137030e+00
78	80	-2.193492e+00
80	80	2.375660e+00
81	80	-1.821679e-01
39	81	-1.605510e+00
80	81	-1.821679e-01
81	81	1.787678e+00
39	82	-7.778288e-02
65	82	-4.111352e+00
82	82	4.189135e+00
38	83	-2.197957e+00
83	83	2.689865e+00
84	83	-4.919081e-01
47	84	-3.230600e+01
83	84	-4.919081e-01
84	84	3.279791e+01
38	85	-2.015223e+00
46	85	-3.230600e+01
85	85	3.432123e+01
36	86	-1.121290e+00
67	86	-3.230600e+01
86	86	3.342729e+01
34	87	-3.290156e-02
68	87	-3.230600e+01
87	87	3.233890e+01
33	88	-2.037315e+00
88	88	2.447330e+00
90	88	-4.100142e-01
1	89	-6.218093e+00
33	89	-1.282415e+00
89	89	7.500508e+00
3	90	-5.757119e+00
88	90	-4.100142e-01
90	90	6.167133e+00
7	91	-6.218093e+00
32	91	-9.531435e-02
91	91	6.313408e+00
21	92	-5.715821e+00
37	92	-3.279441e+00
92	92	8.995262e+00
26	93	-1.226976e+01
57	93	-8.743705e-01
93	93	1.314413e+01
25	94	-4.422587e+00
26	94	-3.767457e+00
94	94	8.190044e+00
25	95	-5.342794e+01
31	95	-4.038495e+00
95	95	5.746643e+01
30	96	-8.038973e+00
96	96	9.419329e+00
106	96	-1.380356e+00
29	97	-6.252540e+00
97	97	7.742667e+00
105	97	-1.490126e+00
28	98	-6.692948e+00
98	98	8.105876e+00
99	98	-1.412928e+00
15	99	-6.692948e+00
98	99	-1.412928e+00
99	99	8.105876e+00
24	100	-3.736265e-02
35	100	-4.586399e+00
100	100	4.623761e+00
27	101	-4.971093e+00
101	101	1.216922e+01
102	101	-7.198128e+00
23	102	-2.807995e-01
101	102	-7.198128e+00
102	102	7.478928e+00
2	103	-2.015438e+01
20	103	-8.904006e+00
103	103	2.905839e+01
18	104	-7.280352e+00
19	104	-4.017936e-02
104	104	7.320531e+00
50	105	-9.090909e-03
97	105	-1.490126e+00
105	105	1.499217e+00
49	106	-9.090909e-03
96	106	-1.380356e+00
106	106	1.389447e+00
30	107	-5.369964e+00
31	107	-1.601809e+01
107	107	2.147897e+01
108	107	-9.090909e-02
48	108	-7.300069e+00
107	108	-9.090909e-02
108	108	7.390978e+00
53	109	-1.082251e-02
62	109	-1.759532e-02
109	109	2.841783e-02
51	110	-2.480362e-02
61	110	-7.168459e-03
110	110	3.197208e-02
12	111	-9.090909e-02
13	111	-1.001131e+01
111	111	1.010222e+01
11	112	-9.090909e-02
28	112	-5.085978e+00
112	112	5.176888e+00
56	113	-6.160822e+00
60	113	-9.090909e-02
113	113	6.251731e+00
4	114	-1.001131e+01
61	114	-1.363637e-02
114	114	1.002495e+01
5	115	-9.090909e-02
6	115	-1.001131e+01
115	115	1.010222e+01
