1	1	1.352710e+01
2	1	-9.090909e-02
62	1	-6.218093e+00
74	1	-6.218093e+00
1	2	-9.090909e-02
2	2	2.024529e+01
123	2	-2.015438e+01
3	3	5.848028e+00
75	3	-5.757119e+00
132	3	-9.090909e-02
4	4	5.844351e+00
5	4	-9.090909e-02
49	4	-5.753442e+00
4	5	-9.090909e-02
5	5	1.010222e+01
131	5	-1.001131e+01
6	6	1.002495e+01
56	6	-1.363637e-02
132	6	-1.001131e+01
7	7	6.309002e+00
8	7	-9.090909e-02
30	7	-6.218093e+00
7	8	-9.090909e-02
8	8	5.104772e+00
24	8	-5.013863e+00
9	9	1.200525e+01
10	9	-9.090909e-02
42	9	-5.957168e+00
70	9	-5.957168e+00
9	10	-9.090909e-02
10	10	5.104772e+00
23	10	-5.013863e+00
11	11	6.048361e+00
72	11	-5.957452e+00
129	11	-9.090909e-02
12	12	2.928185e+01
13	12	-9.090909e-02
61	12	-2.919094e+01
12	13	-9.090909e-02
13	13	1.010222e+01
126	13	-1.001131e+01
14	14	3.123169e-02
15	14	-1.363637e-02
59	14	-1.759532e-02
14	15	-1.363637e-02
15	15	6.706584e+00
114	15	-6.692948e+00
16	16	7.342173e+00
17	16	-9.090909e-02
66	16	-7.251264e+00
16	17	-9.090909e-02
17	17	4.013608e+01
120	17	-4.004517e+01
18	18	7.362420e+00
124	18	-7.271511e+00
125	18	-9.090909e-02
19	19	1.169722e+01
20	19	-9.090909e-02
108	19	-5.803157e+00
111	19	-5.803157e+00
19	20	-9.090909e-02
20	20	5.176888e+00
28	20	-5.085978e+00
21	21	2.349696e+00
43	21	-9.090909e-03
124	21	-2.340605e+00
22	22	2.765826e+00
44	22	-9.090909e-03
119	22	-2.756735e+00
10	23	-5.013863e+00
23	23	5.048587e+00
24	23	-3.472391e-02
8	24	-5.013863e+00
23	24	-3.472391e-02
24	24	5.048587e+00
25	25	9.019882e+00
51	25	-1.158757e-01
123	25	-8.904006e+00
26	26	5.548085e+00
34	26	-4.586399e+00
122	26	-9.616864e-01
27	27	6.372724e+00
116	27	-2.334229e+00
118	27	-4.038495e+00
20	28	-5.085978e+00
28	28	6.744450e+00
121	28	-1.658471e+00
29	29	1.177893e+01
113	29	-6.692948e+00
129	29	-5.085978e+00
7	30	-6.218093e+00
30	30	6.313408e+00
112	30	-9.531435e-02
31	31	5.768452e+00
65	31	-3.761746e+00
110	31	-2.006706e+00
32	32	2.430294e+00
107	32	-2.020280e+00
108	32	-4.100142e-01
33	33	5.592892e-01
34	33	-1.818182e-01
105	33	-3.774710e-01
26	34	-4.586399e+00
33	34	-1.818182e-01
34	34	4.768217e+00
35	35	2.335673e+00
102	35	-2.188730e+00
104	35	-1.469432e-01
36	36	7.956338e+00
81	36	-2.821312e+00
83	36	-5.135025e+00
37	37	2.447330e+00
73	37	-2.037315e+00
75	37	-4.100142e-01
38	38	2.373355e+00
69	38	-2.193492e+00
70	38	-1.798623e-01
39	39	9.484065e+01
109	39	-8.757258e+01
125	39	-7.268076e+00
40	40	3.512731e+01
64	40	-2.821312e+00
83	40	-3.230600e+01
41	41	3.512731e+01
63	41	-2.821312e+00
82	41	-3.230600e+01
9	42	-5.957168e+00
42	42	6.202153e+00
72	42	-2.449846e-01
21	43	-9.090909e-03
43	43	9.090909e-03
22	44	-9.090909e-03
44	44	9.090909e-03
45	45	2.480362e-02
128	45	-2.480362e-02
46	46	1.240182e-02
59	46	-1.240182e-02
47	47	1.082251e-02
127	47	-1.082251e-02
48	48	5.411255e-03
58	48	-5.411255e-03
4	49	-5.753442e+00
49	49	6.798372e+00
62	49	-1.044930e+00
50	50	4.768217e+00
103	50	-1.818182e-01
117	50	-4.586399e+00
25	51	-1.158757e-01
51	51	5.716987e+00
53	51	-5.601111e+00
52	52	1.222007e+01
53	52	-6.059247e+00
130	52	-6.160822e+00
51	53	-5.601111e+00
52	53	-6.059247e+00
53	53	1.166036e+01
54	54	2.976540e-02
58	54	-1.612903e-02
126	54	-1.363637e-02
55	55	6.309002e+00
112	55	-6.218093e+00
130	55	-9.090909e-02
6	56	-1.363637e-02
56	56	2.080483e-02
128	56	-7.168459e-03
57	57	3.123169e-02
127	57	-1.759532e-02
131	57	-1.363637e-02
48	58	-5.411255e-03
54	58	-1.612903e-02
58	58	2.154029e-02
14	59	-1.759532e-02
46	59	-1.240182e-02
59	59	2.999714e-02
60	60	2.163655e+01
61	60	-1.752520e+01
71	60	-4.111352e+00
12	61	-2.919094e+01
60	61	-1.752520e+01
61	61	4.671614e+01
1	62	-6.218093e+00
49	62	-1.044930e+00
62	62	7.263023e+00
41	63	-2.821312e+00
63	63	3.512731e+01
104	63	-3.230600e+01
40	64	-2.821312e+00
64	64	3.512731e+01
106	64	-3.230600e+01
31	65	-3.761746e+00
65	65	9.133432e+01
66	65	-8.757258e+01
16	66	-7.251264e+00
65	66	-8.757258e+01
66	66	9.482384e+01
67	67	1.787678e+00
68	67	-1.605510e+00
69	67	-1.821679e-01
67	68	-1.605510e+00
68	68	1.683293e+00
71	68	-7.778288e-02
38	69	-2.193492e+00
67	69	-1.821679e-01
69	69	2.375660e+00
9	70	-5.957168e+00
38	70	-1.798623e-01
70	70	6.137030e+00
60	71	-4.111352e+00
68	71	-7.778288e-02
71	71	4.189135e+00
11	72	-5.957452e+00
42	72	-2.449846e-01
72	72	6.202436e+00
37	73	-2.037315e+00
73	73	3.304632e+00
74	73	-1.267316e+00
1	74	-6.218093e+00
73	74	-1.267316e+00
74	74	7.485410e+00
3	75	-5.757119e+00
37	75	-4.100142e-01
75	75	6.167133e+00
76	76	2.817053e+00
77	76	-2.194667e+00
78	76	-6.223860e-01
76	77	-2.194667e+00
77	77	3.957987e+00
82	77	-1.763320e+00
76	78	-6.223860e-01
78	78	2.806097e+00
79	78	-2.183711e+00
78	79	-2.183711e+00
79	79	5.330216e+00
80	79	-3.146504e+00
79	80	-3.146504e+00
80	80	5.330216e+00
81	80	-2.183711e+00
36	81	-2.821312e+00
80	81	-2.183711e+00
81	81	5.005023e+00
41	82	-3.230600e+01
77	82	-1.763320e+00
82	82	3.406932e+01
36	83	-5.135025e+00
40	83	-3.230600e+01
83	83	3.744103e+01
84	84	2.802895e+00
85	84	-2.177828e+00
86	84	-6.250664e-01
84	85	-2.177828e+00
85	85	2.397386e+00
103	85	-2.195573e-01
84	86	-6.250664e-01
86	86	2.820697e+00
87	86	-2.195631e+00
86	87	-2.195631e+00
87	87	5.355688e+00
88	87	-3.160057e+00
87	88	-3.160057e+00
88	88	5.355688e+00
89	88	-2.195631e+00
88	89	-2.195631e+00
89	89	5.016943e+00
90	89	-2.821312e+00
89	90	-2.821312e+00
90	90	4.999662e+00
91	90	-2.178350e+00
90	91	-2.178350e+00
91	91	2.452786e+00
92	91	-2.744358e-01
91	92	-2.744358e-01
92	92	2.458147e+00
93	92	-2.183711e+00
92	93	-2.183711e+00
93	93	3.230634e+00
94	93	-1.046923e+00
93	94	-1.046923e+00
94	94	3.224642e+00
95	94	-2.177719e+00
94	95	-2.177719e+00
95	95	5.704360e+00
96	95	-3.526640e+00
95	96	-3.526640e+00
96	96	5.720133e+00
97	96	-2.193492e+00
96	97	-2.193492e+00
97	97	4.466948e+00
98	97	-2.273456e+00
97	98	-2.273456e+00
98	98	4.468123e+00
99	98	-2.194667e+00
98	99	-2.194667e+00
99	99	2.382948e+00
100	99	-1.882810e-01
99	100	-1.882810e-01
100	100	2.382481e+00
101	100	-2.194200e+00
100	101	-2.194200e+00
101	101	2.291688e+00
102	101	-9.748774e-02
35	102	-2.188730e+00
101	102	-9.748774e-02
102	102	2.286218e+00
50	103	-1.818182e-01
85	103	-2.195573e-01
103	103	4.013755e-01
35	104	-1.469432e-01
63	104	-3.230600e+01
104	104	3.245295e+01
33	105	-3.774710e-01
105	105	1.172845e+01
106	105	-1.135098e+01
64	106	-3.230600e+01
105	106	-1.135098e+01
106	106	4.365699e+01
32	107	-2.020280e+00
107	107	4.990080e+00
109	107	-2.969800e+00
19	108	-5.803157e+00
32	108	-4.100142e-01
108	108	6.213171e+00
39	109	-8.757258e+01
107	109	-2.969800e+00
109	109	9.054238e+01
31	110	-2.006706e+00
110	110	2.456399e+00
111	110	-4.496929e-01
19	111	-5.803157e+00
110	111	-4.496929e-01
111	111	6.252850e+00
30	112	-9.531435e-02
55	112	-6.218093e+00
112	112	6.313408e+00
29	113	-6.692948e+00
113	113	8.105876e+00
114	113	-1.412928e+00
15	114	-6.692948e+00
113	114	-1.412928e+00
114	114	8.105876e+00
115	115	3.521822e+00
116	115	-3.338185e+00
117	115	-1.836369e-01
27	116	-2.334229e+00
115	116	-3.338185e+00
116	116	5.672414e+00
50	117	-4.586399e+00
115	117	-1.836369e-01
117	117	4.770035e+00
27	118	-4.038495e+00
118	118	3.073535e+01
132	118	-2.669685e+01
22	119	-2.756735e+00
119	119	1.002825e+01
120	119	-7.271511e+00
17	120	-4.004517e+01
119	120	-7.271511e+00
120	120	4.731668e+01
28	121	-1.658471e+00
121	121	3.736570e+00
122	121	-2.078099e+00
26	122	-9.616864e-01
121	122	-2.078099e+00
122	122	3.039786e+00
2	123	-2.015438e+01
25	123	-8.904006e+00
123	123	2.905839e+01
18	124	-7.271511e+00
21	124	-2.340605e+00
124	124	9.612116e+00
18	125	-9.090909e-02
39	125	-7.268076e+00
125	125	7.358985e+00
13	126	-1.001131e+01
54	126	-1.363637e-02
126	126	1.002495e+01
47	127	-1.082251e-02
57	127	-1.759532e-02
127	127	2.841783e-02
45	128	-2.480362e-02
56	128	-7.168459e-03
128	128	3.197208e-02
11	129	-9.090909e-02
29	129	-5.085978e+00
129	129	5.176888e+00
52	130	-6.160822e+00
55	130	-9.090909e-02
130	130	6.251731e+00
5	131	-1.001131e+01
57	131	-1.363637e-02
131	131	1.002495e+01
3	132	-9.090909e-02
6	132	-1.001131e+01
118	132	-2.669685e+01
132	132	3.679907e+01
