0	0	1.352709590730745e+01
1	0	-9.090909090909091e-02
61	0	-6.218093408199178e+00
73	0	-6.218093408199178e+00
0	1	-9.090909090909091e-02
1	1	2.024529166139904e+01
122	1	-2.015438257048995e+01
2	2	5.848027768153504e+00
74	2	-5.757118677244413e+00
131	2	-9.090909090909091e-02
3	3	5.844351087583601e+00
4	3	-9.090909090909091e-02
48	3	-5.753441996674511e+00
3	4	-9.090909090909091e-02
4	4	1.010222187435438e+01
130	4	-1.001131278344529e+01
5	5	1.002494915328001e+01
55	5	-1.363636983471356e-02
131	5	-1.001131278344529e+01
6	6	6.309002499108269e+00
7	6	-9.090909090909091e-02
29	6	-6.218093408199178e+00
6	7	-9.090909090909091e-02
7	7	5.104772423022384e+00
23	7	-5.013863332113293e+00
8	8	1.200524501561049e+01
9	8	-9.090909090909091e-02
41	8	-5.957167962350699e+00
69	8	-5.957167962350699e+00
8	9	-9.090909090909091e-02
9	9	5.104772423022384e+00
22	9	-5.013863332113293e+00
10	10	6.048360969591540e+00
71	10	-5.957451878682449e+00
128	10	-9.090909090909091e-02
11	11	2.928185289250408e+01
12	11	-9.090909090909091e-02
60	11	-2.919094380159499e+01
11	12	-9.090909090909091e-02
12	12	1.010222187435438e+01
125	12	-1.001131278344529e+01
13	13	3.123168807243687e-02
14	13	-1.363636983471356e-02
58	13	-1.759531823772330e-02
13	14	-1.363636983471356e-02
14	14	6.706584010905319e+00
113	14	-6.692947641070605e+00
15	15	7.342172623579659e+00
16	15	-9.090909090909091e-02
65	15	-7.251263532670568e+00
15	16	-9.090909090909091e-02
16	16	4.013608004374390e+01
119	16	-4.004517095283480e+01
17	17	7.362420038168821e+00
123	17	-7.271510947259730e+00
124	17	-9.090909090909091e-02
18	18	1.169722292563518e+01
19	18	-9.090909090909091e-02
107	18	-5.803156917363046e+00
110	18	-5.803156917363046e+00
18	19	-9.090909090909091e-02
19	19	5.176887556876267e+00
27	19	-5.085978465967176e+00
20	20	2.349695721374403e+00
42	20	-9.090909090909090e-03
123	20	-2.340604812283494e+00
21	21	2.765825611970043e+00
43	21	-9.090909090909090e-03
118	21	-2.756734702879134e+00
9	22	-5.013863332113293e+00
22	22	5.048587242303372e+00
23	22	-3.472391019007869e-02
7	23	-5.013863332113293e+00
22	23	-3.472391019007869e-02
23	23	5.048587242303372e+00
24	24	9.019881573040882e+00
50	24	-1.158756607809556e-01
122	24	-8.904005912259926e+00
25	25	5.548084989676235e+00
33	25	-4.586398576381882e+00
121	25	-9.616864132943529e-01
26	26	6.372723832862414e+00
115	26	-2.334228899154309e+00
117	26	-4.038494933708106e+00
19	27	-5.085978465967176e+00
27	27	6.744449521501079e+00
120	27	-1.658471055533903e+00
28	28	1.177892610703778e+01
112	28	-6.692947641070605e+00
128	28	-5.085978465967176e+00
6	29	-6.218093408199178e+00
29	29	6.313407754914646e+00
111	29	-9.531434671546761e-02
30	30	5.768452464879202e+00
64	30	-3.761746052047518e+00
109	30	-2.006706412831683e+00
31	31	2.430293752777235e+00
106	31	-2.020279566286383e+00
107	31	-4.100141864908526e-01
32	32	5.592892014806472e-01
33	32	-1.818181818181818e-01
104	32	-3.774710196624654e-01
25	33	-4.586398576381882e+00
32	33	-1.818181818181818e-01
33	33	4.768216758200063e+00
34	34	2.335673006347219e+00
101	34	-2.188729792552190e+00
103	34	-1.469432137950289e-01
35	35	7.956337687702224e+00
80	35	-2.821312192300639e+00
82	35	-5.135025495401584e+00
36	36	2.447329656642144e+00
72	36	-2.037315470151291e+00
74	36	-4.100141864908526e-01
37	37	2.373354608385360e+00
68	37	-2.193492346905201e+00
69	37	-1.798622614801585e-01
38	38	9.484065147644773e+01
108	38	-8.757257577217119e+01
124	38	-7.268075704276536e+00
39	39	3.512731464755683e+01
63	39	-2.821312192300639e+00
82	39	-3.230600245525619e+01
40	40	3.512731464755683e+01
62	40	-2.821312192300639e+00
81	40	-3.230600245525619e+01
8	41	-5.957167962350699e+00
41	41	6.202152516074587e+00
71	41	-2.449845537238877e-01
20	42	-9.090909090909090e-03
42	42	9.090909090909090e-03
21	43	-9.090909090909090e-03
43	43	9.090909090909090e-03
44	44	2.480361735955572e-02
127	44	-2.480361735955572e-02
45	45	1.240182406028279e-02
58	45	-1.240182406028279e-02
46	46	1.082251082251082e-02
126	46	-1.082251082251082e-02
47	47	5.411255411255411e-03
57	47	-5.411255411255411e-03
3	48	-5.753441996674511e+00
48	48	6.798371892327811e+00
61	48	-1.044929895653301e+00
49	49	4.768216758200063e+00
102	49	-1.818181818181818e-01
116	49	-4.586398576381882e+00
24	50	-1.158756607809556e-01
50	50	5.716986921255033e+00
52	50	-5.601111260474078e+00
51	51	1.222006942039891e+01
52	51	-6.059247320297873e+00
129	51	-6.160822100101038e+00
50	52	-5.601111260474078e+00
51	52	-6.059247320297873e+00
52	52	1.166035858077195e+01
53	53	2.976540209277808e-02
57	53	-1.612903225806452e-02
125	53	-1.363636983471356e-02
54	54	6.309002499108269e+00
111	54	-6.218093408199178e+00
129	54	-9.090909090909091e-02
5	55	-1.363636983471356e-02
55	55	2.080482861607557e-02
127	55	-7.168458781362007e-03
56	56	3.123168807243687e-02
126	56	-1.759531823772330e-02
130	56	-1.363636983471356e-02
47	57	-5.411255411255411e-03
53	57	-1.612903225806452e-02
57	57	2.154028766931993e-02
13	58	-1.759531823772330e-02
45	58	-1.240182406028279e-02
58	58	2.999714229800609e-02
59	59	2.163654870537662e+01
60	59	-1.752519685177364e+01
70	59	-4.111351853602983e+00
11	60	-2.919094380159499e+01
59	60	-1.752519685177364e+01
60	60	4.671614065336863e+01
0	61	-6.218093408199178e+00
48	61	-1.044929895653301e+00
61	61	7.263023303852479e+00
40	62	-2.821312192300639e+00
62	62	3.512731464755683e+01
103	62	-3.230600245525619e+01
39	63	-2.821312192300639e+00
63	63	3.512731464755683e+01
105	63	-3.230600245525619e+01
30	64	-3.761746052047518e+00
64	64	9.133432182421870e+01
65	64	-8.757257577217119e+01
15	65	-7.251263532670568e+00
64	65	-8.757257577217119e+01
65	65	9.482383930484175e+01
66	66	1.787678054971105e+00
67	66	-1.605510110699922e+00
68	66	-1.821679442711825e-01
66	67	-1.605510110699922e+00
67	67	1.683292987577406e+00
70	67	-7.778287687748420e-02
37	68	-2.193492346905201e+00
66	68	-1.821679442711825e-01
68	68	2.375660291176384e+00
8	69	-5.957167962350699e+00
37	69	-1.798622614801585e-01
69	69	6.137030223830857e+00
59	70	-4.111351853602983e+00
67	70	-7.778287687748420e-02
70	70	4.189134730480467e+00
10	71	-5.957451878682449e+00
41	71	-2.449845537238877e-01
71	71	6.202436432406337e+00
36	72	-2.037315470151291e+00
72	72	3.304631763149749e+00
73	72	-1.267316292998458e+00
0	73	-6.218093408199178e+00
72	73	-1.267316292998458e+00
73	73	7.485409701197636e+00
2	74	-5.757118677244413e+00
36	74	-4.100141864908526e-01
74	74	6.167132863735265e+00
75	75	2.817052938177596e+00
76	75	-2.194666959288928e+00
77	75	-6.223859788886676e-01
75	76	-2.194666959288928e+00
76	76	3.957987079476828e+00
81	76	-1.763320120187900e+00
75	77	-6.223859788886676e-01
77	77	2.806097239850899e+00
78	77	-2.183711260962231e+00
77	78	-2.183711260962231e+00
78	78	5.330215651909108e+00
79	78	-3.146504390946877e+00
78	79	-3.146504390946877e+00
79	79	5.330215651909108e+00
80	79	-2.183711260962231e+00
35	80	-2.821312192300639e+00
79	80	-2.183711260962231e+00
80	80	5.005023453262869e+00
40	81	-3.230600245525619e+01
76	81	-1.763320120187900e+00
81	81	3.406932257544409e+01
35	82	-5.135025495401584e+00
39	82	-3.230600245525619e+01
82	82	3.744102795065778e+01
83	83	2.802894813495449e+00
84	83	-2.177828400189036e+00
85	83	-6.250664133064138e-01
83	84	-2.177828400189036e+00
84	84	2.397385684880184e+00
102	84	-2.195572846911488e-01
83	85	-6.250664133064138e-01
85	85	2.820697108223529e+00
86	85	-2.195630694917115e+00
85	86	-2.195630694917115e+00
86	86	5.355687575940973e+00
87	86	-3.160056881023858e+00
86	87	-3.160056881023858e+00
87	87	5.355687575940973e+00
88	87	-2.195630694917115e+00
87	88	-2.195630694917115e+00
88	88	5.016942887217754e+00
89	88	-2.821312192300639e+00
88	89	-2.821312192300639e+00
89	89	4.999662440523649e+00
90	89	-2.178350248223011e+00
89	90	-2.178350248223011e+00
90	90	2.452786008300292e+00
91	90	-2.744357600772811e-01
90	91	-2.744357600772811e-01
91	91	2.458147021039512e+00
92	91	-2.183711260962231e+00
91	92	-2.183711260962231e+00
92	92	3.230634353991817e+00
93	92	-1.046923093029586e+00
92	93	-1.046923093029586e+00
93	93	3.224642411142113e+00
94	93	-2.177719318112527e+00
93	94	-2.177719318112527e+00
94	94	5.704359558488326e+00
95	94	-3.526640240375799e+00
94	95	-3.526640240375799e+00
95	95	5.720132587281000e+00
96	95	-2.193492346905201e+00
95	96	-2.193492346905201e+00
96	96	4.466948158881312e+00
97	96	-2.273455811976111e+00
96	97	-2.273455811976111e+00
97	97	4.468122771265039e+00
98	97	-2.194666959288928e+00
97	98	-2.194666959288928e+00
98	98	2.382947972466716e+00
99	98	-1.882810131777881e-01
98	99	-1.882810131777881e-01
99	99	2.382480865288718e+00
100	99	-2.194199852110930e+00
99	100	-2.194199852110930e+00
100	100	2.291687593027510e+00
101	100	-9.748774091657975e-02
34	101	-2.188729792552190e+00
100	101	-9.748774091657975e-02
101	101	2.286217533468770e+00
49	102	-1.818181818181818e-01
84	102	-2.195572846911488e-01
102	102	4.013754665093306e-01
34	103	-1.469432137950289e-01
62	103	-3.230600245525619e+01
103	103	3.245294566905122e+01
32	104	-3.774710196624654e-01
104	104	1.172845361747104e+01
105	104	-1.135098259780858e+01
63	105	-3.230600245525619e+01
104	105	-1.135098259780858e+01
105	105	4.365698505306477e+01
31	106	-2.020279566286383e+00
106	106	4.990079669041466e+00
108	106	-2.969800102755084e+00
18	107	-5.803156917363046e+00
31	107	-4.100141864908526e-01
107	107	6.213171103853898e+00
38	108	-8.757257577217119e+01
106	108	-2.969800102755084e+00
108	108	9.054237587492628e+01
30	109	-2.006706412831683e+00
109	109	2.456399272608456e+00
110	109	-4.496928597767725e-01
18	110	-5.803156917363046e+00
109	110	-4.496928597767725e-01
110	110	6.252849777139818e+00
29	111	-9.531434671546761e-02
54	111	-6.218093408199178e+00
111	111	6.313407754914646e+00
28	112	-6.692947641070605e+00
112	112	8.105875934959689e+00
113	112	-1.412928293889085e+00
14	113	-6.692947641070605e+00
112	113	-1.412928293889085e+00
113	113	8.105875934959689e+00
114	114	3.521821683065184e+00
115	114	-3.338184828617591e+00
116	114	-1.836368544475928e-01
26	115	-2.334228899154309e+00
114	115	-3.338184828617591e+00
115	115	5.672413727771900e+00
49	116	-4.586398576381882e+00
114	116	-1.836368544475928e-01
116	116	4.770035430829474e+00
26	117	-4.038494933708106e+00
117	117	3.073534684093120e+01
131	117	-2.669685190722310e+01
21	118	-2.756734702879134e+00
118	118	1.002824565013886e+01
119	118	-7.271510947259730e+00
16	119	-4.004517095283480e+01
118	119	-7.271510947259730e+00
119	119	4.731668190009453e+01
27	120	-1.658471055533903e+00
120	120	3.736570176705785e+00
121	120	-2.078099121171882e+00
25	121	-9.616864132943529e-01
120	121	-2.078099121171882e+00
121	121	3.039785534466235e+00
1	122	-2.015438257048995e+01
24	122	-8.904005912259926e+00
122	122	2.905838848274988e+01
17	123	-7.271510947259730e+00
20	123	-2.340604812283494e+00
123	123	9.612115759543224e+00
17	124	-9.090909090909091e-02
38	124	-7.268075704276536e+00
124	124	7.358984795185627e+00
12	125	-1.001131278344529e+01
53	125	-1.363636983471356e-02
125	125	1.002494915328001e+01
46	126	-1.082251082251082e-02
56	126	-1.759531823772330e-02
126	126	2.841782906023413e-02
44	127	-2.480361735955572e-02
55	127	-7.168458781362007e-03
127	127	3.197207614091772e-02
10	128	-9.090909090909091e-02
28	128	-5.085978465967176e+00
128	128	5.176887556876267e+00
51	129	-6.160822100101038e+00
54	129	-9.090909090909091e-02
129	129	6.251731191010129e+00
4	130	-1.001131278344529e+01
56	130	-1.363636983471356e-02
130	130	1.002494915328001e+01
2	131	-9.090909090909091e-02
5	131	-1.001131278344529e+01
117	131	-2.669685190722310e+01
131	131	3.679907378157748e+01
