1	1	8.342173e+00
2	1	-9.090909e-02
39	1	-7.251264e+00
1	2	-9.090909e-02
2	2	4.013608e+01
64	2	-4.004517e+01
3	3	1.160631e+01
44	3	-5.803157e+00
47	3	-5.803157e+00
4	4	2.349696e+00
13	4	-2.340605e+00
24	4	-9.090909e-03
5	5	2.765826e+00
25	5	-9.090909e-03
63	5	-2.756735e+00
6	6	1.252710e+01
7	6	-9.090909e-02
28	6	-6.218093e+00
37	6	-6.218093e+00
6	7	-9.090909e-02
7	7	5.132121e+00
14	7	-5.041212e+00
8	8	6.309002e+00
9	8	-9.090909e-02
23	8	-6.218093e+00
8	9	-9.090909e-02
9	9	1.010222e+01
66	9	-1.001131e+01
10	10	6.309002e+00
41	10	-6.218093e+00
67	10	-9.090909e-02
11	11	3.123169e-02
12	11	-1.363637e-02
36	11	-1.759532e-02
11	12	-1.363637e-02
12	12	6.706584e+00
59	12	-6.692948e+00
4	13	-2.340605e+00
13	13	7.324432e+00
68	13	-4.983827e+00
7	14	-5.041212e+00
14	14	5.119709e+00
61	14	-7.849663e-02
15	15	3.255603e+00
32	15	-3.102218e+00
62	15	-1.533846e-01
16	16	5.131618e+00
58	16	-1.094959e-01
67	16	-5.022122e+00
17	17	1.109677e+01
56	17	-6.674186e+00
65	17	-4.422587e+00
18	18	2.284859e+00
19	18	-1.818182e-01
54	18	-2.103041e+00
18	19	-1.818182e-01
19	19	4.768217e+00
65	19	-4.586399e+00
20	20	5.768452e+00
38	20	-3.761746e+00
46	20	-2.006706e+00
21	21	2.430294e+00
42	21	-2.020280e+00
44	21	-4.100142e-01
22	22	8.752657e+01
45	22	-8.083748e+01
69	22	-6.689097e+00
8	23	-6.218093e+00
23	23	6.271731e+00
37	23	-5.363713e-02
4	24	-9.090909e-03
24	24	9.090909e-03
5	25	-9.090909e-03
25	25	9.090909e-03
26	26	1.240182e-02
36	26	-1.240182e-02
27	27	1.082251e-02
35	27	-1.082251e-02
6	28	-6.218093e+00
28	28	6.708756e+00
41	28	-4.906627e-01
29	29	3.512731e+01
40	29	-2.821312e+00
48	29	-3.230600e+01
30	30	3.305100e+00
31	30	-1.818182e-01
57	30	-3.123282e+00
30	31	-1.818182e-01
31	31	2.127552e+00
48	31	-1.945733e+00
15	32	-3.102218e+00
32	32	3.383018e+00
33	32	-2.807995e-01
32	33	-2.807995e-01
33	33	3.433951e+00
57	33	-3.153152e+00
34	34	3.123169e-02
35	34	-1.759532e-02
66	34	-1.363637e-02
27	35	-1.082251e-02
34	35	-1.759532e-02
35	35	2.841783e-02
11	36	-1.759532e-02
26	36	-1.240182e-02
36	36	2.999714e-02
6	37	-6.218093e+00
23	37	-5.363713e-02
37	37	6.271731e+00
20	38	-3.761746e+00
38	38	9.133432e+01
39	38	-8.757258e+01
1	39	-7.251264e+00
38	39	-8.757258e+01
39	39	9.482384e+01
29	40	-2.821312e+00
40	40	3.512731e+01
55	40	-3.230600e+01
10	41	-6.218093e+00
28	41	-4.906627e-01
41	41	6.708756e+00
21	42	-2.020280e+00
42	42	6.360765e+00
43	42	-4.340485e+00
42	43	-4.340485e+00
43	43	1.262576e+01
45	43	-8.285279e+00
3	44	-5.803157e+00
21	44	-4.100142e-01
44	44	6.213171e+00
22	45	-8.083748e+01
43	45	-8.285279e+00
45	45	8.912275e+01
20	46	-2.006706e+00
46	46	2.456399e+00
47	46	-4.496929e-01
3	47	-5.803157e+00
46	47	-4.496929e-01
47	47	6.252850e+00
29	48	-3.230600e+01
31	48	-1.945733e+00
48	48	3.425174e+01
49	49	2.800388e+00
50	49	-2.180122e+00
51	49	-6.202666e-01
49	50	-2.180122e+00
50	50	2.340424e+00
55	50	-1.603019e-01
49	51	-6.202666e-01
51	51	2.793447e+00
52	51	-2.173181e+00
51	52	-2.173181e+00
52	52	5.308980e+00
53	52	-3.135799e+00
52	53	-3.135799e+00
53	53	5.963840e+01
54	53	-5.650260e+01
18	54	-2.103041e+00
53	54	-5.650260e+01
54	54	5.860564e+01
40	55	-3.230600e+01
50	55	-1.603019e-01
55	55	3.246630e+01
17	56	-6.674186e+00
56	56	8.574182e+01
68	56	-7.906763e+01
30	57	-3.123282e+00
33	57	-3.153152e+00
57	57	6.276434e+00
16	58	-1.094959e-01
58	58	1.517169e+00
59	58	-1.407674e+00
12	59	-6.692948e+00
58	59	-1.407674e+00
59	59	8.100621e+00
60	60	2.186420e+00
61	60	-2.049697e+00
62	60	-1.367230e-01
14	61	-7.849663e-02
60	61	-2.049697e+00
61	61	2.128194e+00
15	62	-1.533846e-01
60	62	-1.367230e-01
62	62	2.901076e-01
5	63	-2.756735e+00
63	63	1.002825e+01
64	63	-7.271511e+00
2	64	-4.004517e+01
63	64	-7.271511e+00
64	64	4.731668e+01
17	65	-4.422587e+00
19	65	-4.586399e+00
65	65	9.008986e+00
9	66	-1.001131e+01
34	66	-1.363637e-02
66	66	1.002495e+01
10	67	-9.090909e-02
16	67	-5.022122e+00
67	67	5.113032e+00
13	68	-4.983827e+00
56	68	-7.906763e+01
68	68	8.414237e+01
69	68	-9.090909e-02
22	69	-6.689097e+00
68	69	-9.090909e-02
69	69	6.780007e+00
