1	1	1.352710e+01
2	1	-9.090909e-02
234	1	-6.218093e+00
258	1	-6.218093e+00
1	2	-9.090909e-02
2	2	2.024529e+01
327	2	-2.015438e+01
3	3	5.848028e+00
259	3	-5.757119e+00
396	3	-9.090909e-02
4	4	5.844351e+00
5	4	-9.090909e-02
161	4	-5.753442e+00
4	5	-9.090909e-02
5	5	1.010222e+01
395	5	-1.001131e+01
6	6	1.002495e+01
189	6	-1.363637e-02
396	6	-1.001131e+01
7	7	6.309002e+00
8	7	-9.090909e-02
260	7	-6.218093e+00
7	8	-9.090909e-02
8	8	5.072279e+00
78	8	-4.981370e+00
9	9	2.198789e+01
252	9	-2.189698e+01
393	9	-9.090909e-02
10	10	1.164245e+01
11	10	-9.090909e-02
246	10	-5.775773e+00
250	10	-5.775773e+00
10	11	-9.090909e-02
11	11	5.072279e+00
77	11	-4.981370e+00
12	12	5.866682e+00
111	12	-5.775773e+00
392	12	-9.090909e-02
13	13	2.976540e-02
14	13	-1.363637e-02
217	13	-1.612903e-02
13	14	-1.363637e-02
14	14	6.647532e+00
315	14	-6.633895e+00
15	15	3.123169e-02
223	15	-1.759532e-02
389	15	-1.363637e-02
16	16	1.252710e+01
17	16	-9.090909e-02
125	16	-6.218093e+00
254	16	-6.218093e+00
16	17	-9.090909e-02
17	17	2.024529e+01
319	17	-2.015438e+01
18	18	5.848028e+00
19	18	-9.090909e-02
255	18	-5.757119e+00
18	19	-9.090909e-02
19	19	1.010222e+01
387	19	-1.001131e+01
20	20	5.844351e+00
233	20	-5.753442e+00
388	20	-9.090909e-02
21	21	1.002495e+01
187	21	-1.363637e-02
388	21	-1.001131e+01
22	22	6.309002e+00
163	22	-6.218093e+00
386	22	-9.090909e-02
23	23	6.309002e+00
24	23	-9.090909e-02
243	23	-6.218093e+00
23	24	-9.090909e-02
24	24	5.113032e+00
90	24	-5.022122e+00
25	25	1.164245e+01
26	25	-9.090909e-02
112	25	-5.775773e+00
244	25	-5.775773e+00
25	26	-9.090909e-02
26	26	5.072279e+00
82	26	-4.981370e+00
27	27	5.866682e+00
245	27	-5.775773e+00
384	27	-9.090909e-02
28	28	2.976540e-02
29	28	-1.363637e-02
216	28	-1.612903e-02
28	29	-1.363637e-02
29	29	6.647532e+00
305	29	-6.633895e+00
30	30	3.123169e-02
222	30	-1.759532e-02
381	30	-1.363637e-02
31	31	6.274360e+00
32	31	-9.090909e-02
268	31	-6.183451e+00
31	32	-9.090909e-02
32	32	5.176888e+00
74	32	-5.085978e+00
33	33	1.149407e+01
269	33	-5.701579e+00
271	33	-5.701579e+00
380	33	-9.090909e-02
34	34	5.792488e+00
35	34	-9.090909e-02
272	34	-5.701579e+00
34	35	-9.090909e-02
35	35	5.176888e+00
73	35	-5.085978e+00
36	36	1.060483e+01
118	36	-5.256960e+00
282	36	-5.256960e+00
379	36	-9.090909e-02
37	37	4.965177e+00
283	37	-4.874268e+00
376	37	-9.090909e-02
38	38	2.976540e-02
219	38	-1.612903e-02
375	38	-1.363637e-02
39	39	1.002495e+01
184	39	-1.363637e-02
376	39	-1.001131e+01
40	40	3.123169e-02
225	40	-1.759532e-02
374	40	-1.363637e-02
41	41	1.243619e+01
119	41	-6.218093e+00
273	41	-6.218093e+00
42	42	6.309002e+00
238	42	-6.218093e+00
373	42	-9.090909e-02
43	43	6.309002e+00
44	43	-9.090909e-02
165	43	-6.218093e+00
43	44	-9.090909e-02
44	44	5.113032e+00
70	44	-5.022122e+00
45	45	1.002495e+01
182	45	-1.363637e-02
373	45	-1.001131e+01
46	46	3.123169e-02
226	46	-1.759532e-02
372	46	-1.363637e-02
47	47	1.252710e+01
48	47	-9.090909e-02
162	47	-6.218093e+00
235	47	-6.218093e+00
47	48	-9.090909e-02
48	48	5.132121e+00
71	48	-5.041212e+00
49	49	6.309002e+00
50	49	-9.090909e-02
124	49	-6.218093e+00
49	50	-9.090909e-02
50	50	1.010222e+01
370	50	-1.001131e+01
51	51	6.309002e+00
261	51	-6.218093e+00
371	51	-9.090909e-02
52	52	3.123169e-02
53	52	-1.363637e-02
224	52	-1.759532e-02
52	53	-1.363637e-02
53	53	6.706584e+00
336	53	-6.692948e+00
54	54	8.849164e+00
363	54	-8.758255e+00
369	54	-9.090909e-02
55	55	9.769249e+00
56	55	-9.090909e-02
285	55	-4.839170e+00
287	55	-4.839170e+00
55	56	-9.090909e-02
56	56	9.454906e+00
365	56	-9.363997e+00
57	57	8.849164e+00
362	57	-8.758255e+00
368	57	-9.090909e-02
58	58	9.454906e+00
364	58	-9.363997e+00
367	58	-9.090909e-02
59	59	1.192341e+01
288	59	-5.916250e+00
290	59	-5.916250e+00
366	59	-9.090909e-02
60	60	1.471024e+00
61	60	-5.167585e-02
303	60	-1.419348e+00
60	61	-5.167585e-02
61	61	5.137654e+00
366	61	-5.085978e+00
62	62	4.600839e+00
360	62	-3.767457e+00
361	62	-8.333819e-01
63	63	9.561334e+00
179	63	-3.767457e+00
356	63	-5.793877e+00
64	64	3.914656e+00
180	64	-3.767457e+00
359	64	-1.471984e-01
65	65	3.885720e+00
353	65	-1.182629e-01
354	65	-3.767457e+00
66	66	3.454873e+01
154	66	-3.008677e+01
351	66	-4.461955e+00
67	67	1.205779e+01
300	67	-3.153152e+00
349	67	-8.904640e+00
68	68	5.437605e+00
348	68	-3.807145e-01
380	68	-5.056890e+00
69	69	4.876743e+00
347	69	-3.408072e-02
379	69	-4.842662e+00
44	70	-5.022122e+00
70	70	5.135765e+00
346	70	-1.136424e-01
48	71	-5.041212e+00
71	71	5.127759e+00
343	71	-8.654712e-02
72	72	3.155320e+00
173	72	-3.102218e+00
343	72	-5.310195e-02
35	73	-5.085978e+00
73	73	6.916012e+00
341	73	-1.830034e+00
32	74	-5.085978e+00
74	74	9.168361e+00
338	74	-4.082382e+00
75	75	5.432243e+00
155	75	-3.753528e-01
380	75	-5.056890e+00
76	76	5.131618e+00
335	76	-1.094959e-01
371	76	-5.022122e+00
11	77	-4.981370e+00
77	77	5.024930e+00
329	77	-4.356046e-02
8	78	-4.981370e+00
78	78	5.099482e+00
334	78	-1.181123e-01
79	79	9.019882e+00
171	79	-1.158757e-01
327	79	-8.904006e+00
80	80	5.005820e+00
170	80	-1.852668e+00
299	80	-3.153152e+00
81	81	5.507085e+00
95	81	-5.257154e-01
386	81	-4.981370e+00
26	82	-4.981370e+00
82	82	5.024930e+00
321	82	-4.356046e-02
83	83	5.099482e+00
326	83	-1.181123e-01
386	83	-4.981370e+00
84	84	9.019882e+00
168	84	-1.158757e-01
319	84	-8.904006e+00
85	85	5.337084e+00
318	85	-3.149616e-01
393	85	-5.022122e+00
86	86	3.898792e+00
96	86	-7.456399e-01
298	86	-3.153152e+00
87	87	5.147191e+00
316	87	-6.121225e-02
392	87	-5.085978e+00
88	88	6.503166e+00
308	88	-3.767457e+00
310	88	-2.735709e+00
89	89	3.239421e+01
296	89	-3.008677e+01
308	89	-2.307438e+00
24	90	-5.022122e+00
90	90	5.337084e+00
307	90	-3.149616e-01
91	91	1.291021e+01
296	91	-1.061420e+01
307	91	-2.296006e+00
92	92	5.147191e+00
306	92	-6.121225e-02
384	92	-5.085978e+00
93	93	1.553146e+01
301	93	-1.360585e+01
349	93	-1.925614e+00
94	94	4.894443e+00
352	94	-5.178128e-02
379	94	-4.842662e+00
81	95	-5.257154e-01
95	95	3.627933e+00
170	95	-3.102218e+00
86	96	-7.456399e-01
96	96	5.767762e+00
393	96	-5.022122e+00
97	97	2.619751e+00
294	97	-2.189075e+00
295	97	-4.306762e-01
98	98	5.767250e+01
292	98	-4.702187e+00
293	98	-5.297031e+01
99	99	1.598483e+00
286	99	-1.437447e+00
288	99	-1.610368e-01
100	100	4.196839e+00
116	100	-4.111352e+00
285	100	-8.548762e-02
101	101	3.118325e-01
102	101	-1.818182e-01
284	101	-1.300143e-01
101	102	-1.818182e-01
102	102	4.768217e+00
361	102	-4.586399e+00
103	103	1.831081e+00
279	103	-1.743396e+00
282	103	-8.768469e-02
104	104	1.623060e+00
166	104	-1.818182e-01
276	104	-1.441242e+00
105	105	6.815713e+00
154	105	-6.633895e+00
277	105	-1.818182e-01
106	106	2.880232e+00
270	106	-2.105968e+00
272	106	-7.742635e-01
107	107	2.468203e+00
267	107	-1.131505e-01
269	107	-2.355052e+00
108	108	2.447330e+00
257	108	-2.037315e+00
259	108	-4.100142e-01
109	109	3.319730e+00
253	109	-2.037315e+00
254	109	-1.282415e+00
110	110	2.111804e+00
249	110	-2.051000e+00
251	110	-6.080395e-02
12	111	-5.775773e+00
111	111	5.935285e+00
246	111	-1.595118e-01
25	112	-5.775773e+00
112	112	5.935285e+00
245	112	-1.595118e-01
113	113	2.289592e+00
242	113	-2.051000e+00
244	113	-2.385917e-01
114	114	1.505796e+01
295	114	-4.111352e+00
367	114	-1.094661e+01
115	115	9.301608e+01
239	115	-8.632448e+01
368	115	-6.691604e+00
100	116	-4.111352e+00
116	116	1.505796e+01
369	116	-1.094661e+01
117	117	1.505796e+01
281	117	-4.111352e+00
378	117	-1.094661e+01
36	118	-5.256960e+00
118	118	5.387214e+00
283	118	-1.302538e-01
41	119	-6.218093e+00
119	119	6.271731e+00
238	119	-5.363713e-02
120	120	5.048377e+00
121	120	-1.818182e-01
237	120	-4.866559e+00
120	121	-1.818182e-01
121	121	1.384367e+00
210	121	-1.202549e+00
122	122	5.048377e+00
123	122	-1.818182e-01
236	122	-4.866559e+00
122	123	-1.818182e-01
123	123	5.216862e+00
155	123	-5.035044e+00
49	124	-6.218093e+00
124	124	6.271731e+00
235	124	-5.363713e-02
16	125	-6.218093e+00
125	125	7.250721e+00
233	125	-1.032628e+00
126	126	4.987523e+00
160	126	-4.961376e+00
232	126	-2.614748e-02
127	127	3.629650e+00
230	127	-3.410944e+00
231	127	-2.187064e-01
128	128	3.727415e+00
229	128	-1.818182e-01
230	128	-3.545596e+00
129	129	5.143194e+00
228	129	-1.818182e-01
232	129	-4.961376e+00
130	130	9.443330e-01
160	130	-1.818182e-01
208	130	-7.625148e-01
131	131	5.143194e+00
132	131	-1.818182e-01
231	131	-4.961376e+00
131	132	-1.818182e-01
132	132	3.507591e-01
206	132	-1.689409e-01
133	133	9.090909e-03
364	133	-9.090909e-03
134	134	9.090909e-03
365	134	-9.090909e-03
135	135	9.090909e-03
362	135	-9.090909e-03
136	136	9.090909e-03
363	136	-9.090909e-03
137	137	1.240182e-02
227	137	-1.240182e-02
138	138	1.240182e-02
226	138	-1.240182e-02
139	139	1.240182e-02
225	139	-1.240182e-02
140	140	1.240182e-02
224	140	-1.240182e-02
141	141	2.480362e-02
391	141	-2.480362e-02
142	142	2.480362e-02
383	142	-2.480362e-02
143	143	1.240182e-02
223	143	-1.240182e-02
144	144	1.240182e-02
222	144	-1.240182e-02
145	145	1.082251e-02
221	145	-1.082251e-02
146	146	1.082251e-02
220	146	-1.082251e-02
147	147	5.411255e-03
219	147	-5.411255e-03
148	148	1.082251e-02
218	148	-1.082251e-02
149	149	1.082251e-02
390	149	-1.082251e-02
150	150	1.082251e-02
382	150	-1.082251e-02
151	151	5.411255e-03
217	151	-5.411255e-03
152	152	5.411255e-03
216	152	-5.411255e-03
153	153	3.461259e+00
205	153	-3.279441e+00
206	153	-1.818182e-01
66	154	-3.008677e+01
105	154	-6.633895e+00
154	154	6.680744e+01
346	154	-3.008677e+01
75	155	-3.753528e-01
123	155	-5.035044e+00
155	155	5.410397e+00
156	156	7.230902e-01
157	156	-1.818182e-01
191	156	-5.412720e-01
156	157	-1.818182e-01
157	157	4.768217e+00
313	157	-4.586399e+00
158	158	1.312033e+01
204	158	-1.835085e+00
237	158	-1.128524e+01
159	159	7.469492e+00
207	159	-7.287674e+00
208	159	-1.818182e-01
126	160	-4.961376e+00
130	160	-1.818182e-01
160	160	5.143194e+00
4	161	-5.753442e+00
161	161	6.798372e+00
234	161	-1.044930e+00
47	162	-6.218093e+00
162	162	6.708756e+00
261	162	-4.906627e-01
22	163	-6.218093e+00
163	163	6.384543e+00
256	163	-1.664492e-01
164	164	6.384543e+00
188	164	-6.218093e+00
260	164	-1.664492e-01
43	165	-6.218093e+00
165	165	6.708756e+00
273	165	-4.906627e-01
104	166	-1.818182e-01
166	166	6.144456e+00
278	166	-5.962638e+00
167	167	3.033510e+00
284	167	-1.818182e-01
302	167	-2.851692e+00
84	168	-1.158757e-01
168	168	5.709405e+00
175	168	-5.593529e+00
169	169	1.222007e+01
175	169	-6.059247e+00
385	169	-6.160822e+00
80	170	-1.852668e+00
95	170	-3.102218e+00
170	170	4.954886e+00
79	171	-1.158757e-01
171	171	5.716987e+00
176	171	-5.601111e+00
172	172	1.222007e+01
176	172	-6.059247e+00
394	172	-6.160822e+00
72	173	-3.102218e+00
173	173	6.346622e+00
177	173	-3.244404e+00
174	174	7.011862e+00
215	174	-3.244404e+00
344	174	-3.767457e+00
168	175	-5.593529e+00
169	175	-6.059247e+00
175	175	1.165278e+01
171	176	-5.601111e+00
172	176	-6.059247e+00
176	176	1.166036e+01
173	177	-3.244404e+00
177	177	7.011862e+00
345	177	-3.767457e+00
178	178	5.972718e+00
344	178	-3.316937e+00
345	178	-2.655782e+00
63	179	-3.767457e+00
179	179	9.074553e+00
354	179	-5.307095e+00
64	180	-3.767457e+00
180	180	9.142039e+00
360	180	-5.374581e+00
181	181	3.123169e-02
218	181	-1.759532e-02
370	181	-1.363637e-02
45	182	-1.363637e-02
182	182	3.123169e-02
220	182	-1.759532e-02
183	183	3.123169e-02
227	183	-1.759532e-02
377	183	-1.363637e-02
39	184	-1.363637e-02
184	184	3.123169e-02
221	184	-1.759532e-02
185	185	6.309002e+00
256	185	-6.218093e+00
385	185	-9.090909e-02
186	186	2.080483e-02
383	186	-7.168459e-03
387	186	-1.363637e-02
21	187	-1.363637e-02
187	187	3.123169e-02
382	187	-1.759532e-02
164	188	-6.218093e+00
188	188	6.309002e+00
394	188	-9.090909e-02
6	189	-1.363637e-02
189	189	2.080483e-02
391	189	-7.168459e-03
190	190	3.123169e-02
390	190	-1.759532e-02
395	190	-1.363637e-02
156	191	-5.412720e-01
191	191	2.671933e+00
192	191	-2.130661e+00
191	192	-2.130661e+00
192	192	3.442898e+00
229	192	-1.312238e+00
193	193	2.255629e+00
194	193	-5.775473e-02
195	193	-2.197875e+00
193	194	-5.775473e-02
194	194	2.438362e-01
228	194	-1.860815e-01
193	195	-2.197875e+00
195	195	2.688636e+00
196	195	-4.907614e-01
195	196	-4.907614e-01
196	196	2.688636e+00
197	196	-2.197875e+00
196	197	-2.197875e+00
197	197	2.261561e+00
198	197	-6.368656e-02
197	198	-6.368656e-02
198	198	2.237118e+00
199	198	-2.173431e+00
198	199	-2.173431e+00
199	199	2.239454e+00
200	199	-6.602273e-02
199	200	-6.602273e-02
200	200	2.239454e+00
201	200	-2.173431e+00
200	201	-2.173431e+00
201	201	5.143231e+00
202	201	-2.969800e+00
201	202	-2.969800e+00
202	202	4.804885e+00
203	202	-1.835085e+00
202	203	-1.835085e+00
203	203	4.733661e+00
204	203	-2.898576e+00
158	204	-1.835085e+00
203	204	-2.898576e+00
204	204	4.733661e+00
153	205	-3.279441e+00
205	205	6.890959e+01
298	205	-6.563015e+01
132	206	-1.689409e-01
153	206	-1.818182e-01
206	206	3.507591e-01
159	207	-7.287674e+00
207	207	1.283039e+01
299	207	-5.542715e+00
130	208	-7.625148e-01
159	208	-1.818182e-01
208	208	9.443330e-01
209	209	1.174561e+00
210	209	-1.092361e+00
211	209	-8.219966e-02
121	210	-1.202549e+00
209	210	-1.092361e+00
210	210	2.294910e+00
209	211	-8.219966e-02
211	211	3.476644e+00
212	211	-3.394445e+00
211	212	-3.394445e+00
212	212	5.093628e+00
213	212	-1.699183e+00
212	213	-1.699183e+00
213	213	1.842922e+00
214	213	-1.437385e-01
213	214	-1.437385e-01
214	214	1.614190e+00
215	214	-1.470452e+00
174	215	-3.244404e+00
214	215	-1.470452e+00
215	215	4.714856e+00
28	216	-1.612903e-02
152	216	-5.411255e-03
216	216	2.154029e-02
13	217	-1.612903e-02
151	217	-5.411255e-03
217	217	2.154029e-02
148	218	-1.082251e-02
181	218	-1.759532e-02
218	218	2.841783e-02
38	219	-1.612903e-02
147	219	-5.411255e-03
219	219	2.154029e-02
146	220	-1.082251e-02
182	220	-1.759532e-02
220	220	2.841783e-02
145	221	-1.082251e-02
184	221	-1.759532e-02
221	221	2.841783e-02
30	222	-1.759532e-02
144	222	-1.240182e-02
222	222	2.999714e-02
15	223	-1.759532e-02
143	223	-1.240182e-02
223	223	2.999714e-02
52	224	-1.759532e-02
140	224	-1.240182e-02
224	224	2.999714e-02
40	225	-1.759532e-02
139	225	-1.240182e-02
225	225	2.999714e-02
46	226	-1.759532e-02
138	226	-1.240182e-02
226	226	2.999714e-02
137	227	-1.240182e-02
183	227	-1.759532e-02
227	227	2.999714e-02
129	228	-1.818182e-01
194	228	-1.860815e-01
228	228	1.190437e+00
236	228	-8.225375e-01
128	229	-1.818182e-01
192	229	-1.312238e+00
229	229	1.494056e+00
127	230	-3.410944e+00
128	230	-3.545596e+00
230	230	6.956540e+00
127	231	-2.187064e-01
131	231	-4.961376e+00
231	231	5.180082e+00
126	232	-2.614748e-02
129	232	-4.961376e+00
232	232	4.987523e+00
20	233	-5.753442e+00
125	233	-1.032628e+00
233	233	6.786070e+00
1	234	-6.218093e+00
161	234	-1.044930e+00
234	234	7.263023e+00
47	235	-6.218093e+00
124	235	-5.363713e-02
235	235	6.271731e+00
122	236	-4.866559e+00
228	236	-8.225375e-01
236	236	5.689096e+00
120	237	-4.866559e+00
158	237	-1.128524e+01
237	237	1.615180e+01
42	238	-6.218093e+00
119	238	-5.363713e-02
238	238	6.271731e+00
115	239	-8.632448e+01
239	239	8.654741e+01
294	239	-2.229381e-01
240	240	2.145476e+00
241	240	-2.051000e+00
242	240	-9.447599e-02
240	241	-2.051000e+00
241	241	2.111804e+00
243	241	-6.080395e-02
113	242	-2.051000e+00
240	242	-9.447599e-02
242	242	2.145476e+00
23	243	-6.218093e+00
241	243	-6.080395e-02
243	243	6.278897e+00
25	244	-5.775773e+00
113	244	-2.385917e-01
244	244	6.014365e+00
27	245	-5.775773e+00
112	245	-1.595118e-01
245	245	5.935285e+00
10	246	-5.775773e+00
111	246	-1.595118e-01
246	246	5.935285e+00
247	247	2.145476e+00
248	247	-2.051000e+00
249	247	-9.447599e-02
247	248	-2.051000e+00
248	248	2.289592e+00
250	248	-2.385917e-01
110	249	-2.051000e+00
247	249	-9.447599e-02
249	249	2.145476e+00
10	250	-5.775773e+00
248	250	-2.385917e-01
250	250	6.014365e+00
110	251	-6.080395e-02
251	251	9.791081e+00
252	251	-9.730277e+00
9	252	-2.189698e+01
251	252	-9.730277e+00
252	252	3.162726e+01
109	253	-2.037315e+00
253	253	2.447330e+00
255	253	-4.100142e-01
16	254	-6.218093e+00
109	254	-1.282415e+00
254	254	7.500508e+00
18	255	-5.757119e+00
253	255	-4.100142e-01
255	255	6.167133e+00
163	256	-1.664492e-01
185	256	-6.218093e+00
256	256	6.384543e+00
108	257	-2.037315e+00
257	257	3.304632e+00
258	257	-1.267316e+00
1	258	-6.218093e+00
257	258	-1.267316e+00
258	258	7.485410e+00
3	259	-5.757119e+00
108	259	-4.100142e-01
259	259	6.167133e+00
7	260	-6.218093e+00
164	260	-1.664492e-01
260	260	6.384543e+00
51	261	-6.218093e+00
162	261	-4.906627e-01
261	261	6.708756e+00
262	262	3.007265e-01
263	262	-8.699056e-02
264	262	-2.137360e-01
262	263	-8.699056e-02
263	263	7.140271e+00
268	263	-7.053280e+00
262	264	-2.137360e-01
264	264	3.246042e+00
265	264	-3.032306e+00
264	265	-3.032306e+00
265	265	5.041545e+00
266	265	-2.009238e+00
265	266	-2.009238e+00
266	266	3.047599e+00
267	266	-1.038360e+00
107	267	-1.131505e-01
266	267	-1.038360e+00
267	267	1.151511e+00
31	268	-6.183451e+00
263	268	-7.053280e+00
268	268	1.323673e+01
33	269	-5.701579e+00
107	269	-2.355052e+00
269	269	8.056632e+00
106	270	-2.105968e+00
270	270	2.367641e+00
271	270	-2.616726e-01
33	271	-5.701579e+00
270	271	-2.616726e-01
271	271	5.963252e+00
34	272	-5.701579e+00
106	272	-7.742635e-01
272	272	6.475843e+00
41	273	-6.218093e+00
165	273	-4.906627e-01
273	273	6.708756e+00
274	274	6.229812e+00
275	274	-1.500227e+00
276	274	-4.729586e+00
274	275	-1.500227e+00
275	275	1.697167e+00
277	275	-1.969403e-01
104	276	-1.441242e+00
274	276	-4.729586e+00
276	276	6.170828e+00
105	277	-1.818182e-01
275	277	-1.969403e-01
277	277	3.787585e-01
166	278	-5.962638e+00
278	278	1.256914e+01
300	278	-6.606503e+00
103	279	-1.743396e+00
279	279	1.798427e+00
280	279	-5.503093e-02
279	280	-5.503093e-02
280	280	2.159656e+00
281	280	-2.104625e+00
117	281	-4.111352e+00
280	281	-2.104625e+00
281	281	6.215977e+00
36	282	-5.256960e+00
103	282	-8.768469e-02
282	282	5.344645e+00
37	283	-4.874268e+00
118	283	-1.302538e-01
283	283	5.004522e+00
101	284	-1.300143e-01
167	284	-1.818182e-01
284	284	3.118325e-01
55	285	-4.839170e+00
100	285	-8.548762e-02
285	285	4.924658e+00
99	286	-1.437447e+00
286	286	4.429515e+00
287	286	-2.992068e+00
55	287	-4.839170e+00
286	287	-2.992068e+00
287	287	7.831238e+00
59	288	-5.916250e+00
99	288	-1.610368e-01
288	288	6.077286e+00
289	289	5.017710e-01
290	289	-3.062721e-01
291	289	-1.954988e-01
59	290	-5.916250e+00
289	290	-3.062721e-01
290	290	6.222522e+00
289	291	-1.954988e-01
291	291	1.648227e+00
292	291	-1.452728e+00
98	292	-4.702187e+00
291	292	-1.452728e+00
292	292	6.154915e+00
98	293	-5.297031e+01
293	293	5.805042e+01
368	293	-5.080113e+00
97	294	-2.189075e+00
239	294	-2.229381e-01
294	294	2.412013e+00
97	295	-4.306762e-01
114	295	-4.111352e+00
295	295	4.542028e+00
89	296	-3.008677e+01
91	296	-1.061420e+01
296	296	5.131517e+01
297	296	-1.061420e+01
296	297	-1.061420e+01
297	297	1.612582e+01
381	297	-5.511616e+00
86	298	-3.153152e+00
205	298	-6.563015e+01
298	298	6.878330e+01
80	299	-3.153152e+00
207	299	-5.542715e+00
299	299	8.695867e+00
67	300	-3.153152e+00
278	300	-6.606503e+00
300	300	9.759655e+00
93	301	-1.360585e+01
301	301	2.365422e+01
377	301	-1.004837e+01
167	302	-2.851692e+00
302	302	8.349035e+01
303	302	-8.063866e+01
60	303	-1.419348e+00
302	303	-8.063866e+01
303	303	8.205801e+01
304	304	7.158580e+00
305	304	-3.917835e+00
306	304	-3.240745e+00
29	305	-6.633895e+00
304	305	-3.917835e+00
305	305	1.055173e+01
92	306	-6.121225e-02
304	306	-3.240745e+00
306	306	3.301957e+00
90	307	-3.149616e-01
91	307	-2.296006e+00
307	307	2.610967e+00
88	308	-3.767457e+00
89	308	-2.307438e+00
308	308	6.074896e+00
309	309	2.289515e+00
310	309	-2.055722e+00
311	309	-2.337929e-01
88	310	-2.735709e+00
309	310	-2.055722e+00
310	310	4.791431e+00
309	311	-2.337929e-01
311	311	2.286625e+00
312	311	-2.052832e+00
311	312	-2.052832e+00
312	312	2.410068e+00
313	312	-3.572360e-01
157	313	-4.586399e+00
312	313	-3.572360e-01
313	313	4.943635e+00
314	314	7.158580e+00
315	314	-3.917835e+00
316	314	-3.240745e+00
14	315	-6.633895e+00
314	315	-3.917835e+00
315	315	1.055173e+01
87	316	-6.121225e-02
314	316	-3.240745e+00
316	316	3.301957e+00
317	317	8.105876e+00
318	317	-1.412928e+00
389	317	-6.692948e+00
85	318	-3.149616e-01
317	318	-1.412928e+00
318	318	1.727890e+00
17	319	-2.015438e+01
84	319	-8.904006e+00
319	319	2.905839e+01
320	320	5.641853e+00
321	320	-4.509786e+00
322	320	-1.132067e+00
82	321	-4.356046e-02
320	321	-4.509786e+00
321	321	4.553347e+00
320	322	-1.132067e+00
322	322	4.702883e+00
323	322	-3.570816e+00
322	323	-3.570816e+00
323	323	5.292102e+00
324	323	-1.721286e+00
323	324	-1.721286e+00
324	324	5.887241e+00
325	324	-4.165955e+00
324	325	-4.165955e+00
325	325	1.661870e+01
326	325	-1.245274e+01
83	326	-1.181123e-01
325	326	-1.245274e+01
326	326	1.257085e+01
2	327	-2.015438e+01
79	327	-8.904006e+00
327	327	2.905839e+01
328	328	5.641853e+00
329	328	-4.509786e+00
330	328	-1.132067e+00
77	329	-4.356046e-02
328	329	-4.509786e+00
329	329	4.553347e+00
328	330	-1.132067e+00
330	330	4.702883e+00
331	330	-3.570816e+00
330	331	-3.570816e+00
331	331	5.292102e+00
332	331	-1.721286e+00
331	332	-1.721286e+00
332	332	5.887241e+00
333	332	-4.165955e+00
332	333	-4.165955e+00
333	333	1.661870e+01
334	333	-1.245274e+01
78	334	-1.181123e-01
333	334	-1.245274e+01
334	334	1.257085e+01
76	335	-1.094959e-01
335	335	1.517169e+00
336	335	-1.407674e+00
53	336	-6.692948e+00
335	336	-1.407674e+00
336	336	8.100621e+00
337	337	4.759402e+00
338	337	-3.346474e+00
339	337	-1.412928e+00
74	338	-4.082382e+00
337	338	-3.346474e+00
338	338	7.428856e+00
337	339	-1.412928e+00
339	339	8.105876e+00
374	339	-6.692948e+00
340	340	7.039583e+00
341	340	-3.104636e+00
342	340	-3.934947e+00
73	341	-1.830034e+00
340	341	-3.104636e+00
341	341	4.934669e+00
340	342	-3.934947e+00
342	342	1.059043e+01
375	342	-6.655485e+00
71	343	-8.654712e-02
72	343	-5.310195e-02
343	343	1.396491e-01
174	344	-3.767457e+00
178	344	-3.316937e+00
344	344	7.084394e+00
177	345	-3.767457e+00
178	345	-2.655782e+00
345	345	6.423239e+00
70	346	-1.136424e-01
154	346	-3.008677e+01
346	346	3.020041e+01
69	347	-3.408072e-02
347	347	1.804864e+00
348	347	-1.770783e+00
68	348	-3.807145e-01
347	348	-1.770783e+00
348	348	2.151497e+00
67	349	-8.904640e+00
93	349	-1.925614e+00
349	349	1.083025e+01
350	350	8.100621e+00
351	350	-1.407674e+00
372	350	-6.692948e+00
66	351	-4.461955e+00
350	351	-1.407674e+00
351	351	5.869629e+00
94	352	-5.178128e-02
352	352	1.769935e+00
353	352	-1.718154e+00
65	353	-1.182629e-01
352	353	-1.718154e+00
353	353	1.836417e+00
65	354	-3.767457e+00
179	354	-5.307095e+00
354	354	9.074553e+00
355	355	5.579698e+00
356	355	-1.855067e+00
357	355	-3.724631e+00
63	356	-5.793877e+00
355	356	-1.855067e+00
356	356	7.648944e+00
355	357	-3.724631e+00
357	357	4.904687e+00
358	357	-1.180057e+00
357	358	-1.180057e+00
358	358	5.690189e+00
359	358	-4.510132e+00
64	359	-1.471984e-01
358	359	-4.510132e+00
359	359	4.657330e+00
62	360	-3.767457e+00
180	360	-5.374581e+00
360	360	9.142039e+00
62	361	-8.333819e-01
102	361	-4.586399e+00
361	361	5.419781e+00
57	362	-8.758255e+00
135	362	-9.090909e-03
362	362	8.767346e+00
54	363	-8.758255e+00
136	363	-9.090909e-03
363	363	8.767346e+00
58	364	-9.363997e+00
133	364	-9.090909e-03
364	364	9.373088e+00
56	365	-9.363997e+00
134	365	-9.090909e-03
365	365	9.373088e+00
59	366	-9.090909e-02
61	366	-5.085978e+00
366	366	5.176888e+00
58	367	-9.090909e-02
114	367	-1.094661e+01
367	367	1.103752e+01
57	368	-9.090909e-02
115	368	-6.691604e+00
293	368	-5.080113e+00
368	368	1.186263e+01
54	369	-9.090909e-02
116	369	-1.094661e+01
369	369	1.103752e+01
50	370	-1.001131e+01
181	370	-1.363637e-02
370	370	1.002495e+01
51	371	-9.090909e-02
76	371	-5.022122e+00
371	371	5.113032e+00
46	372	-1.363637e-02
350	372	-6.692948e+00
372	372	6.706584e+00
42	373	-9.090909e-02
45	373	-1.001131e+01
373	373	1.010222e+01
40	374	-1.363637e-02
339	374	-6.692948e+00
374	374	6.706584e+00
38	375	-1.363637e-02
342	375	-6.655485e+00
375	375	6.669122e+00
37	376	-9.090909e-02
39	376	-1.001131e+01
376	376	1.010222e+01
183	377	-1.363637e-02
301	377	-1.004837e+01
377	377	1.015292e+01
378	377	-9.090909e-02
117	378	-1.094661e+01
377	378	-9.090909e-02
378	378	1.103752e+01
36	379	-9.090909e-02
69	379	-4.842662e+00
94	379	-4.842662e+00
379	379	9.776233e+00
33	380	-9.090909e-02
68	380	-5.056890e+00
75	380	-5.056890e+00
380	380	1.020469e+01
30	381	-1.363637e-02
297	381	-5.511616e+00
381	381	5.525252e+00
150	382	-1.082251e-02
187	382	-1.759532e-02
382	382	2.841783e-02
142	383	-2.480362e-02
186	383	-7.168459e-03
383	383	3.197208e-02
27	384	-9.090909e-02
92	384	-5.085978e+00
384	384	5.176888e+00
169	385	-6.160822e+00
185	385	-9.090909e-02
385	385	6.251731e+00
22	386	-9.090909e-02
81	386	-4.981370e+00
83	386	-4.981370e+00
386	386	1.005365e+01
19	387	-1.001131e+01
186	387	-1.363637e-02
387	387	1.002495e+01
20	388	-9.090909e-02
21	388	-1.001131e+01
388	388	1.010222e+01
15	389	-1.363637e-02
317	389	-6.692948e+00
389	389	6.706584e+00
149	390	-1.082251e-02
190	390	-1.759532e-02
390	390	2.841783e-02
141	391	-2.480362e-02
189	391	-7.168459e-03
391	391	3.197208e-02
12	392	-9.090909e-02
87	392	-5.085978e+00
392	392	5.176888e+00
9	393	-9.090909e-02
85	393	-5.022122e+00
96	393	-5.022122e+00
393	393	1.013515e+01
172	394	-6.160822e+00
188	394	-9.090909e-02
394	394	6.251731e+00
5	395	-1.001131e+01
190	395	-1.363637e-02
395	395	1.002495e+01
3	396	-9.090909e-02
6	396	-1.001131e+01
396	396	1.010222e+01
