1	1	8.342173e+00
2	1	-9.090909e-02
51	1	-7.251264e+00
1	2	-9.090909e-02
2	2	4.013608e+01
81	2	-4.004517e+01
3	3	1.160631e+01
65	3	-5.803157e+00
68	3	-5.803157e+00
4	4	6.034304e+00
63	4	-5.943395e+00
90	4	-9.090909e-02
5	5	1.184006e+01
6	5	-9.090909e-02
59	5	-5.874578e+00
62	5	-5.874578e+00
5	6	-9.090909e-02
6	6	5.147799e+00
14	6	-5.056890e+00
7	7	5.965487e+00
8	7	-9.090909e-02
58	7	-5.874578e+00
7	8	-9.090909e-02
8	8	5.176888e+00
19	8	-5.085978e+00
9	9	1.060483e+01
70	9	-5.256960e+00
72	9	-5.256960e+00
89	9	-9.090909e-02
10	10	4.965177e+00
11	10	-9.090909e-02
40	10	-4.874268e+00
10	11	-9.090909e-02
11	11	1.010222e+01
85	11	-1.001131e+01
12	12	2.976540e-02
46	12	-1.612903e-02
86	12	-1.363637e-02
13	13	1.002495e+01
41	13	-1.363637e-02
87	13	-1.001131e+01
6	14	-5.056890e+00
14	14	5.437605e+00
83	14	-3.807145e-01
15	15	4.876743e+00
82	15	-3.408072e-02
89	15	-4.842662e+00
16	16	7.324432e+00
92	16	-2.340605e+00
93	16	-4.983827e+00
17	17	1.002825e+01
81	17	-7.271511e+00
91	17	-2.756735e+00
18	18	9.168361e+00
79	18	-4.082382e+00
90	18	-5.085978e+00
8	19	-5.085978e+00
19	19	6.916012e+00
76	19	-1.830034e+00
20	20	4.988452e+00
22	20	-4.020537e-01
30	20	-4.586399e+00
21	21	4.416748e+00
23	21	-1.263596e+00
73	21	-3.153152e+00
20	22	-4.020537e-01
22	22	7.076240e+00
74	22	-6.674186e+00
21	23	-1.263596e+00
23	23	6.349575e+00
90	23	-5.085978e+00
24	24	1.797132e+00
69	24	-1.743396e+00
71	24	-5.373600e-02
25	25	5.768452e+00
50	25	-3.761746e+00
67	25	-2.006706e+00
26	26	2.430294e+00
64	26	-2.020280e+00
65	26	-4.100142e-01
27	27	1.433187e+01
60	27	-6.028454e-02
63	27	-1.427159e+01
28	28	2.375775e+00
57	28	-2.113200e+00
59	28	-2.625747e-01
29	29	3.355681e-01
30	29	-1.818182e-01
55	29	-1.537499e-01
20	30	-4.586399e+00
29	30	-1.818182e-01
30	30	4.768217e+00
31	31	3.297752e+01
44	31	-3.279570e+01
56	31	-1.818182e-01
32	32	1.505796e+01
71	32	-4.111352e+00
88	32	-1.094661e+01
33	33	9.484065e+01
66	33	-8.757258e+01
94	33	-7.268076e+00
34	34	9.090909e-03
92	34	-9.090909e-03
35	35	9.090909e-03
91	35	-9.090909e-03
36	36	1.240182e-02
49	36	-1.240182e-02
37	37	1.240182e-02
48	37	-1.240182e-02
38	38	1.082251e-02
47	38	-1.082251e-02
39	39	5.411255e-03
46	39	-5.411255e-03
10	40	-4.874268e+00
40	40	5.004522e+00
72	40	-1.302538e-01
13	41	-1.363637e-02
41	41	3.123169e-02
49	41	-1.759532e-02
42	42	3.123169e-02
48	42	-1.759532e-02
84	42	-1.363637e-02
43	43	3.123169e-02
47	43	-1.759532e-02
85	43	-1.363637e-02
31	44	-3.279570e+01
44	44	4.591347e+01
45	44	-1.311776e+01
44	45	-1.311776e+01
45	45	1.776607e+01
73	45	-4.648309e+00
12	46	-1.612903e-02
39	46	-5.411255e-03
46	46	2.154029e-02
38	47	-1.082251e-02
43	47	-1.759532e-02
47	47	2.841783e-02
37	48	-1.240182e-02
42	48	-1.759532e-02
48	48	2.999714e-02
36	49	-1.240182e-02
41	49	-1.759532e-02
49	49	2.999714e-02
25	50	-3.761746e+00
50	50	9.133432e+01
51	50	-8.757258e+01
1	51	-7.251264e+00
50	51	-8.757258e+01
51	51	9.482384e+01
52	52	4.233303e+00
53	52	-2.199175e+00
54	52	-2.034129e+00
52	53	-2.199175e+00
53	53	2.395782e+00
56	53	-1.966070e-01
52	54	-2.034129e+00
54	54	4.233303e+00
55	54	-2.199175e+00
29	55	-1.537499e-01
54	55	-2.199175e+00
55	55	2.352925e+00
31	56	-1.818182e-01
53	56	-1.966070e-01
56	56	3.784251e-01
28	57	-2.113200e+00
57	57	2.890134e+00
58	57	-7.769344e-01
7	58	-5.874578e+00
57	58	-7.769344e-01
58	58	6.651512e+00
5	59	-5.874578e+00
28	59	-2.625747e-01
59	59	6.137152e+00
27	60	-6.028454e-02
60	60	2.173484e+00
61	60	-2.113200e+00
60	61	-2.113200e+00
61	61	2.211666e+00
62	61	-9.846590e-02
5	62	-5.874578e+00
61	62	-9.846590e-02
62	62	5.973044e+00
4	63	-5.943395e+00
27	63	-1.427159e+01
63	63	2.021498e+01
26	64	-2.020280e+00
64	64	4.990080e+00
66	64	-2.969800e+00
3	65	-5.803157e+00
26	65	-4.100142e-01
65	65	6.213171e+00
33	66	-8.757258e+01
64	66	-2.969800e+00
66	66	9.054238e+01
25	67	-2.006706e+00
67	67	2.456399e+00
68	67	-4.496929e-01
3	68	-5.803157e+00
67	68	-4.496929e-01
68	68	6.252850e+00
24	69	-1.743396e+00
69	69	1.831081e+00
70	69	-8.768469e-02
9	70	-5.256960e+00
69	70	-8.768469e-02
70	70	5.344645e+00
24	71	-5.373600e-02
32	71	-4.111352e+00
71	71	4.165088e+00
9	72	-5.256960e+00
40	72	-1.302538e-01
72	72	5.387214e+00
21	73	-3.153152e+00
45	73	-4.648309e+00
73	73	7.801461e+00
22	74	-6.674186e+00
74	74	8.574182e+01
93	74	-7.906763e+01
75	75	7.039583e+00
76	75	-3.104636e+00
77	75	-3.934947e+00
19	76	-1.830034e+00
75	76	-3.104636e+00
76	76	4.934669e+00
75	77	-3.934947e+00
77	77	1.059043e+01
86	77	-6.655485e+00
78	78	4.759402e+00
79	78	-3.346474e+00
80	78	-1.412928e+00
18	79	-4.082382e+00
78	79	-3.346474e+00
79	79	7.428856e+00
78	80	-1.412928e+00
80	80	8.105876e+00
84	80	-6.692948e+00
2	81	-4.004517e+01
17	81	-7.271511e+00
81	81	4.731668e+01
15	82	-3.408072e-02
82	82	1.804864e+00
83	82	-1.770783e+00
14	83	-3.807145e-01
82	83	-1.770783e+00
83	83	2.151497e+00
42	84	-1.363637e-02
80	84	-6.692948e+00
84	84	6.706584e+00
11	85	-1.001131e+01
43	85	-1.363637e-02
85	85	1.002495e+01
12	86	-1.363637e-02
77	86	-6.655485e+00
86	86	6.669122e+00
13	87	-1.001131e+01
87	87	1.010222e+01
88	87	-9.090909e-02
32	88	-1.094661e+01
87	88	-9.090909e-02
88	88	1.103752e+01
9	89	-9.090909e-02
15	89	-4.842662e+00
89	89	4.933571e+00
4	90	-9.090909e-02
18	90	-5.085978e+00
23	90	-5.085978e+00
90	90	1.026287e+01
17	91	-2.756735e+00
35	91	-9.090909e-03
91	91	2.765826e+00
16	92	-2.340605e+00
34	92	-9.090909e-03
92	92	2.349696e+00
16	93	-4.983827e+00
74	93	-7.906763e+01
93	93	8.414237e+01
94	93	-9.090909e-02
33	94	-7.268076e+00
93	94	-9.090909e-02
94	94	7.358985e+00
