1	1	1.352710e+01
2	1	-9.090909e-02
58	1	-6.218093e+00
72	1	-6.218093e+00
1	2	-9.090909e-02
2	2	2.024529e+01
85	2	-2.015438e+01
3	3	5.848028e+00
73	3	-5.757119e+00
94	3	-9.090909e-02
4	4	5.844351e+00
5	4	-9.090909e-02
44	4	-5.753442e+00
4	5	-9.090909e-02
5	5	1.010222e+01
93	5	-1.001131e+01
6	6	1.002495e+01
50	6	-1.363637e-02
94	6	-1.001131e+01
7	7	6.309002e+00
8	7	-9.090909e-02
28	7	-6.218093e+00
7	8	-9.090909e-02
8	8	5.104772e+00
22	8	-5.013863e+00
9	9	1.200525e+01
10	9	-9.090909e-02
37	9	-5.957168e+00
62	9	-5.957168e+00
9	10	-9.090909e-02
10	10	5.104772e+00
21	10	-5.013863e+00
11	11	6.048361e+00
64	11	-5.957452e+00
91	11	-9.090909e-02
12	12	2.928185e+01
13	12	-9.090909e-02
55	12	-2.919094e+01
12	13	-9.090909e-02
13	13	1.010222e+01
88	13	-1.001131e+01
14	14	3.123169e-02
15	14	-1.363637e-02
53	14	-1.759532e-02
14	15	-1.363637e-02
15	15	6.706584e+00
77	15	-6.692948e+00
16	16	7.342173e+00
17	16	-9.090909e-02
57	16	-7.251264e+00
16	17	-9.090909e-02
17	17	4.013608e+01
79	17	-4.004517e+01
18	18	1.160631e+01
66	18	-5.803157e+00
69	18	-5.803157e+00
19	19	2.349696e+00
25	19	-2.340605e+00
38	19	-9.090909e-03
20	20	2.765826e+00
39	20	-9.090909e-03
78	20	-2.756735e+00
10	21	-5.013863e+00
21	21	5.048587e+00
22	21	-3.472391e-02
8	22	-5.013863e+00
21	22	-3.472391e-02
22	22	5.048587e+00
23	23	9.019882e+00
45	23	-1.158757e-01
85	23	-8.904006e+00
24	24	4.973778e+00
32	24	-4.586399e+00
82	24	-3.873792e-01
19	25	-2.340605e+00
25	25	7.324432e+00
86	25	-4.983827e+00
26	26	7.007967e+00
75	26	-6.674186e+00
80	26	-3.337806e-01
27	27	1.177893e+01
76	27	-6.692948e+00
91	27	-5.085978e+00
7	28	-6.218093e+00
28	28	6.313408e+00
74	28	-9.531435e-02
29	29	2.447330e+00
71	29	-2.037315e+00
73	29	-4.100142e-01
30	30	2.049437e-01
31	30	-1.818182e-01
70	30	-2.312550e-02
30	31	-1.818182e-01
31	31	4.768217e+00
80	31	-4.586399e+00
24	32	-4.586399e+00
32	32	4.768217e+00
70	32	-1.818182e-01
33	33	5.768452e+00
56	33	-3.761746e+00
68	33	-2.006706e+00
34	34	2.430294e+00
65	34	-2.020280e+00
66	34	-4.100142e-01
35	35	2.373355e+00
61	35	-2.193492e+00
62	35	-1.798623e-01
36	36	9.484065e+01
67	36	-8.757258e+01
87	36	-7.268076e+00
9	37	-5.957168e+00
37	37	6.202153e+00
64	37	-2.449846e-01
19	38	-9.090909e-03
38	38	9.090909e-03
20	39	-9.090909e-03
39	39	9.090909e-03
40	40	2.480362e-02
90	40	-2.480362e-02
41	41	1.240182e-02
53	41	-1.240182e-02
42	42	1.082251e-02
89	42	-1.082251e-02
43	43	5.411255e-03
52	43	-5.411255e-03
4	44	-5.753442e+00
44	44	6.798372e+00
58	44	-1.044930e+00
23	45	-1.158757e-01
45	45	5.716987e+00
47	45	-5.601111e+00
46	46	1.222007e+01
47	46	-6.059247e+00
92	46	-6.160822e+00
45	47	-5.601111e+00
46	47	-6.059247e+00
47	47	1.166036e+01
48	48	2.976540e-02
52	48	-1.612903e-02
88	48	-1.363637e-02
49	49	6.309002e+00
74	49	-6.218093e+00
92	49	-9.090909e-02
6	50	-1.363637e-02
50	50	2.080483e-02
90	50	-7.168459e-03
51	51	3.123169e-02
89	51	-1.759532e-02
93	51	-1.363637e-02
43	52	-5.411255e-03
48	52	-1.612903e-02
52	52	2.154029e-02
14	53	-1.759532e-02
41	53	-1.240182e-02
53	53	2.999714e-02
54	54	2.163655e+01
55	54	-1.752520e+01
63	54	-4.111352e+00
12	55	-2.919094e+01
54	55	-1.752520e+01
55	55	4.671614e+01
33	56	-3.761746e+00
56	56	9.133432e+01
57	56	-8.757258e+01
16	57	-7.251264e+00
56	57	-8.757258e+01
57	57	9.482384e+01
1	58	-6.218093e+00
44	58	-1.044930e+00
58	58	7.263023e+00
59	59	1.787678e+00
60	59	-1.605510e+00
61	59	-1.821679e-01
59	60	-1.605510e+00
60	60	1.683293e+00
63	60	-7.778288e-02
35	61	-2.193492e+00
59	61	-1.821679e-01
61	61	2.375660e+00
9	62	-5.957168e+00
35	62	-1.798623e-01
62	62	6.137030e+00
54	63	-4.111352e+00
60	63	-7.778288e-02
63	63	4.189135e+00
11	64	-5.957452e+00
37	64	-2.449846e-01
64	64	6.202436e+00
34	65	-2.020280e+00
65	65	4.990080e+00
67	65	-2.969800e+00
18	66	-5.803157e+00
34	66	-4.100142e-01
66	66	6.213171e+00
36	67	-8.757258e+01
65	67	-2.969800e+00
67	67	9.054238e+01
33	68	-2.006706e+00
68	68	2.456399e+00
69	68	-4.496929e-01
18	69	-5.803157e+00
68	69	-4.496929e-01
69	69	6.252850e+00
30	70	-2.312550e-02
32	70	-1.818182e-01
70	70	2.049437e-01
29	71	-2.037315e+00
71	71	3.304632e+00
72	71	-1.267316e+00
1	72	-6.218093e+00
71	72	-1.267316e+00
72	72	7.485410e+00
3	73	-5.757119e+00
29	73	-4.100142e-01
73	73	6.167133e+00
28	74	-9.531435e-02
49	74	-6.218093e+00
74	74	6.313408e+00
26	75	-6.674186e+00
75	75	8.574182e+01
86	75	-7.906763e+01
27	76	-6.692948e+00
76	76	8.105876e+00
77	76	-1.412928e+00
15	77	-6.692948e+00
76	77	-1.412928e+00
77	77	8.105876e+00
20	78	-2.756735e+00
78	78	1.002825e+01
79	78	-7.271511e+00
17	79	-4.004517e+01
78	79	-7.271511e+00
79	79	4.731668e+01
26	80	-3.337806e-01
31	80	-4.586399e+00
80	80	4.920179e+00
81	81	4.072201e+00
82	81	-1.871772e+00
83	81	-2.200428e+00
24	82	-3.873792e-01
81	82	-1.871772e+00
82	82	2.259152e+00
81	83	-2.200428e+00
83	83	6.238923e+00
84	83	-4.038495e+00
83	84	-4.038495e+00
84	84	3.073535e+01
94	84	-2.669685e+01
2	85	-2.015438e+01
23	85	-8.904006e+00
85	85	2.905839e+01
25	86	-4.983827e+00
75	86	-7.906763e+01
86	86	8.414237e+01
87	86	-9.090909e-02
36	87	-7.268076e+00
86	87	-9.090909e-02
87	87	7.358985e+00
13	88	-1.001131e+01
48	88	-1.363637e-02
88	88	1.002495e+01
42	89	-1.082251e-02
51	89	-1.759532e-02
89	89	2.841783e-02
40	90	-2.480362e-02
50	90	-7.168459e-03
90	90	3.197208e-02
11	91	-9.090909e-02
27	91	-5.085978e+00
91	91	5.176888e+00
46	92	-6.160822e+00
49	92	-9.090909e-02
92	92	6.251731e+00
5	93	-1.001131e+01
51	93	-1.363637e-02
93	93	1.002495e+01
3	94	-9.090909e-02
6	94	-1.001131e+01
84	94	-2.669685e+01
94	94	3.679907e+01
