1	1	1.352710e+01
2	1	-9.090909e-02
74	1	-6.218093e+00
88	1	-6.218093e+00
1	2	-9.090909e-02
2	2	2.024529e+01
96	2	-2.015438e+01
3	3	5.848028e+00
89	3	-5.757119e+00
112	3	-9.090909e-02
4	4	5.844351e+00
5	4	-9.090909e-02
48	4	-5.753442e+00
4	5	-9.090909e-02
5	5	1.010222e+01
111	5	-1.001131e+01
6	6	1.002495e+01
70	6	-1.363637e-02
112	6	-1.001131e+01
7	7	7.358985e+00
8	7	-9.090909e-02
86	7	-7.268076e+00
7	8	-9.090909e-02
8	8	7.362420e+00
19	8	-7.271511e+00
9	9	1.169722e+01
82	9	-5.803157e+00
84	9	-5.803157e+00
108	9	-9.090909e-02
10	10	6.309002e+00
30	10	-6.218093e+00
104	10	-9.090909e-02
11	11	1.252710e+01
12	11	-9.090909e-02
72	11	-6.218093e+00
76	11	-6.218093e+00
11	12	-9.090909e-02
12	12	2.024529e+01
94	12	-2.015438e+01
13	13	5.848028e+00
77	13	-5.757119e+00
100	13	-9.090909e-02
14	14	5.844351e+00
15	14	-9.090909e-02
47	14	-5.753442e+00
14	15	-9.090909e-02
15	15	1.010222e+01
99	15	-1.001131e+01
16	16	1.002495e+01
64	16	-1.363637e-02
100	16	-1.001131e+01
17	17	1.166036e+01
56	17	-5.601111e+00
57	17	-6.059247e+00
18	18	9.019882e+00
56	18	-1.158757e-01
96	18	-8.904006e+00
8	19	-7.271511e+00
19	19	9.612116e+00
107	19	-2.340605e+00
20	20	1.002825e+01
25	20	-7.271511e+00
106	20	-2.756735e+00
21	21	3.809301e+00
60	21	-3.767457e+00
61	21	-4.184381e-02
22	22	5.987962e+00
59	22	-2.220505e+00
95	22	-3.767457e+00
23	23	2.028595e+00
28	23	-6.030781e-01
92	23	-1.425517e+00
24	24	9.019882e+00
29	24	-1.158757e-01
94	24	-8.904006e+00
20	25	-7.271511e+00
25	25	4.731668e+01
109	25	-4.004517e+01
26	26	5.258287e+00
55	26	-1.723086e-01
108	26	-5.085978e+00
27	27	5.316385e+00
58	27	-2.523965e-02
103	27	-5.291145e+00
23	28	-6.030781e-01
28	28	3.659658e+00
29	28	-3.056580e+00
24	29	-1.158757e-01
28	29	-3.056580e+00
29	29	3.172456e+00
10	30	-6.218093e+00
30	30	6.267117e+00
90	30	-4.902369e-02
31	31	2.447330e+00
87	31	-2.037315e+00
89	31	-4.100142e-01
32	32	4.990080e+00
83	32	-2.020280e+00
85	32	-2.969800e+00
33	33	2.456399e+00
81	33	-2.006706e+00
82	33	-4.496929e-01
34	34	6.237775e+00
66	34	-6.218093e+00
80	34	-1.968128e-02
35	35	2.547204e-01
50	35	-1.818182e-01
79	35	-7.290224e-02
36	36	3.305100e+00
79	36	-1.818182e-01
93	36	-3.123282e+00
37	37	3.412143e-01
49	37	-1.818182e-01
78	37	-1.593961e-01
38	38	3.163128e+00
78	38	-1.818182e-01
91	38	-2.981310e+00
39	39	2.447330e+00
75	39	-2.037315e+00
77	39	-4.100142e-01
40	40	9.482384e+01
73	40	-8.757258e+01
110	40	-7.251264e+00
41	41	9.090909e-03
107	41	-9.090909e-03
42	42	9.090909e-03
106	42	-9.090909e-03
43	43	2.480362e-02
102	43	-2.480362e-02
44	44	2.480362e-02
98	44	-2.480362e-02
45	45	1.082251e-02
101	45	-1.082251e-02
46	46	1.082251e-02
97	46	-1.082251e-02
14	47	-5.753442e+00
47	47	6.798372e+00
72	47	-1.044930e+00
4	48	-5.753442e+00
48	48	6.798372e+00
74	48	-1.044930e+00
37	49	-1.818182e-01
49	49	4.768217e+00
59	49	-4.586399e+00
35	50	-1.818182e-01
50	50	4.768217e+00
62	50	-4.586399e+00
51	51	3.169738e+00
52	51	-3.056580e+00
62	51	-1.131579e-01
51	52	-3.056580e+00
52	52	3.133943e+00
53	52	-7.736285e-02
52	53	-7.736285e-02
53	53	5.163341e+00
103	53	-5.085978e+00
54	54	4.004277e+00
55	54	-3.056580e+00
63	54	-9.476966e-01
26	55	-1.723086e-01
54	55	-3.056580e+00
55	55	3.228889e+00
17	56	-5.601111e+00
18	56	-1.158757e-01
56	56	5.716987e+00
17	57	-6.059247e+00
57	57	1.222007e+01
104	57	-6.160822e+00
27	58	-2.523965e-02
58	58	5.316385e+00
105	58	-5.291145e+00
22	59	-2.220505e+00
49	59	-4.586399e+00
59	59	6.806904e+00
21	60	-3.767457e+00
60	60	8.180228e+00
95	60	-4.412771e+00
21	61	-4.184381e-02
61	61	3.194996e+00
93	61	-3.153152e+00
50	62	-4.586399e+00
51	62	-1.131579e-01
62	62	4.699556e+00
54	63	-9.476966e-01
63	63	6.033675e+00
67	63	-5.085978e+00
16	64	-1.363637e-02
64	64	2.080483e-02
98	64	-7.168459e-03
65	65	3.123169e-02
97	65	-1.759532e-02
99	65	-1.363637e-02
34	66	-6.218093e+00
66	66	6.309002e+00
103	66	-9.090909e-02
63	67	-5.085978e+00
67	67	5.176888e+00
68	67	-9.090909e-02
67	68	-9.090909e-02
68	68	6.309002e+00
80	68	-6.218093e+00
69	69	6.309002e+00
90	69	-6.218093e+00
105	69	-9.090909e-02
6	70	-1.363637e-02
70	70	2.080483e-02
102	70	-7.168459e-03
71	71	3.123169e-02
101	71	-1.759532e-02
111	71	-1.363637e-02
11	72	-6.218093e+00
47	72	-1.044930e+00
72	72	7.263023e+00
40	73	-8.757258e+01
73	73	9.133432e+01
81	73	-3.761746e+00
1	74	-6.218093e+00
48	74	-1.044930e+00
74	74	7.263023e+00
39	75	-2.037315e+00
75	75	3.304632e+00
76	75	-1.267316e+00
11	76	-6.218093e+00
75	76	-1.267316e+00
76	76	7.485410e+00
13	77	-5.757119e+00
39	77	-4.100142e-01
77	77	6.167133e+00
37	78	-1.593961e-01
38	78	-1.818182e-01
78	78	3.412143e-01
35	79	-7.290224e-02
36	79	-1.818182e-01
79	79	2.547204e-01
34	80	-1.968128e-02
68	80	-6.218093e+00
80	80	6.237775e+00
33	81	-2.006706e+00
73	81	-3.761746e+00
81	81	5.768452e+00
9	82	-5.803157e+00
33	82	-4.496929e-01
82	82	6.252850e+00
32	83	-2.020280e+00
83	83	2.430294e+00
84	83	-4.100142e-01
9	84	-5.803157e+00
83	84	-4.100142e-01
84	84	6.213171e+00
32	85	-2.969800e+00
85	85	9.054238e+01
86	85	-8.757258e+01
7	86	-7.268076e+00
85	86	-8.757258e+01
86	86	9.484065e+01
31	87	-2.037315e+00
87	87	3.304632e+00
88	87	-1.267316e+00
1	88	-6.218093e+00
87	88	-1.267316e+00
88	88	7.485410e+00
3	89	-5.757119e+00
31	89	-4.100142e-01
89	89	6.167133e+00
30	90	-4.902369e-02
69	90	-6.218093e+00
90	90	6.267117e+00
38	91	-2.981310e+00
91	91	6.986513e+01
92	91	-6.688382e+01
23	92	-1.425517e+00
91	92	-6.688382e+01
92	92	6.830933e+01
36	93	-3.123282e+00
61	93	-3.153152e+00
93	93	6.276434e+00
12	94	-2.015438e+01
24	94	-8.904006e+00
94	94	2.905839e+01
22	95	-3.767457e+00
60	95	-4.412771e+00
95	95	8.180228e+00
2	96	-2.015438e+01
18	96	-8.904006e+00
96	96	2.905839e+01
46	97	-1.082251e-02
65	97	-1.759532e-02
97	97	2.841783e-02
44	98	-2.480362e-02
64	98	-7.168459e-03
98	98	3.197208e-02
15	99	-1.001131e+01
65	99	-1.363637e-02
99	99	1.002495e+01
13	100	-9.090909e-02
16	100	-1.001131e+01
100	100	1.010222e+01
45	101	-1.082251e-02
71	101	-1.759532e-02
101	101	2.841783e-02
43	102	-2.480362e-02
70	102	-7.168459e-03
102	102	3.197208e-02
27	103	-5.291145e+00
53	103	-5.085978e+00
66	103	-9.090909e-02
103	103	1.046803e+01
10	104	-9.090909e-02
57	104	-6.160822e+00
104	104	6.251731e+00
58	105	-5.291145e+00
69	105	-9.090909e-02
105	105	5.382054e+00
20	106	-2.756735e+00
42	106	-9.090909e-03
106	106	2.765826e+00
19	107	-2.340605e+00
41	107	-9.090909e-03
107	107	2.349696e+00
9	108	-9.090909e-02
26	108	-5.085978e+00
108	108	5.176888e+00
25	109	-4.004517e+01
109	109	4.013608e+01
110	109	-9.090909e-02
40	110	-7.251264e+00
109	110	-9.090909e-02
110	110	7.342173e+00
5	111	-1.001131e+01
71	111	-1.363637e-02
111	111	1.002495e+01
3	112	-9.090909e-02
6	112	-1.001131e+01
112	112	1.010222e+01
