1	1	6.171022e+00
2	1	-9.090909e-02
64	1	-5.080113e+00
1	2	-9.090909e-02
2	2	1.013435e+01
77	2	-1.004344e+01
3	3	1.191187e+01
57	3	-5.910480e+00
63	3	-5.910480e+00
82	3	-9.090909e-02
4	4	5.116515e+00
20	4	-5.025605e+00
81	4	-9.090909e-02
5	5	1.013435e+01
76	5	-1.004344e+01
80	5	-9.090909e-02
6	6	1.025114e+01
7	6	-9.090909e-02
51	6	-5.080113e+00
55	6	-5.080113e+00
6	7	-9.090909e-02
7	7	5.176888e+00
14	7	-5.085978e+00
8	8	1.030284e+01
30	8	-2.727270e-02
81	8	-1.027557e+01
9	9	4.282377e+01
31	9	-2.727270e-02
78	9	-4.279649e+01
10	10	5.171022e+00
11	10	-9.090909e-02
47	10	-5.080113e+00
10	11	-9.090909e-02
11	11	1.010222e+01
74	11	-1.001131e+01
12	12	5.171022e+00
48	12	-5.080113e+00
75	12	-9.090909e-02
13	13	1.603173e+01
40	13	-1.363637e-02
75	13	-1.601809e+01
7	14	-5.085978e+00
14	14	1.171987e+01
73	14	-6.633895e+00
15	15	5.106334e+00
72	15	-4.944351e-02
82	15	-5.056890e+00
16	16	4.666809e+00
35	16	-4.586399e+00
71	16	-8.041041e-02
17	17	1.080420e+01
67	17	-3.306539e+00
68	17	-7.497657e+00
18	18	1.574175e+00
66	18	-1.425517e+00
67	18	-1.486584e-01
19	19	6.533977e+00
62	19	-2.193492e+00
64	19	-4.340485e+00
4	20	-5.025605e+00
20	20	5.207617e+00
57	20	-1.820118e-01
21	21	5.945995e+00
54	21	-1.605510e+00
56	21	-4.340485e+00
22	22	1.798153e+00
49	22	-1.605510e+00
51	22	-1.926433e-01
23	23	2.616581e+00
46	23	-1.645660e+00
48	23	-9.709209e-01
24	24	1.505796e+01
56	24	-4.111352e+00
80	24	-1.094661e+01
25	25	1.505796e+01
50	25	-4.111352e+00
79	25	-1.094661e+01
26	26	5.143194e+00
44	26	-1.818182e-01
45	26	-4.961376e+00
27	27	3.412143e-01
37	27	-1.818182e-01
41	27	-1.593961e-01
28	28	9.090909e-03
77	28	-9.090909e-03
29	29	9.090909e-03
76	29	-9.090909e-03
8	30	-2.727270e-02
30	30	2.727270e-02
9	31	-2.727270e-02
31	31	2.727270e-02
32	32	1.240182e-02
43	32	-1.240182e-02
33	33	5.411255e-03
42	33	-5.411255e-03
34	34	2.259011e-01
35	34	-1.818182e-01
44	34	-4.408296e-02
16	35	-4.586399e+00
34	35	-1.818182e-01
35	35	4.768217e+00
36	36	3.163128e+00
41	36	-1.818182e-01
65	36	-2.981310e+00
27	37	-1.818182e-01
37	37	5.143194e+00
38	37	-4.961376e+00
37	38	-4.961376e+00
38	38	5.198460e+00
45	38	-2.370848e-01
39	39	3.123169e-02
43	39	-1.759532e-02
74	39	-1.363637e-02
13	40	-1.363637e-02
40	40	2.976540e-02
42	40	-1.612903e-02
27	41	-1.593961e-01
36	41	-1.818182e-01
41	41	3.412143e-01
33	42	-5.411255e-03
40	42	-1.612903e-02
42	42	2.154029e-02
32	43	-1.240182e-02
39	43	-1.759532e-02
43	43	2.999714e-02
26	44	-1.818182e-01
34	44	-4.408296e-02
44	44	2.259011e-01
26	45	-4.961376e+00
38	45	-2.370848e-01
45	45	5.198460e+00
23	46	-1.645660e+00
46	46	1.819039e+00
47	46	-1.733790e-01
10	47	-5.080113e+00
46	47	-1.733790e-01
47	47	5.253492e+00
12	48	-5.080113e+00
23	48	-9.709209e-01
48	48	6.051034e+00
22	49	-1.605510e+00
49	49	3.315397e+00
50	49	-1.709887e+00
25	50	-4.111352e+00
49	50	-1.709887e+00
50	50	5.821239e+00
6	51	-5.080113e+00
22	51	-1.926433e-01
51	51	5.272757e+00
52	52	1.707284e+00
53	52	-1.605510e+00
54	52	-1.017738e-01
52	53	-1.605510e+00
53	53	2.289257e+00
55	53	-6.837467e-01
21	54	-1.605510e+00
52	54	-1.017738e-01
54	54	1.707284e+00
6	55	-5.080113e+00
53	55	-6.837467e-01
55	55	5.763860e+00
21	56	-4.340485e+00
24	56	-4.111352e+00
56	56	8.451837e+00
3	57	-5.910480e+00
20	57	-1.820118e-01
57	57	6.092492e+00
58	58	2.719223e+00
59	58	-2.183030e+00
60	58	-5.361930e-01
58	59	-2.183030e+00
59	59	2.491658e+00
63	59	-3.086286e-01
58	60	-5.361930e-01
60	60	2.728772e+00
61	60	-2.192579e+00
60	61	-2.192579e+00
61	61	2.437563e+00
62	61	-2.449846e-01
19	62	-2.193492e+00
61	62	-2.449846e-01
62	62	2.438477e+00
3	63	-5.910480e+00
59	63	-3.086286e-01
63	63	6.219109e+00
1	64	-5.080113e+00
19	64	-4.340485e+00
64	64	9.420598e+00
36	65	-2.981310e+00
65	65	6.986513e+01
66	65	-6.688382e+01
18	66	-1.425517e+00
65	66	-6.688382e+01
66	66	6.830933e+01
17	67	-3.306539e+00
18	67	-1.486584e-01
67	67	3.455198e+00
17	68	-7.497657e+00
68	68	3.419451e+01
75	68	-2.669685e+01
69	69	8.864294e+00
70	69	-5.515355e+00
71	69	-3.348939e+00
69	70	-5.515355e+00
70	70	1.086492e+01
78	70	-5.349567e+00
16	71	-8.041041e-02
69	71	-3.348939e+00
71	71	3.429350e+00
15	72	-4.944351e-02
72	72	2.105170e+00
73	72	-2.055727e+00
14	73	-6.633895e+00
72	73	-2.055727e+00
73	73	8.689622e+00
11	74	-1.001131e+01
39	74	-1.363637e-02
74	74	1.002495e+01
12	75	-9.090909e-02
13	75	-1.601809e+01
68	75	-2.669685e+01
75	75	4.280586e+01
5	76	-1.004344e+01
29	76	-9.090909e-03
76	76	1.005253e+01
2	77	-1.004344e+01
28	77	-9.090909e-03
77	77	1.005253e+01
9	78	-4.279649e+01
70	78	-5.349567e+00
78	78	4.823697e+01
79	78	-9.090909e-02
25	79	-1.094661e+01
78	79	-9.090909e-02
79	79	1.103752e+01
5	80	-9.090909e-02
24	80	-1.094661e+01
80	80	1.103752e+01
4	81	-9.090909e-02
8	81	-1.027557e+01
81	81	1.036648e+01
3	82	-9.090909e-02
15	82	-5.056890e+00
82	82	5.147799e+00
