1	1	1.352710e+01
2	1	-9.090909e-02
34	1	-6.218093e+00
68	1	-6.218093e+00
1	2	-9.090909e-02
2	2	2.024529e+01
94	2	-2.015438e+01
3	3	5.848028e+00
4	3	-9.090909e-02
69	3	-5.757119e+00
3	4	-9.090909e-02
4	4	1.010222e+01
115	4	-1.001131e+01
5	5	5.844351e+00
64	5	-5.753442e+00
116	5	-9.090909e-02
6	6	1.002495e+01
59	6	-1.363637e-02
116	6	-1.001131e+01
7	7	5.171022e+00
8	7	-9.090909e-02
92	7	-5.080113e+00
7	8	-9.090909e-02
8	8	1.013435e+01
106	8	-1.004344e+01
9	9	1.191187e+01
85	9	-5.910480e+00
91	9	-5.910480e+00
112	9	-9.090909e-02
10	10	5.116515e+00
22	10	-5.025605e+00
111	10	-9.090909e-02
11	11	1.013435e+01
105	11	-1.004344e+01
110	11	-9.090909e-02
12	12	1.025114e+01
79	12	-5.080113e+00
83	12	-5.080113e+00
107	12	-9.090909e-02
13	13	1.030284e+01
38	13	-2.727270e-02
111	13	-1.027557e+01
14	14	8.555330e+00
39	14	-2.727270e-02
108	14	-8.528057e+00
15	15	1.171987e+01
104	15	-6.633895e+00
107	15	-5.085978e+00
16	16	5.106334e+00
103	16	-4.944351e-02
112	16	-5.056890e+00
17	17	5.151660e+00
57	17	-6.568188e-02
107	17	-5.085978e+00
18	18	4.609854e+00
54	18	-3.767457e+00
99	18	-8.423961e-01
19	19	5.978751e+00
53	19	-2.211294e+00
95	19	-3.767457e+00
20	20	9.019882e+00
49	20	-1.158757e-01
94	20	-8.904006e+00
21	21	6.533977e+00
90	21	-2.193492e+00
92	21	-4.340485e+00
10	22	-5.025605e+00
22	22	5.207617e+00
85	22	-1.820118e-01
23	23	5.945995e+00
82	23	-1.605510e+00
84	23	-4.340485e+00
24	24	1.798153e+00
77	24	-1.605510e+00
79	24	-1.926433e-01
25	25	2.546265e-01
26	25	-1.818182e-01
76	25	-7.280829e-02
25	26	-1.818182e-01
26	26	4.768217e+00
53	26	-4.586399e+00
27	27	2.637142e-01
48	27	-1.818182e-01
75	27	-8.189606e-02
28	28	3.955899e+00
72	28	-2.192579e+00
74	28	-1.763320e+00
29	29	3.319730e+00
67	29	-2.037315e+00
68	29	-1.282415e+00
30	30	1.505796e+01
84	30	-4.111352e+00
110	30	-1.094661e+01
31	31	1.505796e+01
78	31	-4.111352e+00
109	31	-1.094661e+01
32	32	3.512731e+01
66	32	-2.821312e+00
74	32	-3.230600e+01
33	33	3.512731e+01
65	33	-2.821312e+00
73	33	-3.230600e+01
1	34	-6.218093e+00
34	34	7.250721e+00
64	34	-1.032628e+00
35	35	2.005024e-01
46	35	-1.818182e-01
61	35	-1.868418e-02
36	36	9.090909e-03
106	36	-9.090909e-03
37	37	9.090909e-03
105	37	-9.090909e-03
13	38	-2.727270e-02
38	38	2.727270e-02
14	39	-2.727270e-02
39	39	2.727270e-02
40	40	2.480362e-02
114	40	-2.480362e-02
41	41	1.082251e-02
113	41	-1.082251e-02
42	42	7.142940e+00
43	42	-1.818182e-01
60	42	-6.961122e+00
42	43	-1.818182e-01
43	43	3.988420e-01
62	43	-2.170238e-01
44	44	4.768217e+00
61	44	-1.818182e-01
102	44	-4.586399e+00
45	45	5.143194e+00
47	45	-4.961376e+00
62	45	-1.818182e-01
35	46	-1.818182e-01
46	46	5.143194e+00
63	46	-4.961376e+00
45	47	-4.961376e+00
47	47	5.220212e+00
63	47	-2.588360e-01
27	48	-1.818182e-01
48	48	3.305100e+00
93	48	-3.123282e+00
20	49	-1.158757e-01
49	49	3.172456e+00
50	49	-3.056580e+00
49	50	-3.056580e+00
50	50	3.214429e+00
96	50	-1.578482e-01
51	51	9.842487e+00
52	51	-5.017838e+00
97	51	-4.824648e+00
51	52	-5.017838e+00
52	52	9.249711e+00
96	52	-4.231873e+00
19	53	-2.211294e+00
26	53	-4.586399e+00
53	53	6.797692e+00
18	54	-3.767457e+00
54	54	8.180228e+00
95	54	-4.412771e+00
55	55	3.937597e+00
56	55	-1.701395e-01
97	55	-3.767457e+00
55	56	-1.701395e-01
56	56	3.323291e+00
93	56	-3.153152e+00
17	57	-6.568188e-02
57	57	3.642117e+00
60	57	-3.576436e+00
58	58	2.080483e-02
114	58	-7.168459e-03
115	58	-1.363637e-02
6	59	-1.363637e-02
59	59	3.123169e-02
113	59	-1.759532e-02
42	60	-6.961122e+00
57	60	-3.576436e+00
60	60	1.053756e+01
35	61	-1.868418e-02
44	61	-1.818182e-01
61	61	2.005024e-01
43	62	-2.170238e-01
45	62	-1.818182e-01
62	62	3.988420e-01
46	63	-4.961376e+00
47	63	-2.588360e-01
63	63	5.220212e+00
5	64	-5.753442e+00
34	64	-1.032628e+00
64	64	6.786070e+00
33	65	-2.821312e+00
65	65	3.512731e+01
75	65	-3.230600e+01
32	66	-2.821312e+00
66	66	3.512731e+01
76	66	-3.230600e+01
29	67	-2.037315e+00
67	67	2.447330e+00
69	67	-4.100142e-01
1	68	-6.218093e+00
29	68	-1.282415e+00
68	68	7.500508e+00
3	69	-5.757119e+00
67	69	-4.100142e-01
69	69	6.167133e+00
70	70	2.240975e+00
71	70	-2.192579e+00
72	70	-4.839639e-02
70	71	-2.192579e+00
71	71	3.955899e+00
73	71	-1.763320e+00
28	72	-2.192579e+00
70	72	-4.839639e-02
72	72	2.240975e+00
33	73	-3.230600e+01
71	73	-1.763320e+00
73	73	3.406932e+01
28	74	-1.763320e+00
32	74	-3.230600e+01
74	74	3.406932e+01
27	75	-8.189606e-02
65	75	-3.230600e+01
75	75	3.238790e+01
25	76	-7.280829e-02
66	76	-3.230600e+01
76	76	3.237881e+01
24	77	-1.605510e+00
77	77	3.315397e+00
78	77	-1.709887e+00
31	78	-4.111352e+00
77	78	-1.709887e+00
78	78	5.821239e+00
12	79	-5.080113e+00
24	79	-1.926433e-01
79	79	5.272757e+00
80	80	1.707284e+00
81	80	-1.605510e+00
82	80	-1.017738e-01
80	81	-1.605510e+00
81	81	2.289257e+00
83	81	-6.837467e-01
23	82	-1.605510e+00
80	82	-1.017738e-01
82	82	1.707284e+00
12	83	-5.080113e+00
81	83	-6.837467e-01
83	83	5.763860e+00
23	84	-4.340485e+00
30	84	-4.111352e+00
84	84	8.451837e+00
9	85	-5.910480e+00
22	85	-1.820118e-01
85	85	6.092492e+00
86	86	2.719223e+00
87	86	-2.183030e+00
88	86	-5.361930e-01
86	87	-2.183030e+00
87	87	2.491658e+00
91	87	-3.086286e-01
86	88	-5.361930e-01
88	88	2.728772e+00
89	88	-2.192579e+00
88	89	-2.192579e+00
89	89	2.437563e+00
90	89	-2.449846e-01
21	90	-2.193492e+00
89	90	-2.449846e-01
90	90	2.438477e+00
9	91	-5.910480e+00
87	91	-3.086286e-01
91	91	6.219109e+00
7	92	-5.080113e+00
21	92	-4.340485e+00
92	92	9.420598e+00
48	93	-3.123282e+00
56	93	-3.153152e+00
93	93	6.276434e+00
2	94	-2.015438e+01
20	94	-8.904006e+00
94	94	2.905839e+01
19	95	-3.767457e+00
54	95	-4.412771e+00
95	95	8.180228e+00
50	96	-1.578482e-01
52	96	-4.231873e+00
96	96	4.389721e+00
51	97	-4.824648e+00
55	97	-3.767457e+00
97	97	8.592106e+00
98	98	2.980332e+00
99	98	-9.099347e-01
100	98	-2.070398e+00
18	99	-8.423961e-01
98	99	-9.099347e-01
99	99	1.752331e+00
98	100	-2.070398e+00
100	100	5.649470e+00
101	100	-3.579072e+00
100	101	-3.579072e+00
101	101	3.607590e+00
102	101	-2.851749e-02
44	102	-4.586399e+00
101	102	-2.851749e-02
102	102	4.614916e+00
16	103	-4.944351e-02
103	103	2.105170e+00
104	103	-2.055727e+00
15	104	-6.633895e+00
103	104	-2.055727e+00
104	104	8.689622e+00
11	105	-1.004344e+01
37	105	-9.090909e-03
105	105	1.005253e+01
8	106	-1.004344e+01
36	106	-9.090909e-03
106	106	1.005253e+01
12	107	-9.090909e-02
15	107	-5.085978e+00
17	107	-5.085978e+00
107	107	1.026287e+01
14	108	-8.528057e+00
108	108	8.618966e+00
109	108	-9.090909e-02
31	109	-1.094661e+01
108	109	-9.090909e-02
109	109	1.103752e+01
11	110	-9.090909e-02
30	110	-1.094661e+01
110	110	1.103752e+01
10	111	-9.090909e-02
13	111	-1.027557e+01
111	111	1.036648e+01
9	112	-9.090909e-02
16	112	-5.056890e+00
112	112	5.147799e+00
41	113	-1.082251e-02
59	113	-1.759532e-02
113	113	2.841783e-02
40	114	-2.480362e-02
58	114	-7.168459e-03
114	114	3.197208e-02
4	115	-1.001131e+01
58	115	-1.363637e-02
115	115	1.002495e+01
5	116	-9.090909e-02
6	116	-1.001131e+01
116	116	1.010222e+01
