1	1	1.352710e+01
2	1	-9.090909e-02
55	1	-6.218093e+00
57	1	-6.218093e+00
1	2	-9.090909e-02
2	2	2.024529e+01
81	2	-2.015438e+01
3	3	5.848028e+00
58	3	-5.757119e+00
96	3	-9.090909e-02
4	4	5.844351e+00
5	4	-9.090909e-02
43	4	-5.753442e+00
4	5	-9.090909e-02
5	5	1.010222e+01
95	5	-1.001131e+01
6	6	1.002495e+01
50	6	-1.363637e-02
96	6	-1.001131e+01
7	7	5.171022e+00
67	7	-5.080113e+00
92	7	-9.090909e-02
8	8	1.074716e+01
9	8	-9.090909e-02
59	8	-5.910480e+00
66	8	-4.745769e+00
8	9	-9.090909e-02
9	9	4.272910e+00
21	9	-4.182001e+00
10	10	5.116515e+00
11	10	-9.090909e-02
27	10	-5.025605e+00
10	11	-9.090909e-02
11	11	1.036648e+01
89	11	-1.027557e+01
12	12	1.103752e+01
78	12	-1.094661e+01
91	12	-9.090909e-02
13	13	1.103752e+01
71	13	-1.094661e+01
90	13	-9.090909e-02
14	14	1.025114e+01
49	14	-9.090909e-02
72	14	-5.080113e+00
76	14	-5.080113e+00
15	15	1.005253e+01
33	15	-9.090909e-03
92	15	-1.004344e+01
16	16	1.005253e+01
32	16	-9.090909e-03
91	16	-1.004344e+01
17	17	8.555330e+00
34	17	-2.727270e-02
90	17	-8.528057e+00
18	18	5.022541e+00
46	18	-4.971093e+00
88	18	-5.144800e-02
19	19	1.171987e+01
49	19	-5.085978e+00
87	19	-6.633895e+00
20	20	5.131736e+00
83	20	-1.364279e+00
86	20	-3.767457e+00
9	21	-4.182001e+00
21	21	5.840472e+00
82	21	-1.658471e+00
22	22	1.611761e+00
45	22	-2.017911e-01
79	22	-1.409970e+00
23	23	9.019882e+00
44	23	-1.158757e-01
81	23	-8.904006e+00
24	24	5.945995e+00
75	24	-1.605510e+00
77	24	-4.340485e+00
25	25	1.798153e+00
68	25	-1.605510e+00
72	25	-1.926433e-01
26	26	6.533977e+00
65	26	-2.193492e+00
67	26	-4.340485e+00
10	27	-5.025605e+00
27	27	5.207617e+00
59	27	-1.820118e-01
28	28	2.447330e+00
56	28	-2.037315e+00
58	28	-4.100142e-01
29	29	3.727415e+00
53	29	-1.818182e-01
54	29	-3.545596e+00
30	30	4.992758e+00
41	30	-4.961376e+00
42	30	-3.138279e-02
31	31	2.374652e-01
41	31	-1.818182e-01
52	31	-5.564706e-02
16	32	-9.090909e-03
32	32	9.090909e-03
15	33	-9.090909e-03
33	33	9.090909e-03
17	34	-2.727270e-02
34	34	2.727270e-02
35	35	2.727270e-02
89	35	-2.727270e-02
36	36	2.480362e-02
94	36	-2.480362e-02
37	37	1.082251e-02
93	37	-1.082251e-02
38	38	2.374421e+00
39	38	-1.818182e-01
53	38	-2.192603e+00
38	39	-1.818182e-01
39	39	3.305100e+00
80	39	-3.123282e+00
40	40	2.805375e+00
52	40	-1.818182e-01
79	40	-2.623556e+00
30	41	-4.961376e+00
31	41	-1.818182e-01
41	41	5.143194e+00
30	42	-3.138279e-02
42	42	3.442326e+00
54	42	-3.410944e+00
4	43	-5.753442e+00
43	43	6.798372e+00
55	43	-1.044930e+00
23	44	-1.158757e-01
44	44	3.172456e+00
45	44	-3.056580e+00
22	45	-2.017911e-01
44	45	-3.056580e+00
45	45	3.258371e+00
18	46	-4.971093e+00
46	46	2.907044e+01
82	46	-4.971093e+00
85	46	-1.912825e+01
47	47	1.213933e+01
80	47	-3.153152e+00
84	47	-8.986179e+00
48	48	1.026492e+01
85	48	-6.182533e+00
86	48	-4.082382e+00
14	49	-9.090909e-02
19	49	-5.085978e+00
49	49	5.176888e+00
6	50	-1.363637e-02
50	50	2.080483e-02
94	50	-7.168459e-03
51	51	3.123169e-02
93	51	-1.759532e-02
95	51	-1.363637e-02
31	52	-5.564706e-02
40	52	-1.818182e-01
52	52	2.374652e-01
29	53	-1.818182e-01
38	53	-2.192603e+00
53	53	2.374421e+00
29	54	-3.545596e+00
42	54	-3.410944e+00
54	54	6.956540e+00
1	55	-6.218093e+00
43	55	-1.044930e+00
55	55	7.263023e+00
28	56	-2.037315e+00
56	56	3.304632e+00
57	56	-1.267316e+00
1	57	-6.218093e+00
56	57	-1.267316e+00
57	57	7.485410e+00
3	58	-5.757119e+00
28	58	-4.100142e-01
58	58	6.167133e+00
8	59	-5.910480e+00
27	59	-1.820118e-01
59	59	6.092492e+00
60	60	2.623244e+00
61	60	-4.402145e-01
62	60	-2.183030e+00
60	61	-4.402145e-01
61	61	1.289926e+00
66	61	-8.497115e-01
60	62	-2.183030e+00
62	62	2.719223e+00
63	62	-5.361930e-01
62	63	-5.361930e-01
63	63	2.728772e+00
64	63	-2.192579e+00
63	64	-2.192579e+00
64	64	2.437563e+00
65	64	-2.449846e-01
26	65	-2.193492e+00
64	65	-2.449846e-01
65	65	2.438477e+00
8	66	-4.745769e+00
61	66	-8.497115e-01
66	66	5.595481e+00
7	67	-5.080113e+00
26	67	-4.340485e+00
67	67	9.420598e+00
25	68	-1.605510e+00
68	68	2.041696e+01
69	68	-1.881145e+01
68	69	-1.881145e+01
69	69	2.069233e+01
70	69	-1.880873e+00
69	70	-1.880873e+00
70	70	5.992225e+00
71	70	-4.111352e+00
13	71	-1.094661e+01
70	71	-4.111352e+00
71	71	1.505796e+01
14	72	-5.080113e+00
25	72	-1.926433e-01
72	72	5.272757e+00
73	73	1.707284e+00
74	73	-1.605510e+00
75	73	-1.017738e-01
73	74	-1.605510e+00
74	74	2.289257e+00
76	74	-6.837467e-01
24	75	-1.605510e+00
73	75	-1.017738e-01
75	75	1.707284e+00
14	76	-5.080113e+00
74	76	-6.837467e-01
76	76	5.763860e+00
24	77	-4.340485e+00
77	77	8.451837e+00
78	77	-4.111352e+00
12	78	-1.094661e+01
77	78	-4.111352e+00
78	78	1.505796e+01
22	79	-1.409970e+00
40	79	-2.623556e+00
79	79	4.033526e+00
39	80	-3.123282e+00
47	80	-3.153152e+00
80	80	6.276434e+00
2	81	-2.015438e+01
23	81	-8.904006e+00
81	81	2.905839e+01
21	82	-1.658471e+00
46	82	-4.971093e+00
82	82	6.629564e+00
20	83	-1.364279e+00
83	83	2.786849e+00
84	83	-1.422570e+00
47	84	-8.986179e+00
83	84	-1.422570e+00
84	84	1.040875e+01
46	85	-1.912825e+01
48	85	-6.182533e+00
85	85	2.531078e+01
20	86	-3.767457e+00
48	86	-4.082382e+00
86	86	7.849840e+00
19	87	-6.633895e+00
87	87	8.689622e+00
88	87	-2.055727e+00
18	88	-5.144800e-02
87	88	-2.055727e+00
88	88	2.107175e+00
11	89	-1.027557e+01
35	89	-2.727270e-02
89	89	1.030284e+01
13	90	-9.090909e-02
17	90	-8.528057e+00
90	90	8.618966e+00
12	91	-9.090909e-02
16	91	-1.004344e+01
91	91	1.013435e+01
7	92	-9.090909e-02
15	92	-1.004344e+01
92	92	1.013435e+01
37	93	-1.082251e-02
51	93	-1.759532e-02
93	93	2.841783e-02
36	94	-2.480362e-02
50	94	-7.168459e-03
94	94	3.197208e-02
5	95	-1.001131e+01
51	95	-1.363637e-02
95	95	1.002495e+01
3	96	-9.090909e-02
6	96	-1.001131e+01
96	96	1.010222e+01
