1	1	6.171022e+00
58	1	-5.080113e+00
72	1	-9.090909e-02
2	2	1.135318e+01
56	2	-5.631138e+00
57	2	-5.631138e+00
71	2	-9.090909e-02
3	3	5.171022e+00
27	3	-5.080113e+00
70	3	-9.090909e-02
4	4	5.171022e+00
62	4	-5.080113e+00
69	4	-9.090909e-02
5	5	1.135318e+01
6	5	-9.090909e-02
24	5	-5.631138e+00
61	5	-5.631138e+00
5	6	-9.090909e-02
6	6	5.176888e+00
19	6	-5.085978e+00
7	7	5.171022e+00
60	7	-5.080113e+00
68	7	-9.090909e-02
8	8	9.439317e+00
33	8	-9.090909e-03
72	8	-9.430226e+00
9	9	9.892565e+00
32	9	-9.090909e-03
68	9	-9.883474e+00
10	10	8.767346e+00
35	10	-9.090909e-03
70	10	-8.758255e+00
11	11	1.005253e+01
34	11	-9.090909e-03
69	11	-1.004344e+01
12	12	1.252710e+01
13	12	-9.090909e-02
52	12	-6.218093e+00
54	12	-6.218093e+00
12	13	-9.090909e-02
13	13	2.024529e+01
63	13	-2.015438e+01
14	14	5.848028e+00
55	14	-5.757119e+00
67	14	-9.090909e-02
15	15	5.844351e+00
16	15	-9.090909e-02
43	15	-5.753442e+00
15	16	-9.090909e-02
16	16	1.010222e+01
66	16	-1.001131e+01
17	17	1.002495e+01
46	17	-1.363637e-02
67	17	-1.001131e+01
18	18	5.199378e+00
19	18	-1.133996e-01
71	18	-5.085978e+00
6	19	-5.085978e+00
18	19	-1.133996e-01
19	19	5.199378e+00
20	20	5.111854e+00
22	20	-5.254557e-01
39	20	-4.586399e+00
21	21	9.019882e+00
23	21	-1.158757e-01
63	21	-8.904006e+00
20	22	-5.254557e-01
22	22	5.611434e+00
71	22	-5.085978e+00
21	23	-1.158757e-01
23	23	3.172456e+00
44	23	-3.056580e+00
5	24	-5.631138e+00
24	24	5.877511e+00
62	24	-2.463728e-01
25	25	1.957398e+00
59	25	-1.867159e+00
61	25	-9.023886e-02
26	26	4.873322e+01
57	26	-1.871737e-01
58	26	-4.854605e+01
3	27	-5.080113e+00
27	27	5.148550e+00
56	27	-6.843690e-02
28	28	2.447330e+00
53	28	-2.037315e+00
55	28	-4.100142e-01
29	29	3.727415e+00
50	29	-1.818182e-01
51	29	-3.545596e+00
30	30	3.437091e+00
31	30	-2.614748e-02
49	30	-3.410944e+00
30	31	-2.614748e-02
31	31	3.437091e+00
51	31	-3.410944e+00
9	32	-9.090909e-03
32	32	9.090909e-03
8	33	-9.090909e-03
33	33	9.090909e-03
11	34	-9.090909e-03
34	34	9.090909e-03
10	35	-9.090909e-03
35	35	9.090909e-03
36	36	2.480362e-02
65	36	-2.480362e-02
37	37	1.082251e-02
64	37	-1.082251e-02
38	38	7.850309e-01
39	38	-1.818182e-01
50	38	-6.032127e-01
20	39	-4.586399e+00
38	39	-1.818182e-01
39	39	4.768217e+00
40	40	3.737442e-01
41	40	-1.818182e-01
48	40	-1.919261e-01
40	41	-1.818182e-01
41	41	1.575836e+00
45	41	-1.394018e+00
42	42	3.727415e+00
48	42	-1.818182e-01
49	42	-3.545596e+00
15	43	-5.753442e+00
43	43	6.798372e+00
52	43	-1.044930e+00
23	44	-3.056580e+00
44	44	3.372479e+00
45	44	-3.158989e-01
41	45	-1.394018e+00
44	45	-3.158989e-01
45	45	1.709917e+00
17	46	-1.363637e-02
46	46	2.080483e-02
65	46	-7.168459e-03
47	47	3.123169e-02
64	47	-1.759532e-02
66	47	-1.363637e-02
40	48	-1.919261e-01
42	48	-1.818182e-01
48	48	3.737442e-01
30	49	-3.410944e+00
42	49	-3.545596e+00
49	49	6.956540e+00
29	50	-1.818182e-01
38	50	-6.032127e-01
50	50	7.850309e-01
29	51	-3.545596e+00
31	51	-3.410944e+00
51	51	6.956540e+00
12	52	-6.218093e+00
43	52	-1.044930e+00
52	52	7.263023e+00
28	53	-2.037315e+00
53	53	3.304632e+00
54	53	-1.267316e+00
12	54	-6.218093e+00
53	54	-1.267316e+00
54	54	7.485410e+00
14	55	-5.757119e+00
28	55	-4.100142e-01
55	55	6.167133e+00
2	56	-5.631138e+00
27	56	-6.843690e-02
56	56	5.699575e+00
2	57	-5.631138e+00
26	57	-1.871737e-01
57	57	5.818312e+00
1	58	-5.080113e+00
26	58	-4.854605e+01
58	58	5.362616e+01
25	59	-1.867159e+00
59	59	2.436729e+00
60	59	-5.695701e-01
7	60	-5.080113e+00
59	60	-5.695701e-01
60	60	5.649684e+00
5	61	-5.631138e+00
25	61	-9.023886e-02
61	61	5.721377e+00
4	62	-5.080113e+00
24	62	-2.463728e-01
62	62	5.326486e+00
13	63	-2.015438e+01
21	63	-8.904006e+00
63	63	2.905839e+01
37	64	-1.082251e-02
47	64	-1.759532e-02
64	64	2.841783e-02
36	65	-2.480362e-02
46	65	-7.168459e-03
65	65	3.197208e-02
16	66	-1.001131e+01
47	66	-1.363637e-02
66	66	1.002495e+01
14	67	-9.090909e-02
17	67	-1.001131e+01
67	67	1.010222e+01
7	68	-9.090909e-02
9	68	-9.883474e+00
68	68	9.974383e+00
4	69	-9.090909e-02
11	69	-1.004344e+01
69	69	1.013435e+01
3	70	-9.090909e-02
10	70	-8.758255e+00
70	70	8.849164e+00
2	71	-9.090909e-02
18	71	-5.085978e+00
22	71	-5.085978e+00
71	71	1.026287e+01
1	72	-9.090909e-02
8	72	-9.430226e+00
72	72	9.521135e+00
