0	0	1.352709590730745e+01
1	0	-9.090909090909091e-02
30	0	-6.218093408199178e+00
74	0	-6.218093408199178e+00
0	1	-9.090909090909091e-02
1	1	2.024529166139904e+01
79	1	-2.015438257048995e+01
2	2	5.848027768153504e+00
3	2	-9.090909090909091e-02
75	2	-5.757118677244413e+00
2	3	-9.090909090909091e-02
3	3	1.010222187435438e+01
93	3	-1.001131278344529e+01
4	4	5.844351087583601e+00
62	4	-5.753441996674511e+00
94	4	-9.090909090909091e-02
5	5	1.002494915328001e+01
58	5	-1.363636983471356e-02
94	5	-1.001131278344529e+01
6	6	7.338441306189789e+00
7	6	-9.090909090909091e-02
61	6	-7.247532215280698e+00
6	7	-9.090909090909091e-02
7	7	4.013608004374390e+01
78	7	-4.004517095283480e+01
8	8	7.362420038168821e+00
18	8	-7.271510947259730e+00
92	8	-9.090909090909091e-02
9	9	1.108783544999173e+01
69	9	-5.498463179541318e+00
72	9	-5.498463179541318e+00
91	9	-9.090909090909091e-02
10	10	1.252709590730745e+01
11	10	-9.090909090909091e-02
32	10	-6.218093408199178e+00
64	10	-6.218093408199178e+00
10	11	-9.090909090909091e-02
11	11	2.024529166139904e+01
77	11	-2.015438257048995e+01
12	12	5.848027768153504e+00
13	12	-9.090909090909091e-02
65	12	-5.757118677244413e+00
12	13	-9.090909090909091e-02
13	13	1.010222187435438e+01
87	13	-1.001131278344529e+01
14	14	5.844351087583601e+00
59	14	-5.753441996674511e+00
88	14	-9.090909090909091e-02
15	15	1.002494915328001e+01
56	15	-1.363636983471356e-02
88	15	-1.001131278344529e+01
16	16	5.107809428821793e+00
46	16	-2.183096285461670e-02
50	16	-5.085978465967176e+00
17	17	9.019881573040882e+00
42	17	-1.158756607809556e-01
79	17	-8.904005912259926e+00
8	18	-7.271510947259730e+00
18	18	9.612115759543224e+00
90	18	-2.340604812283494e+00
19	19	1.002824565013886e+01
78	19	-7.271510947259730e+00
89	19	-2.756734702879134e+00
20	20	9.019881573040882e+00
39	20	-1.158756607809556e-01
77	20	-8.904005912259926e+00
21	21	5.258287091392347e+00
22	21	-1.723086254251715e-01
91	21	-5.085978465967176e+00
21	22	-1.723086254251715e-01
22	22	3.228888984451101e+00
41	22	-3.056580359025929e+00
23	23	6.266156697939108e+00
54	23	-6.218093408199178e+00
76	23	-4.806328973992954e-02
24	24	3.319730103015218e+00
73	24	-2.037315470151291e+00
74	24	-1.282414632863927e+00
25	25	5.785250182921374e+00
60	25	-3.789098762859254e+00
71	25	-1.996151420062120e+00
26	26	2.418965992545459e+00
68	26	-2.010155304598833e+00
69	26	-4.088106879466257e-01
27	27	6.269204042277704e+00
51	27	-6.218093408199178e+00
67	27	-5.111063407852637e-02
28	28	6.291089838673728e+00
52	28	-6.218093408199178e+00
66	28	-7.299643047454980e-02
29	29	3.319730103015218e+00
63	29	-2.037315470151291e+00
64	29	-1.282414632863927e+00
0	30	-6.218093408199178e+00
30	30	7.250721353383156e+00
62	30	-1.032627945183978e+00
31	31	9.487954871973776e+01
70	31	-8.761400772755547e+01
92	31	-7.265540992182277e+00
10	32	-6.218093408199178e+00
32	32	7.250721353383156e+00
59	32	-1.032627945183978e+00
33	33	9.090909090909090e-03
90	33	-9.090909090909090e-03
34	34	9.090909090909090e-03
89	34	-9.090909090909090e-03
35	35	2.480361735955572e-02
83	35	-2.480361735955572e-02
36	36	2.480361735955572e-02
82	36	-2.480361735955572e-02
37	37	1.082251082251082e-02
81	37	-1.082251082251082e-02
38	38	1.082251082251082e-02
80	38	-1.082251082251082e-02
20	39	-1.158756607809556e-01
39	39	5.709405065965038e+00
44	39	-5.593529405184083e+00
40	40	1.222006942039891e+01
44	40	-6.059247320297873e+00
84	40	-6.160822100101038e+00
22	41	-3.056580359025929e+00
41	41	4.004276982382860e+00
45	41	-9.476966233569309e-01
17	42	-1.158756607809556e-01
42	42	5.709405065965038e+00
47	42	-5.593529405184083e+00
43	43	1.222006942039891e+01
47	43	-6.059247320297873e+00
85	43	-6.160822100101038e+00
39	44	-5.593529405184083e+00
40	44	-6.059247320297873e+00
44	44	1.165277672548196e+01
41	45	-9.476966233569309e-01
45	45	6.033675089324107e+00
48	45	-5.085978465967176e+00
16	46	-2.183096285461670e-02
46	46	5.107809428821793e+00
86	46	-5.085978465967176e+00
42	47	-5.593529405184083e+00
43	47	-6.059247320297873e+00
47	47	1.165277672548196e+01
45	48	-5.085978465967176e+00
48	48	5.176887556876267e+00
49	48	-9.090909090909091e-02
48	49	-9.090909090909091e-02
49	49	6.309002499108269e+00
67	49	-6.218093408199178e+00
16	50	-5.085978465967176e+00
50	50	5.176887556876267e+00
51	50	-9.090909090909091e-02
27	51	-6.218093408199178e+00
50	51	-9.090909090909091e-02
51	51	1.252709590730745e+01
66	51	-6.218093408199178e+00
28	52	-6.218093408199178e+00
52	52	6.309002499108269e+00
84	52	-9.090909090909091e-02
53	53	6.309002499108269e+00
76	53	-6.218093408199178e+00
85	53	-9.090909090909091e-02
23	54	-6.218093408199178e+00
54	54	6.309002499108269e+00
86	54	-9.090909090909091e-02
55	55	2.080482861607557e-02
82	55	-7.168458781362007e-03
87	55	-1.363636983471356e-02
15	56	-1.363636983471356e-02
56	56	3.123168807243687e-02
80	56	-1.759531823772330e-02
57	57	2.080482861607557e-02
83	57	-7.168458781362007e-03
93	57	-1.363636983471356e-02
5	58	-1.363636983471356e-02
58	58	3.123168807243687e-02
81	58	-1.759531823772330e-02
14	59	-5.753441996674511e+00
32	59	-1.032627945183978e+00
59	59	6.786069941858488e+00
25	60	-3.789098762859254e+00
60	60	9.140157127444601e+01
61	60	-8.761247251158676e+01
6	61	-7.247532215280698e+00
60	61	-8.761247251158676e+01
61	61	9.486000472686746e+01
4	62	-5.753441996674511e+00
30	62	-1.032627945183978e+00
62	62	6.786069941858488e+00
29	63	-2.037315470151291e+00
63	63	2.447329656642144e+00
65	63	-4.100141864908526e-01
10	64	-6.218093408199178e+00
29	64	-1.282414632863927e+00
64	64	7.500508041063105e+00
12	65	-5.757118677244413e+00
63	65	-4.100141864908526e-01
65	65	6.167132863735265e+00
28	66	-7.299643047454980e-02
51	66	-6.218093408199178e+00
66	66	6.291089838673728e+00
27	67	-5.111063407852637e-02
49	67	-6.218093408199178e+00
67	67	6.269204042277704e+00
26	68	-2.010155304598833e+00
68	68	5.001543099138354e+00
70	68	-2.991387794539521e+00
9	69	-5.498463179541318e+00
26	69	-4.088106879466257e-01
69	69	5.907273867487944e+00
31	70	-8.761400772755547e+01
68	70	-2.991387794539521e+00
70	70	9.060539552209499e+01
25	71	-1.996151420062120e+00
71	71	2.444523604845265e+00
72	71	-4.483721847831448e-01
9	72	-5.498463179541318e+00
71	72	-4.483721847831448e-01
72	72	5.946835364324462e+00
24	73	-2.037315470151291e+00
73	73	2.447329656642144e+00
75	73	-4.100141864908526e-01
0	74	-6.218093408199178e+00
24	74	-1.282414632863927e+00
74	74	7.500508041063105e+00
2	75	-5.757118677244413e+00
73	75	-4.100141864908526e-01
75	75	6.167132863735265e+00
23	76	-4.806328973992954e-02
53	76	-6.218093408199178e+00
76	76	6.266156697939108e+00
11	77	-2.015438257048995e+01
20	77	-8.904005912259926e+00
77	77	2.905838848274988e+01
7	78	-4.004517095283480e+01
19	78	-7.271510947259730e+00
78	78	4.731668190009453e+01
1	79	-2.015438257048995e+01
17	79	-8.904005912259926e+00
79	79	2.905838848274988e+01
38	80	-1.082251082251082e-02
56	80	-1.759531823772330e-02
80	80	2.841782906023413e-02
37	81	-1.082251082251082e-02
58	81	-1.759531823772330e-02
81	81	2.841782906023413e-02
36	82	-2.480361735955572e-02
55	82	-7.168458781362007e-03
82	82	3.197207614091772e-02
35	83	-2.480361735955572e-02
57	83	-7.168458781362007e-03
83	83	3.197207614091772e-02
40	84	-6.160822100101038e+00
52	84	-9.090909090909091e-02
84	84	6.251731191010129e+00
43	85	-6.160822100101038e+00
53	85	-9.090909090909091e-02
85	85	6.251731191010129e+00
46	86	-5.085978465967176e+00
54	86	-9.090909090909091e-02
86	86	5.176887556876267e+00
13	87	-1.001131278344529e+01
55	87	-1.363636983471356e-02
87	87	1.002494915328001e+01
14	88	-9.090909090909091e-02
15	88	-1.001131278344529e+01
88	88	1.010222187435438e+01
19	89	-2.756734702879134e+00
34	89	-9.090909090909090e-03
89	89	2.765825611970043e+00
18	90	-2.340604812283494e+00
33	90	-9.090909090909090e-03
90	90	2.349695721374403e+00
9	91	-9.090909090909091e-02
21	91	-5.085978465967176e+00
91	91	5.176887556876267e+00
8	92	-9.090909090909091e-02
31	92	-7.265540992182277e+00
92	92	7.356450083091368e+00
3	93	-1.001131278344529e+01
57	93	-1.363636983471356e-02
93	93	1.002494915328001e+01
4	94	-9.090909090909091e-02
5	94	-1.001131278344529e+01
94	94	1.010222187435438e+01
