1	1	1.352710e+01
2	1	-9.090909e-02
68	1	-6.218093e+00
82	1	-6.218093e+00
1	2	-9.090909e-02
2	2	2.024529e+01
89	2	-2.015438e+01
3	3	5.848028e+00
83	3	-5.757119e+00
105	3	-9.090909e-02
4	4	5.844351e+00
5	4	-9.090909e-02
43	4	-5.753442e+00
4	5	-9.090909e-02
5	5	1.010222e+01
104	5	-1.001131e+01
6	6	1.002495e+01
64	6	-1.363637e-02
105	6	-1.001131e+01
7	7	7.358985e+00
8	7	-9.090909e-02
80	7	-7.268076e+00
7	8	-9.090909e-02
8	8	7.362420e+00
19	8	-7.271511e+00
9	9	1.169722e+01
76	9	-5.803157e+00
78	9	-5.803157e+00
101	9	-9.090909e-02
10	10	6.309002e+00
26	10	-6.218093e+00
97	10	-9.090909e-02
11	11	1.252710e+01
12	11	-9.090909e-02
66	11	-6.218093e+00
70	11	-6.218093e+00
11	12	-9.090909e-02
12	12	2.024529e+01
87	12	-2.015438e+01
13	13	5.848028e+00
71	13	-5.757119e+00
93	13	-9.090909e-02
14	14	5.844351e+00
15	14	-9.090909e-02
42	14	-5.753442e+00
14	15	-9.090909e-02
15	15	1.010222e+01
92	15	-1.001131e+01
16	16	1.002495e+01
58	16	-1.363637e-02
93	16	-1.001131e+01
17	17	1.166036e+01
52	17	-5.601111e+00
53	17	-6.059247e+00
18	18	9.019882e+00
52	18	-1.158757e-01
89	18	-8.904006e+00
8	19	-7.271511e+00
19	19	9.612116e+00
100	19	-2.340605e+00
20	20	1.002825e+01
23	20	-7.271511e+00
99	20	-2.756735e+00
21	21	3.178939e+00
85	21	-3.153152e+00
88	21	-2.578768e-02
22	22	9.019882e+00
47	22	-1.158757e-01
87	22	-8.904006e+00
20	23	-7.271511e+00
23	23	4.731668e+01
102	23	-4.004517e+01
24	24	5.258287e+00
51	24	-1.723086e-01
101	24	-5.085978e+00
25	25	5.316385e+00
54	25	-2.523965e-02
96	25	-5.291145e+00
10	26	-6.218093e+00
26	26	6.267117e+00
84	26	-4.902369e-02
27	27	2.447330e+00
81	27	-2.037315e+00
83	27	-4.100142e-01
28	28	4.990080e+00
77	28	-2.020280e+00
79	28	-2.969800e+00
29	29	2.456399e+00
75	29	-2.006706e+00
76	29	-4.496929e-01
30	30	6.237775e+00
60	30	-6.218093e+00
74	30	-1.968128e-02
31	31	3.118325e-01
32	31	-1.818182e-01
73	31	-1.300143e-01
31	32	-1.818182e-01
32	32	4.768217e+00
88	32	-4.586399e+00
33	33	3.615195e-01
45	33	-1.818182e-01
72	33	-1.797013e-01
34	34	2.447330e+00
69	34	-2.037315e+00
71	34	-4.100142e-01
35	35	9.482384e+01
67	35	-8.757258e+01
103	35	-7.251264e+00
36	36	9.090909e-03
100	36	-9.090909e-03
37	37	9.090909e-03
99	37	-9.090909e-03
38	38	2.480362e-02
95	38	-2.480362e-02
39	39	2.480362e-02
91	39	-2.480362e-02
40	40	1.082251e-02
94	40	-1.082251e-02
41	41	1.082251e-02
90	41	-1.082251e-02
14	42	-5.753442e+00
42	42	6.798372e+00
66	42	-1.044930e+00
4	43	-5.753442e+00
43	43	6.798372e+00
68	43	-1.044930e+00
44	44	3.305100e+00
72	44	-1.818182e-01
85	44	-3.123282e+00
33	45	-1.818182e-01
45	45	1.575836e+00
55	45	-1.394018e+00
46	46	2.704465e+00
73	46	-1.818182e-01
86	46	-2.522647e+00
22	47	-1.158757e-01
47	47	3.172456e+00
48	47	-3.056580e+00
47	48	-3.056580e+00
48	48	3.372479e+00
55	48	-3.158989e-01
49	49	5.163341e+00
56	49	-7.736285e-02
96	49	-5.085978e+00
50	50	4.004277e+00
51	50	-3.056580e+00
57	50	-9.476966e-01
24	51	-1.723086e-01
50	51	-3.056580e+00
51	51	3.228889e+00
17	52	-5.601111e+00
18	52	-1.158757e-01
52	52	5.716987e+00
17	53	-6.059247e+00
53	53	1.222007e+01
97	53	-6.160822e+00
25	54	-2.523965e-02
54	54	5.316385e+00
98	54	-5.291145e+00
45	55	-1.394018e+00
48	55	-3.158989e-01
55	55	1.709917e+00
49	56	-7.736285e-02
56	56	1.480836e+00
86	56	-1.403473e+00
50	57	-9.476966e-01
57	57	6.033675e+00
61	57	-5.085978e+00
16	58	-1.363637e-02
58	58	2.080483e-02
91	58	-7.168459e-03
59	59	3.123169e-02
90	59	-1.759532e-02
92	59	-1.363637e-02
30	60	-6.218093e+00
60	60	6.309002e+00
96	60	-9.090909e-02
57	61	-5.085978e+00
61	61	5.176888e+00
62	61	-9.090909e-02
61	62	-9.090909e-02
62	62	6.309002e+00
74	62	-6.218093e+00
63	63	6.309002e+00
84	63	-6.218093e+00
98	63	-9.090909e-02
6	64	-1.363637e-02
64	64	2.080483e-02
95	64	-7.168459e-03
65	65	3.123169e-02
94	65	-1.759532e-02
104	65	-1.363637e-02
11	66	-6.218093e+00
42	66	-1.044930e+00
66	66	7.263023e+00
35	67	-8.757258e+01
67	67	9.133432e+01
75	67	-3.761746e+00
1	68	-6.218093e+00
43	68	-1.044930e+00
68	68	7.263023e+00
34	69	-2.037315e+00
69	69	3.304632e+00
70	69	-1.267316e+00
11	70	-6.218093e+00
69	70	-1.267316e+00
70	70	7.485410e+00
13	71	-5.757119e+00
34	71	-4.100142e-01
71	71	6.167133e+00
33	72	-1.797013e-01
44	72	-1.818182e-01
72	72	3.615195e-01
31	73	-1.300143e-01
46	73	-1.818182e-01
73	73	3.118325e-01
30	74	-1.968128e-02
62	74	-6.218093e+00
74	74	6.237775e+00
29	75	-2.006706e+00
67	75	-3.761746e+00
75	75	5.768452e+00
9	76	-5.803157e+00
29	76	-4.496929e-01
76	76	6.252850e+00
28	77	-2.020280e+00
77	77	2.430294e+00
78	77	-4.100142e-01
9	78	-5.803157e+00
77	78	-4.100142e-01
78	78	6.213171e+00
28	79	-2.969800e+00
79	79	9.054238e+01
80	79	-8.757258e+01
7	80	-7.268076e+00
79	80	-8.757258e+01
80	80	9.484065e+01
27	81	-2.037315e+00
81	81	3.304632e+00
82	81	-1.267316e+00
1	82	-6.218093e+00
81	82	-1.267316e+00
82	82	7.485410e+00
3	83	-5.757119e+00
27	83	-4.100142e-01
83	83	6.167133e+00
26	84	-4.902369e-02
63	84	-6.218093e+00
84	84	6.267117e+00
21	85	-3.153152e+00
44	85	-3.123282e+00
85	85	6.276434e+00
46	86	-2.522647e+00
56	86	-1.403473e+00
86	86	3.926120e+00
12	87	-2.015438e+01
22	87	-8.904006e+00
87	87	2.905839e+01
21	88	-2.578768e-02
32	88	-4.586399e+00
88	88	4.612186e+00
2	89	-2.015438e+01
18	89	-8.904006e+00
89	89	2.905839e+01
41	90	-1.082251e-02
59	90	-1.759532e-02
90	90	2.841783e-02
39	91	-2.480362e-02
58	91	-7.168459e-03
91	91	3.197208e-02
15	92	-1.001131e+01
59	92	-1.363637e-02
92	92	1.002495e+01
13	93	-9.090909e-02
16	93	-1.001131e+01
93	93	1.010222e+01
40	94	-1.082251e-02
65	94	-1.759532e-02
94	94	2.841783e-02
38	95	-2.480362e-02
64	95	-7.168459e-03
95	95	3.197208e-02
25	96	-5.291145e+00
49	96	-5.085978e+00
60	96	-9.090909e-02
96	96	1.046803e+01
10	97	-9.090909e-02
53	97	-6.160822e+00
97	97	6.251731e+00
54	98	-5.291145e+00
63	98	-9.090909e-02
98	98	5.382054e+00
20	99	-2.756735e+00
37	99	-9.090909e-03
99	99	2.765826e+00
19	100	-2.340605e+00
36	100	-9.090909e-03
100	100	2.349696e+00
9	101	-9.090909e-02
24	101	-5.085978e+00
101	101	5.176888e+00
23	102	-4.004517e+01
102	102	4.013608e+01
103	102	-9.090909e-02
35	103	-7.251264e+00
102	103	-9.090909e-02
103	103	7.342173e+00
5	104	-1.001131e+01
65	104	-1.363637e-02
104	104	1.002495e+01
3	105	-9.090909e-02
6	105	-1.001131e+01
105	105	1.010222e+01
