1	1	1.352710e+01
2	1	-9.090909e-02
62	1	-6.218093e+00
75	1	-6.218093e+00
1	2	-9.090909e-02
2	2	2.024529e+01
79	2	-2.015438e+01
3	3	5.848028e+00
76	3	-5.757119e+00
95	3	-9.090909e-02
4	4	5.844351e+00
5	4	-9.090909e-02
40	4	-5.753442e+00
4	5	-9.090909e-02
5	5	1.010222e+01
94	5	-1.001131e+01
6	6	1.002495e+01
58	6	-1.363637e-02
95	6	-1.001131e+01
7	7	7.358985e+00
8	7	-9.090909e-02
73	7	-7.268076e+00
7	8	-9.090909e-02
8	8	7.362420e+00
20	8	-7.271511e+00
9	9	1.169722e+01
69	9	-5.803157e+00
71	9	-5.803157e+00
91	9	-9.090909e-02
10	10	1.252710e+01
11	10	-9.090909e-02
60	10	-6.218093e+00
64	10	-6.218093e+00
10	11	-9.090909e-02
11	11	2.024529e+01
78	11	-2.015438e+01
12	12	5.848028e+00
65	12	-5.757119e+00
88	12	-9.090909e-02
13	13	5.844351e+00
14	13	-9.090909e-02
39	13	-5.753442e+00
13	14	-9.090909e-02
14	14	1.010222e+01
87	14	-1.001131e+01
15	15	1.002495e+01
56	15	-1.363637e-02
88	15	-1.001131e+01
16	16	1.252710e+01
29	16	-6.218093e+00
52	16	-9.090909e-02
66	16	-6.218093e+00
17	17	6.309002e+00
30	17	-6.218093e+00
51	17	-9.090909e-02
18	18	5.107809e+00
50	18	-2.183096e-02
52	18	-5.085978e+00
19	19	9.019882e+00
45	19	-1.158757e-01
79	19	-8.904006e+00
8	20	-7.271511e+00
20	20	9.612116e+00
90	20	-2.340605e+00
21	21	1.002825e+01
23	21	-7.271511e+00
89	21	-2.756735e+00
22	22	9.019882e+00
41	22	-1.158757e-01
78	22	-8.904006e+00
21	23	-7.271511e+00
23	23	4.731668e+01
92	23	-4.004517e+01
24	24	5.258287e+00
44	24	-1.723086e-01
91	24	-5.085978e+00
25	25	6.266157e+00
54	25	-6.218093e+00
77	25	-4.806329e-02
26	26	2.447330e+00
74	26	-2.037315e+00
76	26	-4.100142e-01
27	27	4.990080e+00
70	27	-2.020280e+00
72	27	-2.969800e+00
28	28	2.456399e+00
68	28	-2.006706e+00
69	28	-4.496929e-01
16	29	-6.218093e+00
29	29	6.291090e+00
67	29	-7.299643e-02
17	30	-6.218093e+00
30	30	6.269204e+00
66	30	-5.111063e-02
31	31	2.447330e+00
63	31	-2.037315e+00
65	31	-4.100142e-01
32	32	9.482384e+01
61	32	-8.757258e+01
93	32	-7.251264e+00
33	33	9.090909e-03
90	33	-9.090909e-03
34	34	9.090909e-03
89	34	-9.090909e-03
35	35	2.480362e-02
83	35	-2.480362e-02
36	36	2.480362e-02
82	36	-2.480362e-02
37	37	1.082251e-02
81	37	-1.082251e-02
38	38	1.082251e-02
80	38	-1.082251e-02
13	39	-5.753442e+00
39	39	6.798372e+00
60	39	-1.044930e+00
4	40	-5.753442e+00
40	40	6.798372e+00
62	40	-1.044930e+00
22	41	-1.158757e-01
41	41	5.716987e+00
47	41	-5.601111e+00
42	42	1.222007e+01
47	42	-6.059247e+00
84	42	-6.160822e+00
43	43	4.004277e+00
44	43	-3.056580e+00
48	43	-9.476966e-01
24	44	-1.723086e-01
43	44	-3.056580e+00
44	44	3.228889e+00
19	45	-1.158757e-01
45	45	5.716987e+00
49	45	-5.601111e+00
46	46	1.222007e+01
49	46	-6.059247e+00
85	46	-6.160822e+00
41	47	-5.601111e+00
42	47	-6.059247e+00
47	47	1.166036e+01
43	48	-9.476966e-01
48	48	6.033675e+00
51	48	-5.085978e+00
45	49	-5.601111e+00
46	49	-6.059247e+00
49	49	1.166036e+01
18	50	-2.183096e-02
50	50	5.107809e+00
86	50	-5.085978e+00
17	51	-9.090909e-02
48	51	-5.085978e+00
51	51	5.176888e+00
16	52	-9.090909e-02
18	52	-5.085978e+00
52	52	5.176888e+00
53	53	6.309002e+00
67	53	-6.218093e+00
84	53	-9.090909e-02
25	54	-6.218093e+00
54	54	6.309002e+00
85	54	-9.090909e-02
55	55	6.309002e+00
77	55	-6.218093e+00
86	55	-9.090909e-02
15	56	-1.363637e-02
56	56	2.080483e-02
82	56	-7.168459e-03
57	57	3.123169e-02
80	57	-1.759532e-02
87	57	-1.363637e-02
6	58	-1.363637e-02
58	58	2.080483e-02
83	58	-7.168459e-03
59	59	3.123169e-02
81	59	-1.759532e-02
94	59	-1.363637e-02
10	60	-6.218093e+00
39	60	-1.044930e+00
60	60	7.263023e+00
32	61	-8.757258e+01
61	61	9.133432e+01
68	61	-3.761746e+00
1	62	-6.218093e+00
40	62	-1.044930e+00
62	62	7.263023e+00
31	63	-2.037315e+00
63	63	3.304632e+00
64	63	-1.267316e+00
10	64	-6.218093e+00
63	64	-1.267316e+00
64	64	7.485410e+00
12	65	-5.757119e+00
31	65	-4.100142e-01
65	65	6.167133e+00
16	66	-6.218093e+00
30	66	-5.111063e-02
66	66	6.269204e+00
29	67	-7.299643e-02
53	67	-6.218093e+00
67	67	6.291090e+00
28	68	-2.006706e+00
61	68	-3.761746e+00
68	68	5.768452e+00
9	69	-5.803157e+00
28	69	-4.496929e-01
69	69	6.252850e+00
27	70	-2.020280e+00
70	70	2.430294e+00
71	70	-4.100142e-01
9	71	-5.803157e+00
70	71	-4.100142e-01
71	71	6.213171e+00
27	72	-2.969800e+00
72	72	9.054238e+01
73	72	-8.757258e+01
7	73	-7.268076e+00
72	73	-8.757258e+01
73	73	9.484065e+01
26	74	-2.037315e+00
74	74	3.304632e+00
75	74	-1.267316e+00
1	75	-6.218093e+00
74	75	-1.267316e+00
75	75	7.485410e+00
3	76	-5.757119e+00
26	76	-4.100142e-01
76	76	6.167133e+00
25	77	-4.806329e-02
55	77	-6.218093e+00
77	77	6.266157e+00
11	78	-2.015438e+01
22	78	-8.904006e+00
78	78	2.905839e+01
2	79	-2.015438e+01
19	79	-8.904006e+00
79	79	2.905839e+01
38	80	-1.082251e-02
57	80	-1.759532e-02
80	80	2.841783e-02
37	81	-1.082251e-02
59	81	-1.759532e-02
81	81	2.841783e-02
36	82	-2.480362e-02
56	82	-7.168459e-03
82	82	3.197208e-02
35	83	-2.480362e-02
58	83	-7.168459e-03
83	83	3.197208e-02
42	84	-6.160822e+00
53	84	-9.090909e-02
84	84	6.251731e+00
46	85	-6.160822e+00
54	85	-9.090909e-02
85	85	6.251731e+00
50	86	-5.085978e+00
55	86	-9.090909e-02
86	86	5.176888e+00
14	87	-1.001131e+01
57	87	-1.363637e-02
87	87	1.002495e+01
12	88	-9.090909e-02
15	88	-1.001131e+01
88	88	1.010222e+01
21	89	-2.756735e+00
34	89	-9.090909e-03
89	89	2.765826e+00
20	90	-2.340605e+00
33	90	-9.090909e-03
90	90	2.349696e+00
9	91	-9.090909e-02
24	91	-5.085978e+00
91	91	5.176888e+00
23	92	-4.004517e+01
92	92	4.013608e+01
93	92	-9.090909e-02
32	93	-7.251264e+00
92	93	-9.090909e-02
93	93	7.342173e+00
5	94	-1.001131e+01
59	94	-1.363637e-02
94	94	1.002495e+01
3	95	-9.090909e-02
6	95	-1.001131e+01
95	95	1.010222e+01
