1	1	1.352710e+01
2	1	-9.090909e-02
70	1	-6.218093e+00
80	1	-6.218093e+00
1	2	-9.090909e-02
2	2	2.024529e+01
99	2	-2.015438e+01
3	3	5.848028e+00
81	3	-5.757119e+00
122	3	-9.090909e-02
4	4	5.844351e+00
5	4	-9.090909e-02
46	4	-5.753442e+00
4	5	-9.090909e-02
5	5	1.010222e+01
121	5	-1.001131e+01
6	6	2.080483e-02
7	6	-1.363637e-02
117	6	-7.168459e-03
6	7	-1.363637e-02
7	7	1.002495e+01
122	7	-1.001131e+01
8	8	6.309002e+00
82	8	-6.218093e+00
120	8	-9.090909e-02
9	9	6.309002e+00
39	9	-6.218093e+00
119	9	-9.090909e-02
10	10	6.309002e+00
11	10	-9.090909e-02
78	10	-6.218093e+00
10	11	-9.090909e-02
11	11	5.113032e+00
32	11	-5.022122e+00
12	12	1.164245e+01
13	12	-9.090909e-02
73	12	-5.775773e+00
77	12	-5.775773e+00
12	13	-9.090909e-02
13	13	5.072279e+00
28	13	-4.981370e+00
14	14	5.866682e+00
42	14	-5.775773e+00
118	14	-9.090909e-02
15	15	2.976540e-02
16	15	-1.363637e-02
66	15	-1.612903e-02
15	16	-1.363637e-02
16	16	6.647532e+00
95	16	-6.633895e+00
17	17	3.123169e-02
67	17	-1.759532e-02
115	17	-1.363637e-02
18	18	8.849164e+00
109	18	-8.758255e+00
114	18	-9.090909e-02
19	19	9.769249e+00
20	19	-9.090909e-02
44	19	-4.839170e+00
92	19	-4.839170e+00
19	20	-9.090909e-02
20	20	9.454906e+00
111	20	-9.363997e+00
21	21	1.186263e+01
22	21	-9.090909e-02
72	21	-6.691604e+00
86	21	-5.080113e+00
21	22	-9.090909e-02
22	22	8.849164e+00
108	22	-8.758255e+00
23	23	9.454906e+00
110	23	-9.363997e+00
113	23	-9.090909e-02
24	24	1.192341e+01
89	24	-5.916250e+00
91	24	-5.916250e+00
112	24	-9.090909e-02
25	25	1.471024e+00
26	25	-5.167585e-02
62	25	-1.419348e+00
25	26	-5.167585e-02
26	26	5.137654e+00
112	26	-5.085978e+00
27	27	5.534183e+00
107	27	-5.528130e-01
120	27	-4.981370e+00
13	28	-4.981370e+00
28	28	5.024930e+00
101	28	-4.356046e-02
29	29	5.099482e+00
106	29	-1.181123e-01
120	29	-4.981370e+00
30	30	1.166036e+01
34	30	-6.059247e+00
35	30	-5.601111e+00
31	31	9.019882e+00
35	31	-1.158757e-01
99	31	-8.904006e+00
11	32	-5.022122e+00
32	32	5.337084e+00
98	32	-3.149616e-01
33	33	5.147191e+00
96	33	-6.121225e-02
118	33	-5.085978e+00
30	34	-6.059247e+00
34	34	1.222007e+01
119	34	-6.160822e+00
30	35	-5.601111e+00
31	35	-1.158757e-01
35	35	5.716987e+00
36	36	4.429515e+00
90	36	-1.437447e+00
92	36	-2.992068e+00
37	37	5.797546e-01
88	37	-1.945718e-01
89	37	-3.851828e-01
38	38	2.412797e+00
71	38	-2.237222e-01
83	38	-2.189075e+00
9	39	-6.218093e+00
39	39	6.384543e+00
82	39	-1.664492e-01
40	40	2.447330e+00
79	40	-2.037315e+00
81	40	-4.100142e-01
41	41	2.111804e+00
76	41	-2.051000e+00
78	41	-6.080395e-02
14	42	-5.775773e+00
42	42	5.935285e+00
73	42	-1.595118e-01
43	43	1.505796e+01
93	43	-4.111352e+00
114	43	-1.094661e+01
19	44	-4.839170e+00
44	44	4.924658e+00
93	44	-8.548762e-02
45	45	1.505796e+01
84	45	-4.111352e+00
113	45	-1.094661e+01
4	46	-5.753442e+00
46	46	6.798372e+00
70	46	-1.044930e+00
47	47	3.727415e+00
68	47	-1.818182e-01
69	47	-3.545596e+00
48	48	4.964020e+00
49	48	-2.644404e-03
50	48	-4.961376e+00
48	49	-2.644404e-03
49	49	3.413588e+00
69	49	-3.410944e+00
48	50	-4.961376e+00
50	50	5.143194e+00
51	50	-1.818182e-01
50	51	-1.818182e-01
51	51	1.226748e+00
65	51	-1.044930e+00
52	52	9.090909e-03
111	52	-9.090909e-03
53	53	9.090909e-03
110	53	-9.090909e-03
54	54	9.090909e-03
109	54	-9.090909e-03
55	55	9.090909e-03
108	55	-9.090909e-03
56	56	2.480362e-02
117	56	-2.480362e-02
57	57	1.240182e-02
67	57	-1.240182e-02
58	58	1.082251e-02
116	58	-1.082251e-02
59	59	5.411255e-03
66	59	-5.411255e-03
60	60	3.507591e-01
62	60	-1.818182e-01
68	60	-1.689409e-01
61	61	1.952582e+00
64	61	-1.770764e+00
65	61	-1.818182e-01
25	62	-1.419348e+00
60	62	-1.818182e-01
62	62	1.601166e+00
63	63	3.123169e-02
116	63	-1.759532e-02
121	63	-1.363637e-02
61	64	-1.770764e+00
64	64	5.809259e+00
107	64	-4.038495e+00
51	65	-1.044930e+00
61	65	-1.818182e-01
65	65	1.226748e+00
15	66	-1.612903e-02
59	66	-5.411255e-03
66	66	2.154029e-02
17	67	-1.759532e-02
57	67	-1.240182e-02
67	67	2.999714e-02
47	68	-1.818182e-01
60	68	-1.689409e-01
68	68	3.507591e-01
47	69	-3.545596e+00
49	69	-3.410944e+00
69	69	6.956540e+00
1	70	-6.218093e+00
46	70	-1.044930e+00
70	70	7.263023e+00
38	71	-2.237222e-01
71	71	8.654820e+01
72	71	-8.632448e+01
21	72	-6.691604e+00
71	72	-8.632448e+01
72	72	9.301608e+01
12	73	-5.775773e+00
42	73	-1.595118e-01
73	73	5.935285e+00
74	74	2.145476e+00
75	74	-2.051000e+00
76	74	-9.447599e-02
74	75	-2.051000e+00
75	75	2.289592e+00
77	75	-2.385917e-01
41	76	-2.051000e+00
74	76	-9.447599e-02
76	76	2.145476e+00
12	77	-5.775773e+00
75	77	-2.385917e-01
77	77	6.014365e+00
10	78	-6.218093e+00
41	78	-6.080395e-02
78	78	6.278897e+00
40	79	-2.037315e+00
79	79	3.304632e+00
80	79	-1.267316e+00
1	80	-6.218093e+00
79	80	-1.267316e+00
80	80	7.485410e+00
3	81	-5.757119e+00
40	81	-4.100142e-01
81	81	6.167133e+00
8	82	-6.218093e+00
39	82	-1.664492e-01
82	82	6.384543e+00
38	83	-2.189075e+00
83	83	2.619751e+00
84	83	-4.306762e-01
45	84	-4.111352e+00
83	84	-4.306762e-01
84	84	4.542028e+00
85	85	5.748737e+01
86	85	-5.273677e+01
87	85	-4.750594e+00
21	86	-5.080113e+00
85	86	-5.273677e+01
86	86	5.781689e+01
85	87	-4.750594e+00
87	87	6.188040e+00
88	87	-1.437447e+00
37	88	-1.945718e-01
87	88	-1.437447e+00
88	88	1.632018e+00
24	89	-5.916250e+00
37	89	-3.851828e-01
89	89	6.301432e+00
36	90	-1.437447e+00
90	90	1.564060e+00
91	90	-1.266139e-01
24	91	-5.916250e+00
90	91	-1.266139e-01
91	91	6.042863e+00
19	92	-4.839170e+00
36	92	-2.992068e+00
92	92	7.831238e+00
43	93	-4.111352e+00
44	93	-8.548762e-02
93	93	4.196839e+00
94	94	7.158580e+00
95	94	-3.917835e+00
96	94	-3.240745e+00
16	95	-6.633895e+00
94	95	-3.917835e+00
95	95	1.055173e+01
33	96	-6.121225e-02
94	96	-3.240745e+00
96	96	3.301957e+00
97	97	8.105876e+00
98	97	-1.412928e+00
115	97	-6.692948e+00
32	98	-3.149616e-01
97	98	-1.412928e+00
98	98	1.727890e+00
2	99	-2.015438e+01
31	99	-8.904006e+00
99	99	2.905839e+01
100	100	5.641853e+00
101	100	-4.509786e+00
102	100	-1.132067e+00
28	101	-4.356046e-02
100	101	-4.509786e+00
101	101	4.553347e+00
100	102	-1.132067e+00
102	102	4.702883e+00
103	102	-3.570816e+00
102	103	-3.570816e+00
103	103	5.292102e+00
104	103	-1.721286e+00
103	104	-1.721286e+00
104	104	5.887241e+00
105	104	-4.165955e+00
104	105	-4.165955e+00
105	105	1.661870e+01
106	105	-1.245274e+01
29	106	-1.181123e-01
105	106	-1.245274e+01
106	106	1.257085e+01
27	107	-5.528130e-01
64	107	-4.038495e+00
107	107	4.591308e+00
22	108	-8.758255e+00
55	108	-9.090909e-03
108	108	8.767346e+00
18	109	-8.758255e+00
54	109	-9.090909e-03
109	109	8.767346e+00
23	110	-9.363997e+00
53	110	-9.090909e-03
110	110	9.373088e+00
20	111	-9.363997e+00
52	111	-9.090909e-03
111	111	9.373088e+00
24	112	-9.090909e-02
26	112	-5.085978e+00
112	112	5.176888e+00
23	113	-9.090909e-02
45	113	-1.094661e+01
113	113	1.103752e+01
18	114	-9.090909e-02
43	114	-1.094661e+01
114	114	1.103752e+01
17	115	-1.363637e-02
97	115	-6.692948e+00
115	115	6.706584e+00
58	116	-1.082251e-02
63	116	-1.759532e-02
116	116	2.841783e-02
6	117	-7.168459e-03
56	117	-2.480362e-02
117	117	3.197208e-02
14	118	-9.090909e-02
33	118	-5.085978e+00
118	118	5.176888e+00
9	119	-9.090909e-02
34	119	-6.160822e+00
119	119	6.251731e+00
8	120	-9.090909e-02
27	120	-4.981370e+00
29	120	-4.981370e+00
120	120	1.005365e+01
5	121	-1.001131e+01
63	121	-1.363637e-02
121	121	1.002495e+01
3	122	-9.090909e-02
7	122	-1.001131e+01
122	122	1.010222e+01
