1	1	1.352710e+01
2	1	-9.090909e-02
89	1	-6.218093e+00
100	1	-6.218093e+00
1	2	-9.090909e-02
2	2	5.031767e+00
39	2	-4.940858e+00
3	3	5.848028e+00
101	3	-5.757119e+00
173	3	-9.090909e-02
4	4	5.844351e+00
5	4	-9.090909e-02
76	4	-5.753442e+00
4	5	-9.090909e-02
5	5	1.558627e+01
79	5	-5.484050e+00
172	5	-1.001131e+01
6	6	1.002495e+01
83	6	-1.363637e-02
173	6	-1.001131e+01
7	7	6.087119e+00
8	7	-9.090909e-02
103	7	-5.996210e+00
7	8	-9.090909e-02
8	8	5.072279e+00
38	8	-4.981370e+00
9	9	6.087119e+00
56	9	-5.996210e+00
171	9	-9.090909e-02
10	10	6.309002e+00
11	10	-9.090909e-02
98	10	-6.218093e+00
10	11	-9.090909e-02
11	11	5.113032e+00
41	11	-5.022122e+00
12	12	1.164245e+01
13	12	-9.090909e-02
93	12	-5.775773e+00
97	12	-5.775773e+00
12	13	-9.090909e-02
13	13	5.072279e+00
37	13	-4.981370e+00
14	14	5.866682e+00
61	14	-5.775773e+00
170	14	-9.090909e-02
15	15	2.976540e-02
16	15	-1.363637e-02
85	15	-1.612903e-02
15	16	-1.363637e-02
16	16	6.647532e+00
119	16	-6.633895e+00
17	17	3.123169e-02
87	17	-1.759532e-02
167	17	-1.363637e-02
18	18	1.252710e+01
65	18	-6.218093e+00
104	18	-6.218093e+00
166	18	-9.090909e-02
19	19	6.309002e+00
90	19	-6.218093e+00
165	19	-9.090909e-02
20	20	6.309002e+00
21	20	-9.090909e-02
78	20	-6.218093e+00
20	21	-9.090909e-02
21	21	5.113032e+00
34	21	-5.022122e+00
22	22	1.002495e+01
82	22	-1.363637e-02
165	22	-1.001131e+01
23	23	3.123169e-02
88	23	-1.759532e-02
164	23	-1.363637e-02
24	24	9.769249e+00
25	24	-9.090909e-02
63	24	-4.839170e+00
116	24	-4.839170e+00
24	25	-9.090909e-02
25	25	9.454906e+00
160	25	-9.363997e+00
26	26	1.186263e+01
27	26	-9.090909e-02
92	26	-6.691604e+00
110	26	-5.080113e+00
26	27	-9.090909e-02
27	27	8.849164e+00
157	27	-8.758255e+00
28	28	9.454906e+00
159	28	-9.363997e+00
161	28	-9.090909e-02
29	29	1.183250e+01
113	29	-5.916250e+00
115	29	-5.916250e+00
30	30	4.674745e+00
52	30	-4.586399e+00
156	30	-8.834625e-02
31	31	4.734642e+00
55	31	-4.586399e+00
154	31	-1.482430e-01
32	32	6.958319e+00
142	32	-3.767457e+00
144	32	-3.190861e+00
33	33	9.657784e+00
142	33	-2.122840e+00
164	33	-7.534943e+00
21	34	-5.022122e+00
34	34	5.131618e+00
141	34	-1.094959e-01
35	35	3.255603e+00
46	35	-3.102218e+00
138	35	-1.533846e-01
36	36	5.119709e+00
139	36	-7.849663e-02
166	36	-5.041212e+00
13	37	-4.981370e+00
37	37	5.024930e+00
131	37	-4.356046e-02
8	38	-4.981370e+00
38	38	5.099482e+00
136	38	-1.181123e-01
2	39	-4.940858e+00
39	39	5.153612e+00
129	39	-2.127542e-01
40	40	8.935071e+00
125	40	-3.332045e+00
127	40	-5.603026e+00
11	41	-5.022122e+00
41	41	5.404576e+00
122	41	-3.824531e-01
42	42	5.147191e+00
120	42	-6.121225e-02
170	42	-5.085978e+00
43	43	4.920963e+00
155	43	-8.678672e-01
162	43	-4.053096e+00
44	44	1.222007e+01
81	44	-6.059247e+00
171	44	-6.160822e+00
45	45	5.853831e+00
81	45	-5.601111e+00
129	45	-2.527193e-01
35	46	-3.102218e+00
46	46	3.513622e+00
80	46	-4.114041e-01
47	47	4.429515e+00
114	47	-1.437447e+00
116	47	-2.992068e+00
48	48	5.797546e-01
112	48	-1.945718e-01
113	48	-3.851828e-01
49	49	2.412797e+00
91	49	-2.237222e-01
107	49	-2.189075e+00
50	50	3.155280e-01
51	50	-1.818182e-01
106	50	-1.337099e-01
50	51	-1.818182e-01
51	51	4.768217e+00
154	51	-4.586399e+00
30	52	-4.586399e+00
52	52	4.768217e+00
106	52	-1.818182e-01
53	53	2.903302e-01
54	53	-1.818182e-01
105	53	-1.085120e-01
53	54	-1.818182e-01
54	54	4.768217e+00
153	54	-4.586399e+00
31	55	-4.586399e+00
55	55	4.768217e+00
105	55	-1.818182e-01
9	56	-5.996210e+00
56	56	6.163693e+00
103	56	-1.674823e-01
57	57	2.001384e-01
58	57	-1.818182e-01
102	57	-1.832022e-02
57	58	-1.818182e-01
58	58	4.768217e+00
128	58	-4.586399e+00
59	59	2.447330e+00
99	59	-2.037315e+00
101	59	-4.100142e-01
60	60	2.111804e+00
96	60	-2.051000e+00
98	60	-6.080395e-02
14	61	-5.775773e+00
61	61	5.935285e+00
93	61	-1.595118e-01
62	62	1.505796e+01
117	62	-4.111352e+00
163	62	-1.094661e+01
24	63	-4.839170e+00
63	63	4.924658e+00
117	63	-8.548762e-02
64	64	1.505796e+01
108	64	-4.111352e+00
161	64	-1.094661e+01
18	65	-6.218093e+00
65	65	6.271731e+00
90	65	-5.363713e-02
66	66	9.090909e-03
160	66	-9.090909e-03
67	67	9.090909e-03
159	67	-9.090909e-03
68	68	9.090909e-03
158	68	-9.090909e-03
69	69	9.090909e-03
157	69	-9.090909e-03
70	70	1.240182e-02
88	70	-1.240182e-02
71	71	2.480362e-02
169	71	-2.480362e-02
72	72	1.240182e-02
87	72	-1.240182e-02
73	73	1.082251e-02
86	73	-1.082251e-02
74	74	1.082251e-02
168	74	-1.082251e-02
75	75	5.411255e-03
85	75	-5.411255e-03
4	76	-5.753442e+00
76	76	6.798372e+00
89	76	-1.044930e+00
77	77	4.768217e+00
80	77	-4.586399e+00
102	77	-1.818182e-01
20	78	-6.218093e+00
78	78	6.708756e+00
104	78	-4.906627e-01
5	79	-5.484050e+00
79	79	1.077724e+01
125	79	-5.293190e+00
46	80	-4.114041e-01
77	80	-4.586399e+00
80	80	4.997803e+00
44	81	-6.059247e+00
45	81	-5.601111e+00
81	81	1.166036e+01
22	82	-1.363637e-02
82	82	3.123169e-02
86	82	-1.759532e-02
6	83	-1.363637e-02
83	83	2.080483e-02
169	83	-7.168459e-03
84	84	3.123169e-02
168	84	-1.759532e-02
172	84	-1.363637e-02
15	85	-1.612903e-02
75	85	-5.411255e-03
85	85	2.154029e-02
73	86	-1.082251e-02
82	86	-1.759532e-02
86	86	2.841783e-02
17	87	-1.759532e-02
72	87	-1.240182e-02
87	87	2.999714e-02
23	88	-1.759532e-02
70	88	-1.240182e-02
88	88	2.999714e-02
1	89	-6.218093e+00
76	89	-1.044930e+00
89	89	7.263023e+00
19	90	-6.218093e+00
65	90	-5.363713e-02
90	90	6.271731e+00
49	91	-2.237222e-01
91	91	8.654820e+01
92	91	-8.632448e+01
26	92	-6.691604e+00
91	92	-8.632448e+01
92	92	9.301608e+01
12	93	-5.775773e+00
61	93	-1.595118e-01
93	93	5.935285e+00
94	94	2.145476e+00
95	94	-2.051000e+00
96	94	-9.447599e-02
94	95	-2.051000e+00
95	95	2.289592e+00
97	95	-2.385917e-01
60	96	-2.051000e+00
94	96	-9.447599e-02
96	96	2.145476e+00
12	97	-5.775773e+00
95	97	-2.385917e-01
97	97	6.014365e+00
10	98	-6.218093e+00
60	98	-6.080395e-02
98	98	6.278897e+00
59	99	-2.037315e+00
99	99	3.304632e+00
100	99	-1.267316e+00
1	100	-6.218093e+00
99	100	-1.267316e+00
100	100	7.485410e+00
3	101	-5.757119e+00
59	101	-4.100142e-01
101	101	6.167133e+00
57	102	-1.832022e-02
77	102	-1.818182e-01
102	102	2.001384e-01
7	103	-5.996210e+00
56	103	-1.674823e-01
103	103	6.163693e+00
18	104	-6.218093e+00
78	104	-4.906627e-01
104	104	6.708756e+00
53	105	-1.085120e-01
55	105	-1.818182e-01
105	105	2.903302e-01
50	106	-1.337099e-01
52	106	-1.818182e-01
106	106	3.155280e-01
49	107	-2.189075e+00
107	107	2.619751e+00
108	107	-4.306762e-01
64	108	-4.111352e+00
107	108	-4.306762e-01
108	108	4.542028e+00
109	109	5.748737e+01
110	109	-5.273677e+01
111	109	-4.750594e+00
26	110	-5.080113e+00
109	110	-5.273677e+01
110	110	5.781689e+01
109	111	-4.750594e+00
111	111	6.188040e+00
112	111	-1.437447e+00
48	112	-1.945718e-01
111	112	-1.437447e+00
112	112	1.632018e+00
29	113	-5.916250e+00
48	113	-3.851828e-01
113	113	6.301432e+00
47	114	-1.437447e+00
114	114	1.564060e+00
115	114	-1.266139e-01
29	115	-5.916250e+00
114	115	-1.266139e-01
115	115	6.042863e+00
24	116	-4.839170e+00
47	116	-2.992068e+00
116	116	7.831238e+00
62	117	-4.111352e+00
63	117	-8.548762e-02
117	117	4.196839e+00
118	118	7.158580e+00
119	118	-3.917835e+00
120	118	-3.240745e+00
16	119	-6.633895e+00
118	119	-3.917835e+00
119	119	1.055173e+01
42	120	-6.121225e-02
118	120	-3.240745e+00
120	120	3.301957e+00
121	121	9.193036e+00
122	121	-2.466955e+00
123	121	-6.726080e+00
41	122	-3.824531e-01
121	122	-2.466955e+00
122	122	2.849408e+00
121	123	-6.726080e+00
123	123	8.142232e+00
124	123	-1.416152e+00
123	124	-1.416152e+00
124	124	8.142232e+00
167	124	-6.726080e+00
40	125	-3.332045e+00
79	125	-5.293190e+00
125	125	8.625235e+00
126	126	5.114456e+00
127	126	-4.869047e+00
128	126	-2.454090e-01
40	127	-5.603026e+00
126	127	-4.869047e+00
127	127	1.047207e+01
58	128	-4.586399e+00
126	128	-2.454090e-01
128	128	4.831808e+00
39	129	-2.127542e-01
45	129	-2.527193e-01
129	129	4.654734e-01
130	130	5.641853e+00
131	130	-4.509786e+00
132	130	-1.132067e+00
37	131	-4.356046e-02
130	131	-4.509786e+00
131	131	4.553347e+00
130	132	-1.132067e+00
132	132	4.702883e+00
133	132	-3.570816e+00
132	133	-3.570816e+00
133	133	5.292102e+00
134	133	-1.721286e+00
133	134	-1.721286e+00
134	134	5.887241e+00
135	134	-4.165955e+00
134	135	-4.165955e+00
135	135	1.661870e+01
136	135	-1.245274e+01
38	136	-1.181123e-01
135	136	-1.245274e+01
136	136	1.257085e+01
137	137	2.186420e+00
138	137	-1.367230e-01
139	137	-2.049697e+00
35	138	-1.533846e-01
137	138	-1.367230e-01
138	138	2.901076e-01
36	139	-7.849663e-02
137	139	-2.049697e+00
139	139	2.128194e+00
140	140	9.568249e+00
141	140	-2.033306e+00
164	140	-7.534943e+00
34	141	-1.094959e-01
140	141	-2.033306e+00
141	141	2.142801e+00
32	142	-3.767457e+00
33	142	-2.122840e+00
142	142	5.890298e+00
143	143	2.103966e+00
144	143	-2.067008e+00
145	143	-3.695751e-02
32	144	-3.190861e+00
143	144	-2.067008e+00
144	144	5.257870e+00
143	145	-3.695751e-02
145	145	2.571638e+00
146	145	-2.534681e+00
145	146	-2.534681e+00
146	146	4.584378e+00
147	146	-2.049697e+00
146	147	-2.049697e+00
147	147	4.360922e+00
148	147	-2.311225e+00
147	148	-2.311225e+00
148	148	5.555539e+01
149	148	-5.324417e+01
148	149	-5.324417e+01
149	149	5.538689e+01
150	149	-2.142727e+00
149	150	-2.142727e+00
150	150	5.555383e+01
151	150	-5.341110e+01
150	151	-5.341110e+01
151	151	5.358392e+01
152	151	-1.728190e-01
151	152	-1.728190e-01
152	152	2.493408e+00
153	152	-2.320589e+00
54	153	-4.586399e+00
152	153	-2.320589e+00
153	153	6.906988e+00
31	154	-1.482430e-01
51	154	-4.586399e+00
154	154	4.734642e+00
43	155	-8.678672e-01
155	155	2.395943e+00
156	155	-1.528075e+00
30	156	-8.834625e-02
155	156	-1.528075e+00
156	156	1.616422e+00
27	157	-8.758255e+00
69	157	-9.090909e-03
157	157	8.767346e+00
68	158	-9.090909e-03
158	158	8.767346e+00
162	158	-8.758255e+00
28	159	-9.363997e+00
67	159	-9.090909e-03
159	159	9.373088e+00
25	160	-9.363997e+00
66	160	-9.090909e-03
160	160	9.373088e+00
28	161	-9.090909e-02
64	161	-1.094661e+01
161	161	1.103752e+01
43	162	-4.053096e+00
158	162	-8.758255e+00
162	162	1.290226e+01
163	162	-9.090909e-02
62	163	-1.094661e+01
162	163	-9.090909e-02
163	163	1.103752e+01
23	164	-1.363637e-02
33	164	-7.534943e+00
140	164	-7.534943e+00
164	164	1.508352e+01
19	165	-9.090909e-02
22	165	-1.001131e+01
165	165	1.010222e+01
18	166	-9.090909e-02
36	166	-5.041212e+00
166	166	5.132121e+00
17	167	-1.363637e-02
124	167	-6.726080e+00
167	167	6.739717e+00
74	168	-1.082251e-02
84	168	-1.759532e-02
168	168	2.841783e-02
71	169	-2.480362e-02
83	169	-7.168459e-03
169	169	3.197208e-02
14	170	-9.090909e-02
42	170	-5.085978e+00
170	170	5.176888e+00
9	171	-9.090909e-02
44	171	-6.160822e+00
171	171	6.251731e+00
5	172	-1.001131e+01
84	172	-1.363637e-02
172	172	1.002495e+01
3	173	-9.090909e-02
6	173	-1.001131e+01
173	173	1.010222e+01
