0	0	1.352709590730745e+01
1	0	-9.090909090909091e-02
39	0	-6.218093408199178e+00
41	0	-6.218093408199178e+00
0	1	-9.090909090909091e-02
1	1	2.024529166139904e+01
52	1	-2.015438257048995e+01
2	2	5.848027768153504e+00
42	2	-5.757118677244413e+00
62	2	-9.090909090909091e-02
3	3	5.844351087583601e+00
4	3	-9.090909090909091e-02
35	3	-5.753441996674511e+00
3	4	-9.090909090909091e-02
4	4	1.010222187435438e+01
61	4	-1.001131278344529e+01
5	5	1.002494915328001e+01
37	5	-1.363636983471356e-02
62	5	-1.001131278344529e+01
6	6	1.252709590730745e+01
7	6	-9.090909090909091e-02
46	6	-6.218093408199178e+00
49	6	-6.218093408199178e+00
6	7	-9.090909090909091e-02
7	7	8.849163745921441e+00
56	7	-8.758254655012349e+00
8	8	6.309002499108269e+00
51	8	-6.218093408199178e+00
60	8	-9.090909090909091e-02
9	9	1.252709590730745e+01
10	9	-9.090909090909091e-02
23	9	-6.218093408199178e+00
50	9	-6.218093408199178e+00
9	10	-9.090909090909091e-02
10	10	9.974382934295564e+00
58	10	-9.883473843386472e+00
11	11	6.309002499108269e+00
47	11	-6.218093408199178e+00
59	11	-9.090909090909091e-02
12	12	5.171022479039914e+00
13	12	-9.090909090909091e-02
44	12	-5.080113388130823e+00
12	13	-9.090909090909091e-02
13	13	9.974382934295564e+00
57	13	-9.883473843386472e+00
14	14	1.135318497161907e+01
15	14	-9.090909090909091e-02
26	14	-5.631137940354987e+00
43	14	-5.631137940354987e+00
14	15	-9.090909090909091e-02
15	15	5.176887556876267e+00
18	15	-5.085978465967176e+00
16	16	5.171022479039914e+00
17	16	-9.090909090909091e-02
27	16	-5.080113388130823e+00
16	17	-9.090909090909091e-02
17	17	9.462980318650422e+00
55	17	-9.372071227741330e+00
15	18	-5.085978465967176e+00
18	18	5.211441896513757e+00
19	18	-1.254634305465814e-01
18	19	-1.254634305465814e-01
19	19	5.211441896513757e+00
59	19	-5.085978465967176e+00
20	20	9.019881573040882e+00
22	20	-1.158756607809556e-01
52	20	-8.904005912259926e+00
21	21	3.248172528270788e+00
22	21	-3.056580359025929e+00
36	21	-1.915921692448586e-01
20	22	-1.158756607809556e-01
21	22	-3.056580359025929e+00
22	22	3.172456019806885e+00
9	23	-6.218093408199178e+00
23	23	6.466667215977052e+00
51	23	-2.485738077778745e-01
24	24	2.256416718737384e+00
48	24	-2.177719318112527e+00
50	24	-7.869740062485736e-02
25	25	2.229928278045427e+00
45	25	-2.178350248223011e+00
46	25	-5.157802982241684e-02
14	26	-5.631137940354987e+00
26	26	5.975099691808226e+00
44	26	-3.439617514532384e-01
16	27	-5.080113388130823e+00
27	27	5.417503272507310e+00
43	27	-3.373898843764866e-01
28	28	2.447329656642144e+00
40	28	-2.037315470151291e+00
42	28	-4.100141864908526e-01
29	29	9.090909090909090e-03
58	29	-9.090909090909090e-03
30	30	9.090909090909090e-03
57	30	-9.090909090909090e-03
31	31	9.090909090909090e-03
56	31	-9.090909090909090e-03
32	32	9.090909090909090e-03
55	32	-9.090909090909090e-03
33	33	2.480361735955572e-02
54	33	-2.480361735955572e-02
34	34	1.082251082251082e-02
53	34	-1.082251082251082e-02
3	35	-5.753441996674511e+00
35	35	6.798371892327811e+00
39	35	-1.044929895653301e+00
21	36	-1.915921692448586e-01
36	36	5.277570635212035e+00
60	36	-5.085978465967176e+00
5	37	-1.363636983471356e-02
37	37	2.080482861607557e-02
54	37	-7.168458781362007e-03
38	38	3.123168807243687e-02
53	38	-1.759531823772330e-02
61	38	-1.363636983471356e-02
0	39	-6.218093408199178e+00
35	39	-1.044929895653301e+00
39	39	7.263023303852479e+00
28	40	-2.037315470151291e+00
40	40	3.304631763149749e+00
41	40	-1.267316292998458e+00
0	41	-6.218093408199178e+00
40	41	-1.267316292998458e+00
41	41	7.485409701197636e+00
2	42	-5.757118677244413e+00
28	42	-4.100141864908526e-01
42	42	6.167132863735265e+00
14	43	-5.631137940354987e+00
27	43	-3.373898843764866e-01
43	43	5.968527824731474e+00
12	44	-5.080113388130823e+00
26	44	-3.439617514532384e-01
44	44	5.424075139584062e+00
25	45	-2.178350248223011e+00
45	45	2.660626592568320e+00
47	45	-4.822763443453099e-01
6	46	-6.218093408199178e+00
25	46	-5.157802982241684e-02
46	46	6.269671438021595e+00
11	47	-6.218093408199178e+00
45	47	-4.822763443453099e-01
47	47	6.700369752544488e+00
24	48	-2.177719318112527e+00
48	48	3.043876090706133e+01
49	48	-2.826104158894880e+01
6	49	-6.218093408199178e+00
48	49	-2.826104158894880e+01
49	49	3.447913499714798e+01
9	50	-6.218093408199178e+00
24	50	-7.869740062485736e-02
50	50	6.296790808824036e+00
8	51	-6.218093408199178e+00
23	51	-2.485738077778745e-01
51	51	6.466667215977052e+00
1	52	-2.015438257048995e+01
20	52	-8.904005912259926e+00
52	52	2.905838848274988e+01
34	53	-1.082251082251082e-02
38	53	-1.759531823772330e-02
53	53	2.841782906023413e-02
33	54	-2.480361735955572e-02
37	54	-7.168458781362007e-03
54	54	3.197207614091772e-02
17	55	-9.372071227741330e+00
32	55	-9.090909090909090e-03
55	55	9.381162136832240e+00
7	56	-8.758254655012349e+00
31	56	-9.090909090909090e-03
56	56	8.767345564103259e+00
13	57	-9.883473843386472e+00
30	57	-9.090909090909090e-03
57	57	9.892564752477382e+00
10	58	-9.883473843386472e+00
29	58	-9.090909090909090e-03
58	58	9.892564752477382e+00
11	59	-9.090909090909091e-02
19	59	-5.085978465967176e+00
59	59	5.176887556876267e+00
8	60	-9.090909090909091e-02
36	60	-5.085978465967176e+00
60	60	5.176887556876267e+00
4	61	-1.001131278344529e+01
38	61	-1.363636983471356e-02
61	61	1.002494915328001e+01
2	62	-9.090909090909091e-02
5	62	-1.001131278344529e+01
62	62	1.010222187435438e+01
