1	1	6.171022e+00
2	1	-9.090909e-02
84	1	-5.080113e+00
1	2	-9.090909e-02
2	2	1.013435e+01
92	2	-1.004344e+01
3	3	4.676319e+00
76	3	-4.585410e+00
96	3	-9.090909e-02
4	4	1.013435e+01
91	4	-1.004344e+01
95	4	-9.090909e-02
5	5	1.025114e+01
6	5	-9.090909e-02
52	5	-5.080113e+00
56	5	-5.080113e+00
5	6	-9.090909e-02
6	6	5.176888e+00
15	6	-5.085978e+00
7	7	1.030284e+01
34	7	-2.727270e-02
96	7	-1.027557e+01
8	8	8.555330e+00
35	8	-2.727270e-02
93	8	-8.528057e+00
9	9	5.171022e+00
10	9	-9.090909e-02
59	9	-5.080113e+00
9	10	-9.090909e-02
10	10	1.010222e+01
89	10	-1.001131e+01
11	11	5.171022e+00
60	11	-5.080113e+00
90	11	-9.090909e-02
12	12	1.603173e+01
41	12	-1.363637e-02
90	12	-1.601809e+01
13	13	1.080420e+01
87	13	-3.306539e+00
88	13	-7.497657e+00
14	14	8.192188e+00
48	14	-3.135297e+00
97	14	-5.056890e+00
6	15	-5.085978e+00
15	15	1.171987e+01
43	15	-6.633895e+00
16	16	6.533977e+00
82	16	-2.193492e+00
84	16	-4.340485e+00
17	17	6.767580e-01
76	17	-2.935590e-01
77	17	-3.831990e-01
18	18	6.895484e+00
73	18	-2.180126e+00
75	18	-4.715357e+00
19	19	1.967011e+01
69	19	-4.174999e-01
70	19	-1.925261e+01
20	20	1.358682e+01
66	20	-2.193252e+00
68	20	-1.139357e+01
21	21	2.295611e+00
61	21	-2.004940e+00
63	21	-2.906706e-01
22	22	2.616581e+00
58	22	-1.645660e+00
60	22	-9.709209e-01
23	23	5.945995e+00
55	23	-1.605510e+00
57	23	-4.340485e+00
24	24	1.798153e+00
50	24	-1.605510e+00
52	24	-1.926433e-01
25	25	5.094974e+01
83	25	-4.380489e+01
98	25	-7.144847e+00
26	26	3.512731e+01
49	26	-2.821312e+00
67	26	-3.230600e+01
27	27	5.048377e+00
48	27	-1.818182e-01
70	27	-4.866559e+00
28	28	3.512731e+01
47	28	-2.821312e+00
63	28	-3.230600e+01
29	29	3.512731e+01
46	29	-2.821312e+00
62	29	-3.230600e+01
30	30	1.505796e+01
57	30	-4.111352e+00
95	30	-1.094661e+01
31	31	1.505796e+01
51	31	-4.111352e+00
94	31	-1.094661e+01
32	32	9.090909e-03
92	32	-9.090909e-03
33	33	9.090909e-03
91	33	-9.090909e-03
7	34	-2.727270e-02
34	34	2.727270e-02
8	35	-2.727270e-02
35	35	2.727270e-02
36	36	1.240182e-02
45	36	-1.240182e-02
37	37	5.411255e-03
44	37	-5.411255e-03
38	38	3.163128e+00
74	38	-1.818182e-01
85	38	-2.981310e+00
39	39	2.778566e+00
86	39	-2.627796e+00
87	39	-1.507700e-01
40	40	3.123169e-02
45	40	-1.759532e-02
89	40	-1.363637e-02
12	41	-1.363637e-02
41	41	2.976540e-02
44	41	-1.612903e-02
42	42	2.105962e+00
43	42	-2.055727e+00
48	42	-5.023560e-02
15	43	-6.633895e+00
42	43	-2.055727e+00
43	43	8.689622e+00
37	44	-5.411255e-03
41	44	-1.612903e-02
44	44	2.154029e-02
36	45	-1.240182e-02
40	45	-1.759532e-02
45	45	2.999714e-02
29	46	-2.821312e+00
46	46	3.512731e+01
68	46	-3.230600e+01
28	47	-2.821312e+00
47	47	3.512731e+01
69	47	-3.230600e+01
14	48	-3.135297e+00
27	48	-1.818182e-01
42	48	-5.023560e-02
48	48	3.367351e+00
26	49	-2.821312e+00
49	49	3.512731e+01
75	49	-3.230600e+01
24	50	-1.605510e+00
50	50	3.315397e+00
51	50	-1.709887e+00
31	51	-4.111352e+00
50	51	-1.709887e+00
51	51	5.821239e+00
5	52	-5.080113e+00
24	52	-1.926433e-01
52	52	5.272757e+00
53	53	1.707284e+00
54	53	-1.605510e+00
55	53	-1.017738e-01
53	54	-1.605510e+00
54	54	2.289257e+00
56	54	-6.837467e-01
23	55	-1.605510e+00
53	55	-1.017738e-01
55	55	1.707284e+00
5	56	-5.080113e+00
54	56	-6.837467e-01
56	56	5.763860e+00
23	57	-4.340485e+00
30	57	-4.111352e+00
57	57	8.451837e+00
22	58	-1.645660e+00
58	58	1.819039e+00
59	58	-1.733790e-01
9	59	-5.080113e+00
58	59	-1.733790e-01
59	59	5.253492e+00
11	60	-5.080113e+00
22	60	-9.709209e-01
60	60	6.051034e+00
21	61	-2.004940e+00
61	61	3.711742e+00
62	61	-1.706802e+00
29	62	-3.230600e+01
61	62	-1.706802e+00
62	62	3.401280e+01
21	63	-2.906706e-01
28	63	-3.230600e+01
63	63	3.259667e+01
64	64	2.790882e+00
65	64	-2.708200e+00
66	64	-8.268221e-02
64	65	-2.708200e+00
65	65	9.031191e+00
67	65	-6.322991e+00
20	66	-2.193252e+00
64	66	-8.268221e-02
66	66	2.275934e+00
26	67	-3.230600e+01
65	67	-6.322991e+00
67	67	3.862899e+01
20	68	-1.139357e+01
46	68	-3.230600e+01
68	68	4.369957e+01
19	69	-4.174999e-01
47	69	-3.230600e+01
69	69	3.272350e+01
19	70	-1.925261e+01
27	70	-4.866559e+00
70	70	2.411917e+01
71	71	2.358880e+00
72	71	-2.189549e+00
73	71	-1.693308e-01
71	72	-2.189549e+00
72	72	2.326839e+00
74	72	-1.372900e-01
18	73	-2.180126e+00
71	73	-1.693308e-01
73	73	2.349457e+00
38	74	-1.818182e-01
72	74	-1.372900e-01
74	74	3.191082e-01
18	75	-4.715357e+00
49	75	-3.230600e+01
75	75	3.702136e+01
3	76	-4.585410e+00
17	76	-2.935590e-01
76	76	4.878969e+00
17	77	-3.831990e-01
77	77	4.985217e+00
98	77	-4.602018e+00
78	78	2.719223e+00
79	78	-2.183030e+00
80	78	-5.361930e-01
78	79	-2.183030e+00
79	79	2.491658e+00
83	79	-3.086286e-01
78	80	-5.361930e-01
80	80	2.728772e+00
81	80	-2.192579e+00
80	81	-2.192579e+00
81	81	2.437563e+00
82	81	-2.449846e-01
16	82	-2.193492e+00
81	82	-2.449846e-01
82	82	2.438477e+00
25	83	-4.380489e+01
79	83	-3.086286e-01
83	83	4.411352e+01
1	84	-5.080113e+00
16	84	-4.340485e+00
84	84	9.420598e+00
38	85	-2.981310e+00
85	85	2.162950e+01
86	85	-1.864819e+01
39	86	-2.627796e+00
85	86	-1.864819e+01
86	86	2.127599e+01
13	87	-3.306539e+00
39	87	-1.507700e-01
87	87	3.457309e+00
13	88	-7.497657e+00
88	88	3.419451e+01
90	88	-2.669685e+01
10	89	-1.001131e+01
40	89	-1.363637e-02
89	89	1.002495e+01
11	90	-9.090909e-02
12	90	-1.601809e+01
88	90	-2.669685e+01
90	90	4.280586e+01
4	91	-1.004344e+01
33	91	-9.090909e-03
91	91	1.005253e+01
2	92	-1.004344e+01
32	92	-9.090909e-03
92	92	1.005253e+01
8	93	-8.528057e+00
93	93	8.618966e+00
94	93	-9.090909e-02
31	94	-1.094661e+01
93	94	-9.090909e-02
94	94	1.103752e+01
4	95	-9.090909e-02
30	95	-1.094661e+01
95	95	1.103752e+01
3	96	-9.090909e-02
7	96	-1.027557e+01
96	96	1.036648e+01
14	97	-5.056890e+00
97	97	5.147799e+00
98	97	-9.090909e-02
25	98	-7.144847e+00
77	98	-4.602018e+00
97	98	-9.090909e-02
98	98	1.183777e+01
