1	1	1.352710e+01
2	1	-9.090909e-02
72	1	-6.218093e+00
88	1	-6.218093e+00
1	2	-9.090909e-02
2	2	2.024529e+01
93	2	-2.015438e+01
3	3	5.848028e+00
89	3	-5.757119e+00
109	3	-9.090909e-02
4	4	5.844351e+00
5	4	-9.090909e-02
51	4	-5.753442e+00
4	5	-9.090909e-02
5	5	1.010222e+01
108	5	-1.001131e+01
6	6	1.002495e+01
65	6	-1.363637e-02
109	6	-1.001131e+01
7	7	6.889976e+00
8	7	-9.090909e-02
86	7	-6.799067e+00
7	8	-9.090909e-02
8	8	7.362420e+00
21	8	-7.271511e+00
9	9	1.169722e+01
81	9	-5.803157e+00
83	9	-5.803157e+00
105	9	-9.090909e-02
10	10	6.309002e+00
90	10	-6.218093e+00
102	10	-9.090909e-02
11	11	6.309002e+00
32	11	-6.218093e+00
101	11	-9.090909e-02
12	12	6.309002e+00
13	12	-9.090909e-02
79	12	-6.218093e+00
12	13	-9.090909e-02
13	13	5.176888e+00
23	13	-5.085978e+00
14	14	1.252710e+01
15	14	-9.090909e-02
42	14	-6.218093e+00
74	14	-6.218093e+00
14	15	-9.090909e-02
15	15	2.024529e+01
91	15	-2.015438e+01
16	16	5.848028e+00
17	16	-9.090909e-02
75	16	-5.757119e+00
16	17	-9.090909e-02
17	17	1.010222e+01
96	17	-1.001131e+01
18	18	5.844351e+00
67	18	-5.753442e+00
97	18	-9.090909e-02
19	19	1.002495e+01
63	19	-1.363637e-02
97	19	-1.001131e+01
20	20	9.019882e+00
26	20	-1.158757e-01
93	20	-8.904006e+00
8	21	-7.271511e+00
21	21	9.612116e+00
104	21	-2.340605e+00
22	22	1.002825e+01
27	22	-7.271511e+00
103	22	-2.756735e+00
13	23	-5.085978e+00
23	23	6.033675e+00
30	23	-9.476966e-01
24	24	4.608905e+00
53	24	-4.586399e+00
92	24	-2.250681e-02
25	25	9.024622e+00
59	25	-1.206159e-01
91	25	-8.904006e+00
20	26	-1.158757e-01
26	26	5.716987e+00
61	26	-5.601111e+00
22	27	-7.271511e+00
27	27	4.731668e+01
106	27	-4.004517e+01
28	28	5.258287e+00
29	28	-1.723086e-01
105	28	-5.085978e+00
28	29	-1.723086e-01
29	29	3.228889e+00
30	29	-3.056580e+00
23	30	-9.476966e-01
29	30	-3.056580e+00
30	30	4.004277e+00
31	31	5.316385e+00
58	31	-2.523965e-02
100	31	-5.291145e+00
11	32	-6.218093e+00
32	32	6.267117e+00
90	32	-4.902369e-02
33	33	2.447330e+00
87	33	-2.037315e+00
89	33	-4.100142e-01
34	34	9.499353e+00
84	34	-6.760137e+00
85	34	-2.739216e+00
35	35	2.456399e+00
80	35	-2.006706e+00
81	35	-4.496929e-01
36	36	6.237775e+00
64	36	-6.218093e+00
79	36	-1.968128e-02
37	37	1.924246e-01
55	37	-1.818182e-01
78	37	-1.060643e-02
38	38	2.051831e-01
53	38	-1.818182e-01
77	38	-2.336492e-02
39	39	3.319730e+00
73	39	-2.037315e+00
74	39	-1.282415e+00
40	40	9.482384e+01
71	40	-8.757258e+01
107	40	-7.251264e+00
41	41	3.512731e+01
70	41	-2.821312e+00
76	41	-3.230600e+01
14	42	-6.218093e+00
42	42	7.250721e+00
67	42	-1.032628e+00
43	43	9.090909e-03
104	43	-9.090909e-03
44	44	9.090909e-03
103	44	-9.090909e-03
45	45	2.480362e-02
99	45	-2.480362e-02
46	46	2.480362e-02
95	46	-2.480362e-02
47	47	1.082251e-02
98	47	-1.082251e-02
48	48	1.082251e-02
94	48	-1.082251e-02
49	49	2.954655e+00
68	49	-9.090909e-02
69	49	-2.863746e+00
50	50	2.024102e+00
68	50	-1.933193e+00
69	50	-9.090909e-02
4	51	-5.753442e+00
51	51	6.798372e+00
72	51	-1.044930e+00
52	52	4.983142e+00
69	52	-4.866559e+00
76	52	-1.165831e-01
24	53	-4.586399e+00
38	53	-1.818182e-01
53	53	4.768217e+00
54	54	4.768217e+00
78	54	-1.818182e-01
92	54	-4.586399e+00
37	55	-1.818182e-01
55	55	1.641536e+00
60	55	-1.459718e+00
56	56	5.163341e+00
60	56	-7.736285e-02
100	56	-5.085978e+00
57	57	1.222007e+01
61	57	-6.059247e+00
101	57	-6.160822e+00
31	58	-2.523965e-02
58	58	5.316385e+00
102	58	-5.291145e+00
25	59	-1.206159e-01
59	59	2.767659e+00
68	59	-2.647043e+00
55	60	-1.459718e+00
56	60	-7.736285e-02
60	60	1.537080e+00
26	61	-5.601111e+00
57	61	-6.059247e+00
61	61	1.166036e+01
62	62	2.080483e-02
95	62	-7.168459e-03
96	62	-1.363637e-02
19	63	-1.363637e-02
63	63	3.123169e-02
94	63	-1.759532e-02
36	64	-6.218093e+00
64	64	6.309002e+00
100	64	-9.090909e-02
6	65	-1.363637e-02
65	65	2.080483e-02
99	65	-7.168459e-03
66	66	3.123169e-02
98	66	-1.759532e-02
108	66	-1.363637e-02
18	67	-5.753442e+00
42	67	-1.032628e+00
67	67	6.786070e+00
49	68	-9.090909e-02
50	68	-1.933193e+00
59	68	-2.647043e+00
68	68	4.671145e+00
49	69	-2.863746e+00
50	69	-9.090909e-02
52	69	-4.866559e+00
69	69	7.821214e+00
41	70	-2.821312e+00
70	70	3.512731e+01
77	70	-3.230600e+01
40	71	-8.757258e+01
71	71	9.133432e+01
80	71	-3.761746e+00
1	72	-6.218093e+00
51	72	-1.044930e+00
72	72	7.263023e+00
39	73	-2.037315e+00
73	73	2.447330e+00
75	73	-4.100142e-01
14	74	-6.218093e+00
39	74	-1.282415e+00
74	74	7.500508e+00
16	75	-5.757119e+00
73	75	-4.100142e-01
75	75	6.167133e+00
41	76	-3.230600e+01
52	76	-1.165831e-01
76	76	3.242259e+01
38	77	-2.336492e-02
70	77	-3.230600e+01
77	77	3.232937e+01
37	78	-1.060643e-02
54	78	-1.818182e-01
78	78	1.924246e-01
12	79	-6.218093e+00
36	79	-1.968128e-02
79	79	6.237775e+00
35	80	-2.006706e+00
71	80	-3.761746e+00
80	80	5.768452e+00
9	81	-5.803157e+00
35	81	-4.496929e-01
81	81	6.252850e+00
82	82	3.174606e+00
83	82	-4.100142e-01
84	82	-2.764592e+00
9	83	-5.803157e+00
82	83	-4.100142e-01
83	83	6.213171e+00
34	84	-6.760137e+00
82	84	-2.764592e+00
84	84	9.524729e+00
34	85	-2.739216e+00
85	85	8.488014e+01
86	85	-8.214092e+01
7	86	-6.799067e+00
85	86	-8.214092e+01
86	86	8.893999e+01
33	87	-2.037315e+00
87	87	3.304632e+00
88	87	-1.267316e+00
1	88	-6.218093e+00
87	88	-1.267316e+00
88	88	7.485410e+00
3	89	-5.757119e+00
33	89	-4.100142e-01
89	89	6.167133e+00
10	90	-6.218093e+00
32	90	-4.902369e-02
90	90	6.267117e+00
15	91	-2.015438e+01
25	91	-8.904006e+00
91	91	2.905839e+01
24	92	-2.250681e-02
54	92	-4.586399e+00
92	92	4.608905e+00
2	93	-2.015438e+01
20	93	-8.904006e+00
93	93	2.905839e+01
48	94	-1.082251e-02
63	94	-1.759532e-02
94	94	2.841783e-02
46	95	-2.480362e-02
62	95	-7.168459e-03
95	95	3.197208e-02
17	96	-1.001131e+01
62	96	-1.363637e-02
96	96	1.002495e+01
18	97	-9.090909e-02
19	97	-1.001131e+01
97	97	1.010222e+01
47	98	-1.082251e-02
66	98	-1.759532e-02
98	98	2.841783e-02
45	99	-2.480362e-02
65	99	-7.168459e-03
99	99	3.197208e-02
31	100	-5.291145e+00
56	100	-5.085978e+00
64	100	-9.090909e-02
100	100	1.046803e+01
11	101	-9.090909e-02
57	101	-6.160822e+00
101	101	6.251731e+00
10	102	-9.090909e-02
58	102	-5.291145e+00
102	102	5.382054e+00
22	103	-2.756735e+00
44	103	-9.090909e-03
103	103	2.765826e+00
21	104	-2.340605e+00
43	104	-9.090909e-03
104	104	2.349696e+00
9	105	-9.090909e-02
28	105	-5.085978e+00
105	105	5.176888e+00
27	106	-4.004517e+01
106	106	4.013608e+01
107	106	-9.090909e-02
40	107	-7.251264e+00
106	107	-9.090909e-02
107	107	7.342173e+00
5	108	-1.001131e+01
66	108	-1.363637e-02
108	108	1.002495e+01
3	109	-9.090909e-02
6	109	-1.001131e+01
109	109	1.010222e+01
