1	1	6.171022e+00
2	1	-9.090909e-02
35	1	-5.080113e+00
1	2	-9.090909e-02
2	2	9.173644e+00
97	2	-9.082735e+00
3	3	5.171022e+00
53	3	-5.080113e+00
98	3	-9.090909e-02
4	4	1.609104e+01
47	4	-1.363637e-02
98	4	-1.607740e+01
5	5	2.080483e-02
50	5	-7.168459e-03
97	5	-1.363637e-02
6	6	6.309002e+00
7	6	-9.090909e-02
23	6	-6.218093e+00
6	7	-9.090909e-02
7	7	1.010222e+01
94	7	-1.001131e+01
8	8	6.309002e+00
73	8	-6.218093e+00
96	8	-9.090909e-02
9	9	2.976540e-02
49	9	-1.612903e-02
95	9	-1.363637e-02
10	10	2.080483e-02
51	10	-7.168459e-03
94	10	-1.363637e-02
11	11	7.358985e+00
12	11	-9.090909e-02
66	11	-7.268076e+00
11	12	-9.090909e-02
12	12	7.362420e+00
17	12	-7.271511e+00
13	13	1.034033e+01
61	13	-5.124710e+00
63	13	-5.124710e+00
91	13	-9.090909e-02
14	14	1.572122e+00
77	14	-1.425517e+00
83	14	-1.466050e-01
15	15	5.317730e+00
88	15	-2.317513e-01
96	15	-5.085978e+00
16	16	3.584172e+00
45	16	-3.554507e+00
81	16	-2.966523e-02
12	17	-7.271511e+00
17	17	9.612116e+00
90	17	-2.340605e+00
18	18	1.002825e+01
19	18	-7.271511e+00
89	18	-2.756735e+00
18	19	-7.271511e+00
19	19	4.731668e+01
92	19	-4.004517e+01
20	20	7.297272e+00
46	20	-2.211294e+00
91	20	-5.085978e+00
21	21	8.419954e+00
46	21	-4.209977e+00
75	21	-4.209977e+00
22	22	1.030504e+01
74	22	-8.009034e+00
78	22	-2.296006e+00
6	23	-6.218093e+00
23	23	6.283176e+00
73	23	-6.508213e-02
24	24	2.744717e-01
25	24	-1.818182e-01
72	24	-9.265350e-02
24	25	-1.818182e-01
25	25	4.768217e+00
81	25	-4.586399e+00
26	26	3.163128e+00
71	26	-1.818182e-01
76	26	-2.981310e+00
27	27	2.730640e+00
67	27	-1.645660e+00
70	27	-1.084980e+00
28	28	4.702437e+00
29	28	-6.269592e-01
55	28	-4.075478e+00
28	29	-6.269592e-01
29	29	4.702437e+00
70	29	-4.075478e+00
30	30	4.990080e+00
64	30	-2.020280e+00
65	30	-2.969800e+00
31	31	1.799245e+00
60	31	-1.089944e+00
61	31	-7.093003e-01
32	32	2.123664e+00
44	32	-1.818182e-01
57	32	-1.941846e+00
33	33	5.956351e+00
43	33	-1.880873e+00
58	33	-4.075478e+00
34	34	2.802346e+00
54	34	-2.186017e+00
56	34	-6.163290e-01
1	35	-5.080113e+00
35	35	5.253492e+00
53	35	-1.733790e-01
36	36	9.484963e+01
52	36	-8.760173e+01
93	36	-7.247900e+00
37	37	9.090909e-03
90	37	-9.090909e-03
38	38	9.090909e-03
89	38	-9.090909e-03
39	39	2.480362e-02
51	39	-2.480362e-02
40	40	2.480362e-02
50	40	-2.480362e-02
41	41	5.411255e-03
49	41	-5.411255e-03
42	42	1.082251e-02
48	42	-1.082251e-02
33	43	-1.880873e+00
43	43	5.956351e+00
56	43	-4.075478e+00
32	44	-1.818182e-01
44	44	5.084909e+00
75	44	-4.903090e+00
16	45	-3.554507e+00
45	45	1.075077e+01
68	45	-7.014443e+00
69	45	-1.818182e-01
20	46	-2.211294e+00
21	46	-4.209977e+00
46	46	6.421270e+00
4	47	-1.363637e-02
47	47	3.123169e-02
48	47	-1.759532e-02
42	48	-1.082251e-02
47	48	-1.759532e-02
48	48	2.841783e-02
9	49	-1.612903e-02
41	49	-5.411255e-03
49	49	2.154029e-02
5	50	-7.168459e-03
40	50	-2.480362e-02
50	50	3.197208e-02
10	51	-7.168459e-03
39	51	-2.480362e-02
51	51	3.197208e-02
36	52	-8.760173e+01
52	52	9.138187e+01
59	52	-3.780147e+00
3	53	-5.080113e+00
35	53	-1.733790e-01
53	53	5.253492e+00
34	54	-2.186017e+00
54	54	2.379257e+00
55	54	-1.932404e-01
28	55	-4.075478e+00
54	55	-1.932404e-01
55	55	4.268718e+00
34	56	-6.163290e-01
43	56	-4.075478e+00
56	56	4.691807e+00
32	57	-1.941846e+00
57	57	2.788292e+00
58	57	-8.464462e-01
33	58	-4.075478e+00
57	58	-8.464462e-01
58	58	4.921924e+00
52	59	-3.780147e+00
59	59	5.776888e+00
60	59	-1.996741e+00
31	60	-1.089944e+00
59	60	-1.996741e+00
60	60	3.086686e+00
13	61	-5.124710e+00
31	61	-7.093003e-01
61	61	5.834010e+00
62	62	5.620441e+00
63	62	-5.177886e+00
64	62	-4.425542e-01
13	63	-5.124710e+00
62	63	-5.177886e+00
63	63	1.030260e+01
30	64	-2.020280e+00
62	64	-4.425542e-01
64	64	2.462834e+00
30	65	-2.969800e+00
65	65	9.054238e+01
66	65	-8.757258e+01
11	66	-7.268076e+00
65	66	-8.757258e+01
66	66	9.484065e+01
27	67	-1.645660e+00
67	67	1.754801e+00
69	67	-1.091416e-01
45	68	-7.014443e+00
68	68	1.056895e+01
80	68	-3.554507e+00
45	69	-1.818182e-01
67	69	-1.091416e-01
69	69	2.909598e-01
27	70	-1.084980e+00
29	70	-4.075478e+00
70	70	5.160458e+00
26	71	-1.818182e-01
71	71	3.212878e-01
72	71	-1.394696e-01
24	72	-9.265350e-02
71	72	-1.394696e-01
72	72	2.321231e-01
8	73	-6.218093e+00
23	73	-6.508213e-02
73	73	6.283176e+00
22	74	-8.009034e+00
74	74	3.480468e+01
98	74	-2.679564e+01
21	75	-4.209977e+00
44	75	-4.903090e+00
75	75	9.113067e+00
26	76	-2.981310e+00
76	76	6.986513e+01
77	76	-6.688382e+01
14	77	-1.425517e+00
76	77	-6.688382e+01
77	77	6.830933e+01
22	78	-2.296006e+00
78	78	5.642479e+00
79	78	-3.346474e+00
78	79	-3.346474e+00
79	79	3.530111e+00
80	79	-1.836369e-01
68	80	-3.554507e+00
79	80	-1.836369e-01
80	80	3.738143e+00
16	81	-2.966523e-02
25	81	-4.586399e+00
81	81	4.616064e+00
82	82	7.294753e+00
83	82	-3.376918e+00
84	82	-3.917835e+00
14	83	-1.466050e-01
82	83	-3.376918e+00
83	83	3.523523e+00
82	84	-3.917835e+00
84	84	1.055173e+01
95	84	-6.633895e+00
85	85	4.783082e+00
86	85	-3.917835e+00
87	85	-8.652465e-01
85	86	-3.917835e+00
86	86	1.055173e+01
95	86	-6.633895e+00
85	87	-8.652465e-01
87	87	2.335699e+00
88	87	-1.470452e+00
15	88	-2.317513e-01
87	88	-1.470452e+00
88	88	1.702203e+00
18	89	-2.756735e+00
38	89	-9.090909e-03
89	89	2.765826e+00
17	90	-2.340605e+00
37	90	-9.090909e-03
90	90	2.349696e+00
13	91	-9.090909e-02
20	91	-5.085978e+00
91	91	5.176888e+00
19	92	-4.004517e+01
92	92	4.013608e+01
93	92	-9.090909e-02
36	93	-7.247900e+00
92	93	-9.090909e-02
93	93	7.338809e+00
7	94	-1.001131e+01
10	94	-1.363637e-02
94	94	1.002495e+01
9	95	-1.363637e-02
84	95	-6.633895e+00
86	95	-6.633895e+00
95	95	1.328143e+01
8	96	-9.090909e-02
15	96	-5.085978e+00
96	96	5.176888e+00
2	97	-9.082735e+00
5	97	-1.363637e-02
97	97	9.096371e+00
3	98	-9.090909e-02
4	98	-1.607740e+01
74	98	-2.679564e+01
98	98	4.296396e+01
