1	1	8.358985e+00
2	1	-9.090909e-02
54	1	-7.268076e+00
1	2	-9.090909e-02
2	2	7.362420e+00
77	2	-7.271511e+00
3	3	5.176888e+00
31	3	-5.085978e+00
78	3	-9.090909e-02
4	4	2.349696e+00
23	4	-9.090909e-03
77	4	-2.340605e+00
5	5	2.765826e+00
24	5	-9.090909e-03
72	5	-2.756735e+00
6	6	5.171022e+00
7	6	-9.090909e-02
46	6	-5.080113e+00
6	7	-9.090909e-02
7	7	1.010222e+01
75	7	-1.001131e+01
8	8	5.171022e+00
47	8	-5.080113e+00
76	8	-9.090909e-02
9	9	1.603173e+01
39	9	-1.363637e-02
76	9	-1.601809e+01
10	10	4.596920e+00
28	10	-4.586399e+00
35	10	-1.052162e-02
11	11	1.080420e+01
70	11	-3.306539e+00
71	11	-7.497657e+00
12	12	4.731668e+01
72	12	-7.271511e+00
79	12	-4.004517e+01
13	13	6.792076e+00
66	13	-3.246479e+00
67	13	-3.545596e+00
14	14	5.562798e+01
65	14	-6.847392e-01
66	14	-5.494324e+01
15	15	2.433837e+00
62	15	-1.743396e+00
64	15	-6.904408e-01
16	16	4.990080e+00
52	16	-2.020280e+00
53	16	-2.969800e+00
17	17	1.841867e+00
50	17	-1.175192e+00
51	17	-6.666756e-01
18	18	2.155256e-01
28	18	-1.818182e-01
48	18	-3.370737e-02
19	19	2.616581e+00
45	19	-1.645660e+00
47	19	-9.709209e-01
20	20	3.512731e+01
44	20	-2.821312e+00
64	20	-3.230600e+01
21	21	3.730070e+01
43	21	-2.877483e+01
78	21	-8.525876e+00
22	22	8.777210e+01
42	22	-8.108327e+01
80	22	-6.688829e+00
4	23	-9.090909e-03
23	23	9.090909e-03
5	24	-9.090909e-03
24	24	9.090909e-03
25	25	1.240182e-02
41	25	-1.240182e-02
26	26	5.411255e-03
40	26	-5.411255e-03
27	27	3.163128e+00
48	27	-1.818182e-01
68	27	-2.981310e+00
10	28	-4.586399e+00
18	28	-1.818182e-01
28	28	4.768217e+00
29	29	4.768217e+00
63	29	-1.818182e-01
74	29	-4.586399e+00
30	30	1.915846e+00
33	30	-1.734028e+00
67	30	-1.818182e-01
3	31	-5.085978e+00
31	31	6.797947e+00
32	31	-1.711968e+00
31	32	-1.711968e+00
32	32	1.171067e+01
33	32	-9.998700e+00
30	33	-1.734028e+00
32	33	-9.998700e+00
33	33	1.173273e+01
34	34	2.778566e+00
69	34	-2.627796e+00
70	34	-1.507700e-01
10	35	-1.052162e-02
35	35	3.777979e+00
73	35	-3.767457e+00
36	36	9.074553e+00
37	36	-3.767457e+00
73	36	-5.307095e+00
36	37	-3.767457e+00
37	37	5.978751e+00
74	37	-2.211294e+00
38	38	3.123169e-02
41	38	-1.759532e-02
75	38	-1.363637e-02
9	39	-1.363637e-02
39	39	2.976540e-02
40	39	-1.612903e-02
26	40	-5.411255e-03
39	40	-1.612903e-02
40	40	2.154029e-02
25	41	-1.240182e-02
38	41	-1.759532e-02
41	41	2.999714e-02
22	42	-8.108327e+01
42	42	8.439738e+01
49	42	-3.314111e+00
21	43	-2.877483e+01
43	43	2.918484e+01
52	43	-4.100142e-01
20	44	-2.821312e+00
44	44	3.512731e+01
65	44	-3.230600e+01
19	45	-1.645660e+00
45	45	1.819039e+00
46	45	-1.733790e-01
6	46	-5.080113e+00
45	46	-1.733790e-01
46	46	5.253492e+00
8	47	-5.080113e+00
19	47	-9.709209e-01
47	47	6.051034e+00
18	48	-3.370737e-02
27	48	-1.818182e-01
48	48	2.155256e-01
42	49	-3.314111e+00
49	49	5.032221e+00
50	49	-1.718110e+00
17	50	-1.175192e+00
49	50	-1.718110e+00
50	50	2.893301e+00
17	51	-6.666756e-01
51	51	6.036668e+00
78	51	-5.369992e+00
16	52	-2.020280e+00
43	52	-4.100142e-01
52	52	2.430294e+00
16	53	-2.969800e+00
53	53	9.054238e+01
54	53	-8.757258e+01
1	54	-7.268076e+00
53	54	-8.757258e+01
54	54	9.484065e+01
55	55	2.273268e+00
56	55	-2.176198e+00
57	55	-9.706947e-02
55	56	-2.176198e+00
56	56	2.554897e+00
63	56	-3.786989e-01
55	57	-9.706947e-02
57	57	2.279951e+00
58	57	-2.182882e+00
57	58	-2.182882e+00
58	58	2.369804e+00
59	58	-1.869225e-01
58	59	-1.869225e-01
59	59	2.360510e+00
60	59	-2.173587e+00
59	60	-2.173587e+00
60	60	4.431831e+00
61	60	-2.258244e+00
60	61	-2.258244e+00
61	61	5.878033e+01
62	61	-5.652208e+01
15	62	-1.743396e+00
61	62	-5.652208e+01
62	62	5.826548e+01
29	63	-1.818182e-01
56	63	-3.786989e-01
63	63	5.605171e-01
15	64	-6.904408e-01
20	64	-3.230600e+01
64	64	3.299644e+01
14	65	-6.847392e-01
44	65	-3.230600e+01
65	65	3.299074e+01
13	66	-3.246479e+00
14	66	-5.494324e+01
66	66	5.818972e+01
13	67	-3.545596e+00
30	67	-1.818182e-01
67	67	3.727415e+00
27	68	-2.981310e+00
68	68	2.162950e+01
69	68	-1.864819e+01
34	69	-2.627796e+00
68	69	-1.864819e+01
69	69	2.127599e+01
11	70	-3.306539e+00
34	70	-1.507700e-01
70	70	3.457309e+00
11	71	-7.497657e+00
71	71	3.419451e+01
76	71	-2.669685e+01
5	72	-2.756735e+00
12	72	-7.271511e+00
72	72	1.002825e+01
35	73	-3.767457e+00
36	73	-5.307095e+00
73	73	9.074553e+00
29	74	-4.586399e+00
37	74	-2.211294e+00
74	74	6.797692e+00
7	75	-1.001131e+01
38	75	-1.363637e-02
75	75	1.002495e+01
8	76	-9.090909e-02
9	76	-1.601809e+01
71	76	-2.669685e+01
76	76	4.280586e+01
2	77	-7.271511e+00
4	77	-2.340605e+00
77	77	9.612116e+00
3	78	-9.090909e-02
21	78	-8.525876e+00
51	78	-5.369992e+00
78	78	1.398678e+01
12	79	-4.004517e+01
79	79	4.013608e+01
80	79	-9.090909e-02
22	80	-6.688829e+00
79	80	-9.090909e-02
80	80	6.779738e+00
