1	1	8.356556e+00
2	1	-9.090909e-02
77	1	-7.265647e+00
1	2	-9.090909e-02
2	2	7.362420e+00
14	2	-7.271511e+00
3	3	1.117314e+01
73	3	-5.541118e+00
75	3	-5.541118e+00
102	3	-9.090909e-02
4	4	6.309002e+00
5	4	-9.090909e-02
22	4	-6.218093e+00
4	5	-9.090909e-02
5	5	1.010222e+01
97	5	-1.001131e+01
6	6	6.309002e+00
78	6	-6.218093e+00
99	6	-9.090909e-02
7	7	2.080483e-02
54	7	-7.168459e-03
97	7	-1.363637e-02
8	8	5.171022e+00
58	8	-5.080113e+00
96	8	-9.090909e-02
9	9	5.171022e+00
10	9	-9.090909e-02
57	9	-5.080113e+00
9	10	-9.090909e-02
10	10	2.349028e+01
95	10	-2.339937e+01
11	11	1.002495e+01
48	11	-1.363637e-02
96	11	-1.001131e+01
12	12	3.445531e+00
64	12	-3.298926e+00
88	12	-1.466050e-01
13	13	5.317730e+00
93	13	-2.317513e-01
99	13	-5.085978e+00
2	14	-7.271511e+00
14	14	9.612116e+00
101	14	-2.340605e+00
15	15	1.002825e+01
18	15	-7.271511e+00
100	15	-2.756735e+00
16	16	7.553678e+00
31	16	-4.586399e+00
83	16	-2.967280e+00
17	17	6.063463e+00
80	17	-3.767457e+00
81	17	-2.296006e+00
15	18	-7.271511e+00
18	18	4.731668e+01
103	18	-4.004517e+01
19	19	5.314733e+00
20	19	-2.287544e-01
102	19	-5.085978e+00
19	20	-2.287544e-01
20	20	1.022745e+01
44	20	-9.998700e+00
21	21	3.073535e+01
45	21	-4.038495e+00
94	21	-2.669685e+01
4	22	-6.218093e+00
22	22	6.283176e+00
78	22	-6.508213e-02
23	23	4.994967e+00
74	23	-2.010640e+00
76	23	-2.984326e+00
24	24	2.445025e+00
72	24	-1.996741e+00
73	24	-4.482837e-01
25	25	6.792076e+00
70	25	-3.246479e+00
71	25	-3.545596e+00
26	26	4.768217e+00
69	26	-1.818182e-01
86	26	-4.586399e+00
27	27	2.228329e+00
68	27	-2.175247e+00
70	27	-5.308194e-02
28	28	2.393960e-01
42	28	-1.818182e-01
65	28	-5.757782e-02
29	29	4.768217e+00
63	29	-1.818182e-01
85	29	-4.586399e+00
30	30	8.649343e-01
31	30	-1.818182e-01
61	30	-6.831161e-01
16	31	-4.586399e+00
30	31	-1.818182e-01
31	31	4.768217e+00
32	32	1.819039e+00
56	32	-1.645660e+00
58	32	-1.733790e-01
33	33	9.484963e+01
55	33	-8.760173e+01
104	33	-7.247900e+00
34	34	9.090909e-03
101	34	-9.090909e-03
35	35	9.090909e-03
100	35	-9.090909e-03
36	36	2.480362e-02
54	36	-2.480362e-02
37	37	1.240182e-02
53	37	-1.240182e-02
38	38	5.411255e-03
52	38	-5.411255e-03
39	39	5.411255e-03
51	39	-5.411255e-03
40	40	3.305100e+00
62	40	-1.818182e-01
79	40	-3.123282e+00
41	41	7.949110e+00
64	41	-7.767292e+00
65	41	-1.818182e-01
28	42	-1.818182e-01
42	42	4.768217e+00
47	42	-4.586399e+00
43	43	9.966650e+00
44	43	-9.784832e+00
71	43	-1.818182e-01
20	44	-9.998700e+00
43	44	-9.784832e+00
44	44	1.978353e+01
21	45	-4.038495e+00
45	45	8.120877e+00
80	45	-4.082382e+00
46	46	3.382879e+00
79	46	-3.153152e+00
81	46	-2.297277e-01
42	47	-4.586399e+00
47	47	4.777302e+00
86	47	-1.909031e-01
11	48	-1.363637e-02
48	48	3.123169e-02
53	48	-1.759532e-02
49	49	2.976540e-02
51	49	-1.612903e-02
94	49	-1.363637e-02
50	50	2.976540e-02
52	50	-1.612903e-02
98	50	-1.363637e-02
39	51	-5.411255e-03
49	51	-1.612903e-02
51	51	2.154029e-02
38	52	-5.411255e-03
50	52	-1.612903e-02
52	52	2.154029e-02
37	53	-1.240182e-02
48	53	-1.759532e-02
53	53	2.999714e-02
7	54	-7.168459e-03
36	54	-2.480362e-02
54	54	3.197208e-02
33	55	-8.760173e+01
55	55	9.138187e+01
72	55	-3.780147e+00
32	56	-1.645660e+00
56	56	2.616581e+00
57	56	-9.709209e-01
9	57	-5.080113e+00
56	57	-9.709209e-01
57	57	6.051034e+00
8	58	-5.080113e+00
32	58	-1.733790e-01
58	58	5.253492e+00
59	59	2.543527e+00
60	59	-5.492031e-01
61	59	-1.994324e+00
59	60	-5.492031e-01
60	60	6.135432e-01
62	60	-6.434013e-02
30	61	-6.831161e-01
59	61	-1.994324e+00
61	61	2.677440e+00
40	62	-1.818182e-01
60	62	-6.434013e-02
62	62	2.461583e-01
29	63	-1.818182e-01
63	63	2.445141e-01
65	63	-6.269592e-02
12	64	-3.298926e+00
41	64	-7.767292e+00
64	64	1.106622e+01
28	65	-5.757782e-02
41	65	-1.818182e-01
63	65	-6.269592e-02
65	65	3.020919e-01
66	66	4.311722e+00
67	66	-1.958465e+00
68	66	-2.353257e+00
66	67	-1.958465e+00
67	67	7.416623e+00
69	67	-5.458158e+00
27	68	-2.175247e+00
66	68	-2.353257e+00
68	68	4.528503e+00
26	69	-1.818182e-01
67	69	-5.458158e+00
69	69	5.639976e+00
25	70	-3.246479e+00
27	70	-5.308194e-02
70	70	3.299561e+00
25	71	-3.545596e+00
43	71	-1.818182e-01
71	71	3.727415e+00
24	72	-1.996741e+00
55	72	-3.780147e+00
72	72	5.776888e+00
3	73	-5.541118e+00
24	73	-4.482837e-01
73	73	5.989402e+00
23	74	-2.010640e+00
74	74	2.419369e+00
75	74	-4.087288e-01
3	75	-5.541118e+00
74	75	-4.087288e-01
75	75	5.949847e+00
23	76	-2.984326e+00
76	76	9.058759e+01
77	76	-8.760326e+01
1	77	-7.265647e+00
76	77	-8.760326e+01
77	77	9.486891e+01
6	78	-6.218093e+00
22	78	-6.508213e-02
78	78	6.283176e+00
40	79	-3.123282e+00
46	79	-3.153152e+00
79	79	6.276434e+00
17	80	-3.767457e+00
45	80	-4.082382e+00
80	80	7.849840e+00
17	81	-2.296006e+00
46	81	-2.297277e-01
81	81	2.525733e+00
82	82	4.205056e+00
83	82	-2.143319e+00
84	82	-2.061737e+00
16	83	-2.967280e+00
82	83	-2.143319e+00
83	83	5.110599e+00
82	84	-2.061737e+00
84	84	2.185445e+00
85	84	-1.237086e-01
29	85	-4.586399e+00
84	85	-1.237086e-01
85	85	4.710107e+00
26	86	-4.586399e+00
47	86	-1.909031e-01
86	86	4.777302e+00
87	87	7.294753e+00
88	87	-3.376918e+00
89	87	-3.917835e+00
12	88	-1.466050e-01
87	88	-3.376918e+00
88	88	3.523523e+00
87	89	-3.917835e+00
89	89	1.055173e+01
98	89	-6.633895e+00
90	90	4.783082e+00
91	90	-3.917835e+00
92	90	-8.652465e-01
90	91	-3.917835e+00
91	91	1.055173e+01
98	91	-6.633895e+00
90	92	-8.652465e-01
92	92	2.335699e+00
93	92	-1.470452e+00
13	93	-2.317513e-01
92	93	-1.470452e+00
93	93	1.702203e+00
21	94	-2.669685e+01
49	94	-1.363637e-02
94	94	6.675566e+01
95	94	-4.004517e+01
10	95	-2.339937e+01
94	95	-4.004517e+01
95	95	6.344454e+01
8	96	-9.090909e-02
11	96	-1.001131e+01
96	96	1.010222e+01
5	97	-1.001131e+01
7	97	-1.363637e-02
97	97	1.002495e+01
50	98	-1.363637e-02
89	98	-6.633895e+00
91	98	-6.633895e+00
98	98	1.328143e+01
6	99	-9.090909e-02
13	99	-5.085978e+00
99	99	5.176888e+00
15	100	-2.756735e+00
35	100	-9.090909e-03
100	100	2.765826e+00
14	101	-2.340605e+00
34	101	-9.090909e-03
101	101	2.349696e+00
3	102	-9.090909e-02
19	102	-5.085978e+00
102	102	5.176888e+00
18	103	-4.004517e+01
103	103	4.013608e+01
104	103	-9.090909e-02
33	104	-7.247900e+00
103	104	-9.090909e-02
104	104	7.338809e+00
