1	1	7.309002e+00
2	1	-9.090909e-02
54	1	-6.218093e+00
1	2	-9.090909e-02
2	2	5.176888e+00
18	2	-5.085978e+00
3	3	1.184006e+01
4	3	-9.090909e-02
51	3	-5.874578e+00
53	3	-5.874578e+00
3	4	-9.090909e-02
4	4	5.147799e+00
14	4	-5.056890e+00
5	5	5.965487e+00
6	5	-9.090909e-02
50	5	-5.874578e+00
5	6	-9.090909e-02
6	6	5.176888e+00
21	6	-5.085978e+00
7	7	1.060483e+01
64	7	-5.256960e+00
66	7	-5.256960e+00
95	7	-9.090909e-02
8	8	4.965177e+00
9	8	-9.090909e-02
23	8	-4.874268e+00
8	9	-9.090909e-02
9	9	1.010222e+01
91	9	-1.001131e+01
10	10	2.976540e-02
45	10	-1.612903e-02
92	10	-1.363637e-02
11	11	1.002495e+01
42	11	-1.363637e-02
93	11	-1.001131e+01
12	12	8.555330e+00
34	12	-2.727270e-02
88	12	-8.528057e+00
13	13	8.779912e-01
35	13	-9.090909e-03
85	13	-8.689003e-01
4	14	-5.056890e+00
14	14	5.437605e+00
84	14	-3.807145e-01
15	15	4.876743e+00
83	15	-3.408072e-02
95	15	-4.842662e+00
16	16	1.465242e+00
68	16	-1.406339e+00
82	16	-5.890253e-02
17	17	7.875550e+00
72	17	-3.767457e+00
78	17	-4.108092e+00
2	18	-5.085978e+00
18	18	9.168361e+00
75	18	-4.082382e+00
19	19	7.747174e+00
22	19	-4.971093e+00
73	19	-2.776081e+00
20	20	1.699582e+01
71	20	-6.381621e+00
72	20	-1.061420e+01
6	21	-5.085978e+00
21	21	6.916012e+00
70	21	-1.830034e+00
19	22	-4.971093e+00
22	22	2.907044e+01
69	22	-4.971093e+00
71	22	-1.912825e+01
8	23	-4.874268e+00
23	23	5.004522e+00
66	23	-1.302538e-01
24	24	1.797132e+00
63	24	-1.743396e+00
65	24	-5.373600e-02
25	25	3.172906e+00
60	25	-1.605510e+00
62	25	-1.567396e+00
26	26	2.397506e-01
27	26	-1.818182e-01
56	26	-5.793239e-02
26	27	-1.818182e-01
27	27	4.768217e+00
81	27	-4.586399e+00
28	28	3.297623e+01
55	28	-3.279441e+01
56	28	-1.818182e-01
29	29	2.173228e+00
52	29	-2.113200e+00
54	29	-6.002797e-02
30	30	2.375775e+00
49	30	-2.113200e+00
51	30	-2.625747e-01
31	31	1.505796e+01
65	31	-4.111352e+00
94	31	-1.094661e+01
32	32	1.505796e+01
62	32	-4.111352e+00
87	32	-1.094661e+01
33	33	1.505796e+01
61	33	-4.111352e+00
89	33	-1.094661e+01
12	34	-2.727270e-02
34	34	2.727270e-02
13	35	-9.090909e-03
35	35	6.363631e-02
40	35	-2.727270e-02
85	35	-2.727270e-02
36	36	1.240182e-02
48	36	-1.240182e-02
37	37	1.240182e-02
47	37	-1.240182e-02
38	38	1.082251e-02
46	38	-1.082251e-02
39	39	5.411255e-03
45	39	-5.411255e-03
35	40	-2.727270e-02
40	40	3.722260e+01
41	40	-3.719532e+01
40	41	-3.719532e+01
41	41	4.578648e+01
82	41	-4.038495e+00
86	41	-4.461756e+00
87	41	-9.090909e-02
11	42	-1.363637e-02
42	42	3.123169e-02
48	42	-1.759532e-02
43	43	3.123169e-02
47	43	-1.759532e-02
90	43	-1.363637e-02
44	44	3.123169e-02
46	44	-1.759532e-02
91	44	-1.363637e-02
10	45	-1.612903e-02
39	45	-5.411255e-03
45	45	2.154029e-02
38	46	-1.082251e-02
44	46	-1.759532e-02
46	46	2.841783e-02
37	47	-1.240182e-02
43	47	-1.759532e-02
47	47	2.999714e-02
36	48	-1.240182e-02
42	48	-1.759532e-02
48	48	2.999714e-02
30	49	-2.113200e+00
49	49	2.890134e+00
50	49	-7.769344e-01
5	50	-5.874578e+00
49	50	-7.769344e-01
50	50	6.651512e+00
3	51	-5.874578e+00
30	51	-2.625747e-01
51	51	6.137152e+00
29	52	-2.113200e+00
52	52	2.211666e+00
53	52	-9.846590e-02
3	53	-5.874578e+00
52	53	-9.846590e-02
53	53	5.973044e+00
1	54	-6.218093e+00
29	54	-6.002797e-02
54	54	6.278121e+00
28	55	-3.279441e+01
55	55	3.581771e+01
67	55	-3.023294e+00
26	56	-5.793239e-02
28	56	-1.818182e-01
56	56	2.397506e-01
57	57	3.368830e+00
58	57	-1.763320e+00
59	57	-1.605510e+00
57	58	-1.763320e+00
58	58	5.508926e+01
61	58	-5.332594e+01
57	59	-1.605510e+00
59	59	1.815667e+00
60	59	-2.101564e-01
25	60	-1.605510e+00
59	60	-2.101564e-01
60	60	1.815667e+00
33	61	-4.111352e+00
58	61	-5.332594e+01
61	61	5.743729e+01
25	62	-1.567396e+00
32	62	-4.111352e+00
62	62	5.678748e+00
24	63	-1.743396e+00
63	63	1.831081e+00
64	63	-8.768469e-02
7	64	-5.256960e+00
63	64	-8.768469e-02
64	64	5.344645e+00
24	65	-5.373600e-02
31	65	-4.111352e+00
65	65	4.165088e+00
7	66	-5.256960e+00
23	66	-1.302538e-01
66	66	5.387214e+00
55	67	-3.023294e+00
67	67	1.420742e+02
68	67	-1.390509e+02
16	68	-1.406339e+00
67	68	-1.390509e+02
68	68	1.404573e+02
22	69	-4.971093e+00
69	69	1.203683e+01
70	69	-7.065740e+00
21	70	-1.830034e+00
69	70	-7.065740e+00
70	70	8.895773e+00
20	71	-6.381621e+00
22	71	-1.912825e+01
71	71	2.550987e+01
17	72	-3.767457e+00
20	72	-1.061420e+01
72	72	1.438166e+01
19	73	-2.776081e+00
73	73	7.368103e+00
92	73	-4.592022e+00
74	74	4.759402e+00
75	74	-3.346474e+00
76	74	-1.412928e+00
18	75	-4.082382e+00
74	75	-3.346474e+00
75	75	7.428856e+00
74	76	-1.412928e+00
76	76	8.105876e+00
90	76	-6.692948e+00
77	77	7.626280e+00
78	77	-2.307103e+00
79	77	-5.319177e+00
17	78	-4.108092e+00
77	78	-2.307103e+00
78	78	6.415195e+00
77	79	-5.319177e+00
79	79	8.699486e+00
80	79	-3.380308e+00
79	80	-3.380308e+00
80	80	3.690633e+00
81	80	-3.103248e-01
27	81	-4.586399e+00
80	81	-3.103248e-01
81	81	4.896723e+00
16	82	-5.890253e-02
41	82	-4.038495e+00
82	82	4.097397e+00
15	83	-3.408072e-02
83	83	1.804864e+00
84	83	-1.770783e+00
14	84	-3.807145e-01
83	84	-1.770783e+00
84	84	2.151497e+00
13	85	-8.689003e-01
35	85	-2.727270e-02
85	85	1.645815e+00
86	85	-7.496420e-01
41	86	-4.461756e+00
85	86	-7.496420e-01
86	86	5.211398e+00
32	87	-1.094661e+01
41	87	-9.090909e-02
87	87	1.103752e+01
12	88	-8.528057e+00
88	88	8.618966e+00
89	88	-9.090909e-02
33	89	-1.094661e+01
88	89	-9.090909e-02
89	89	1.103752e+01
43	90	-1.363637e-02
76	90	-6.692948e+00
90	90	6.706584e+00
9	91	-1.001131e+01
44	91	-1.363637e-02
91	91	1.002495e+01
10	92	-1.363637e-02
73	92	-4.592022e+00
92	92	4.605658e+00
11	93	-1.001131e+01
93	93	1.010222e+01
94	93	-9.090909e-02
31	94	-1.094661e+01
93	94	-9.090909e-02
94	94	1.103752e+01
7	95	-9.090909e-02
15	95	-4.842662e+00
95	95	4.933571e+00
