1	1	1.352710e+01
2	1	-9.090909e-02
39	1	-6.218093e+00
94	1	-6.218093e+00
1	2	-9.090909e-02
2	2	2.024529e+01
113	2	-2.015438e+01
3	3	5.848028e+00
4	3	-9.090909e-02
95	3	-5.757119e+00
3	4	-9.090909e-02
4	4	1.010222e+01
127	4	-1.001131e+01
5	5	5.844351e+00
76	5	-5.753442e+00
128	5	-9.090909e-02
6	6	1.002495e+01
70	6	-1.363637e-02
128	6	-1.001131e+01
7	7	7.342173e+00
8	7	-9.090909e-02
75	7	-7.251264e+00
7	8	-9.090909e-02
8	8	4.013608e+01
112	8	-4.004517e+01
9	9	7.362420e+00
18	9	-7.271511e+00
126	9	-9.090909e-02
10	10	1.169722e+01
89	10	-5.803157e+00
92	10	-5.803157e+00
125	10	-9.090909e-02
11	11	1.252710e+01
12	11	-9.090909e-02
43	11	-6.218093e+00
78	11	-6.218093e+00
11	12	-9.090909e-02
12	12	2.024529e+01
99	12	-2.015438e+01
13	13	5.848028e+00
14	13	-9.090909e-02
79	13	-5.757119e+00
13	14	-9.090909e-02
14	14	1.010222e+01
116	14	-1.001131e+01
15	15	5.844351e+00
71	15	-5.753442e+00
117	15	-9.090909e-02
16	16	1.002495e+01
63	16	-1.363637e-02
117	16	-1.001131e+01
17	17	9.019882e+00
56	17	-1.158757e-01
113	17	-8.904006e+00
9	18	-7.271511e+00
18	18	9.612116e+00
124	18	-2.340605e+00
19	19	1.002825e+01
112	19	-7.271511e+00
123	19	-2.756735e+00
20	20	3.183457e+00
97	20	-3.153152e+00
102	20	-3.030487e-02
21	21	9.019882e+00
25	21	-1.158757e-01
99	21	-8.904006e+00
22	22	5.258287e+00
55	22	-1.723086e-01
125	22	-5.085978e+00
23	23	5.316385e+00
57	23	-2.523965e-02
120	23	-5.291145e+00
24	24	3.695991e+00
25	24	-3.056580e+00
100	24	-6.394107e-01
21	25	-1.158757e-01
24	25	-3.056580e+00
25	25	3.172456e+00
26	26	6.267117e+00
68	26	-6.218093e+00
96	26	-4.902369e-02
27	27	3.319730e+00
93	27	-2.037315e+00
94	27	-1.282415e+00
28	28	5.768452e+00
74	28	-3.761746e+00
91	28	-2.006706e+00
29	29	2.430294e+00
88	29	-2.020280e+00
89	29	-4.100142e-01
30	30	6.237775e+00
66	30	-6.218093e+00
87	30	-1.968128e-02
31	31	2.181285e-01
32	31	-1.818182e-01
86	31	-3.631029e-02
31	32	-1.818182e-01
32	32	4.768217e+00
111	32	-4.586399e+00
33	33	1.933329e+00
84	33	-4.150049e-02
85	33	-1.891829e+00
34	34	9.454276e-01
35	34	-1.818182e-01
83	34	-7.636094e-01
34	35	-1.818182e-01
35	35	7.142940e+00
82	35	-6.961122e+00
36	36	1.246602e+00
37	36	-1.818182e-01
81	36	-1.064784e+00
36	37	-1.818182e-01
37	37	6.577064e+01
80	37	-6.558882e+01
38	38	3.319730e+00
77	38	-2.037315e+00
78	38	-1.282415e+00
1	39	-6.218093e+00
39	39	7.250721e+00
76	39	-1.032628e+00
40	40	9.484065e+01
90	40	-8.757258e+01
126	40	-7.268076e+00
41	41	3.512731e+01
73	41	-2.821312e+00
83	41	-3.230600e+01
42	42	3.512731e+01
72	42	-2.821312e+00
81	42	-3.230600e+01
11	43	-6.218093e+00
43	43	7.250721e+00
71	43	-1.032628e+00
44	44	9.090909e-03
124	44	-9.090909e-03
45	45	9.090909e-03
123	45	-9.090909e-03
46	46	2.480362e-02
119	46	-2.480362e-02
47	47	2.480362e-02
115	47	-2.480362e-02
48	48	1.082251e-02
118	48	-1.082251e-02
49	49	1.082251e-02
114	49	-1.082251e-02
50	50	3.305100e+00
86	50	-1.818182e-01
98	50	-3.123282e+00
51	51	3.174779e+00
52	51	-3.056580e+00
59	51	-1.181983e-01
51	52	-3.056580e+00
52	52	3.133943e+00
53	52	-7.736285e-02
52	53	-7.736285e-02
53	53	5.163341e+00
120	53	-5.085978e+00
54	54	4.004277e+00
55	54	-3.056580e+00
60	54	-9.476966e-01
22	55	-1.723086e-01
54	55	-3.056580e+00
55	55	3.228889e+00
17	56	-1.158757e-01
56	56	5.709405e+00
61	56	-5.593529e+00
23	57	-2.523965e-02
57	57	5.316385e+00
122	57	-5.291145e+00
58	58	1.222007e+01
61	58	-6.059247e+00
121	58	-6.160822e+00
51	59	-1.181983e-01
59	59	3.271350e+00
98	59	-3.153152e+00
54	60	-9.476966e-01
60	60	6.033675e+00
65	60	-5.085978e+00
56	61	-5.593529e+00
58	61	-6.059247e+00
61	61	1.165278e+01
62	62	2.080483e-02
115	62	-7.168459e-03
116	62	-1.363637e-02
16	63	-1.363637e-02
63	63	3.123169e-02
114	63	-1.759532e-02
64	64	6.309002e+00
87	64	-6.218093e+00
120	64	-9.090909e-02
60	65	-5.085978e+00
65	65	5.176888e+00
66	65	-9.090909e-02
30	66	-6.218093e+00
65	66	-9.090909e-02
66	66	6.309002e+00
67	67	6.309002e+00
96	67	-6.218093e+00
121	67	-9.090909e-02
26	68	-6.218093e+00
68	68	6.309002e+00
122	68	-9.090909e-02
69	69	2.080483e-02
119	69	-7.168459e-03
127	69	-1.363637e-02
6	70	-1.363637e-02
70	70	3.123169e-02
118	70	-1.759532e-02
15	71	-5.753442e+00
43	71	-1.032628e+00
71	71	6.786070e+00
42	72	-2.821312e+00
72	72	3.512731e+01
84	72	-3.230600e+01
41	73	-2.821312e+00
73	73	3.512731e+01
85	73	-3.230600e+01
28	74	-3.761746e+00
74	74	9.133432e+01
75	74	-8.757258e+01
7	75	-7.251264e+00
74	75	-8.757258e+01
75	75	9.482384e+01
5	76	-5.753442e+00
39	76	-1.032628e+00
76	76	6.786070e+00
38	77	-2.037315e+00
77	77	2.447330e+00
79	77	-4.100142e-01
11	78	-6.218093e+00
38	78	-1.282415e+00
78	78	7.500508e+00
13	79	-5.757119e+00
77	79	-4.100142e-01
79	79	6.167133e+00
37	80	-6.558882e+01
80	80	6.873807e+01
97	80	-3.149249e+00
36	81	-1.064784e+00
42	81	-3.230600e+01
81	81	3.337079e+01
35	82	-6.961122e+00
82	82	1.053756e+01
100	82	-3.576436e+00
34	83	-7.636094e-01
41	83	-3.230600e+01
83	83	3.306961e+01
33	84	-4.150049e-02
72	84	-3.230600e+01
84	84	3.234750e+01
33	85	-1.891829e+00
73	85	-3.230600e+01
85	85	3.419783e+01
31	86	-3.631029e-02
50	86	-1.818182e-01
86	86	2.181285e-01
30	87	-1.968128e-02
64	87	-6.218093e+00
87	87	6.237775e+00
29	88	-2.020280e+00
88	88	4.990080e+00
90	88	-2.969800e+00
10	89	-5.803157e+00
29	89	-4.100142e-01
89	89	6.213171e+00
40	90	-8.757258e+01
88	90	-2.969800e+00
90	90	9.054238e+01
28	91	-2.006706e+00
91	91	2.456399e+00
92	91	-4.496929e-01
10	92	-5.803157e+00
91	92	-4.496929e-01
92	92	6.252850e+00
27	93	-2.037315e+00
93	93	2.447330e+00
95	93	-4.100142e-01
1	94	-6.218093e+00
27	94	-1.282415e+00
94	94	7.500508e+00
3	95	-5.757119e+00
93	95	-4.100142e-01
95	95	6.167133e+00
26	96	-4.902369e-02
67	96	-6.218093e+00
96	96	6.267117e+00
20	97	-3.153152e+00
80	97	-3.149249e+00
97	97	6.302401e+00
50	98	-3.123282e+00
59	98	-3.153152e+00
98	98	6.276434e+00
12	99	-2.015438e+01
21	99	-8.904006e+00
99	99	2.905839e+01
24	100	-6.394107e-01
82	100	-3.576436e+00
100	100	4.215846e+00
101	101	1.093117e+00
102	101	-1.030442e+00
103	101	-6.267510e-02
20	102	-3.030487e-02
101	102	-1.030442e+00
102	102	1.060747e+00
101	103	-6.267510e-02
103	103	1.093117e+00
104	103	-1.030442e+00
103	104	-1.030442e+00
104	104	1.070575e+00
105	104	-4.013292e-02
104	105	-4.013292e-02
105	105	1.070575e+00
106	105	-1.030442e+00
105	106	-1.030442e+00
106	106	1.135436e+00
107	106	-1.049933e-01
106	107	-1.049933e-01
107	107	1.135436e+00
108	107	-1.030442e+00
107	108	-1.030442e+00
108	108	1.092246e+00
109	108	-6.180355e-02
108	109	-6.180355e-02
109	109	1.092246e+00
110	109	-1.030442e+00
109	110	-1.030442e+00
110	110	1.066800e+00
111	110	-3.635755e-02
32	111	-4.586399e+00
110	111	-3.635755e-02
111	111	4.622756e+00
8	112	-4.004517e+01
19	112	-7.271511e+00
112	112	4.731668e+01
2	113	-2.015438e+01
17	113	-8.904006e+00
113	113	2.905839e+01
49	114	-1.082251e-02
63	114	-1.759532e-02
114	114	2.841783e-02
47	115	-2.480362e-02
62	115	-7.168459e-03
115	115	3.197208e-02
14	116	-1.001131e+01
62	116	-1.363637e-02
116	116	1.002495e+01
15	117	-9.090909e-02
16	117	-1.001131e+01
117	117	1.010222e+01
48	118	-1.082251e-02
70	118	-1.759532e-02
118	118	2.841783e-02
46	119	-2.480362e-02
69	119	-7.168459e-03
119	119	3.197208e-02
23	120	-5.291145e+00
53	120	-5.085978e+00
64	120	-9.090909e-02
120	120	1.046803e+01
58	121	-6.160822e+00
67	121	-9.090909e-02
121	121	6.251731e+00
57	122	-5.291145e+00
68	122	-9.090909e-02
122	122	5.382054e+00
19	123	-2.756735e+00
45	123	-9.090909e-03
123	123	2.765826e+00
18	124	-2.340605e+00
44	124	-9.090909e-03
124	124	2.349696e+00
10	125	-9.090909e-02
22	125	-5.085978e+00
125	125	5.176888e+00
9	126	-9.090909e-02
40	126	-7.268076e+00
126	126	7.358985e+00
4	127	-1.001131e+01
69	127	-1.363637e-02
127	127	1.002495e+01
5	128	-9.090909e-02
6	128	-1.001131e+01
128	128	1.010222e+01
