1	1	1.352710e+01
2	1	-9.090909e-02
76	1	-6.218093e+00
90	1	-6.218093e+00
1	2	-9.090909e-02
2	2	2.024529e+01
101	2	-2.015438e+01
3	3	5.848028e+00
91	3	-5.757119e+00
117	3	-9.090909e-02
4	4	5.844351e+00
5	4	-9.090909e-02
42	4	-5.753442e+00
4	5	-9.090909e-02
5	5	1.010222e+01
116	5	-1.001131e+01
6	6	1.002495e+01
72	6	-1.363637e-02
117	6	-1.001131e+01
7	7	7.358985e+00
8	7	-9.090909e-02
88	7	-7.268076e+00
7	8	-9.090909e-02
8	8	7.362420e+00
17	8	-7.271511e+00
9	9	1.169722e+01
84	9	-5.803157e+00
86	9	-5.803157e+00
113	9	-9.090909e-02
10	10	1.252710e+01
11	10	-9.090909e-02
74	10	-6.218093e+00
78	10	-6.218093e+00
10	11	-9.090909e-02
11	11	2.024529e+01
95	11	-2.015438e+01
12	12	5.848028e+00
79	12	-5.757119e+00
105	12	-9.090909e-02
13	13	5.844351e+00
14	13	-9.090909e-02
41	13	-5.753442e+00
13	14	-9.090909e-02
14	14	1.010222e+01
104	14	-1.001131e+01
15	15	1.002495e+01
65	15	-1.363637e-02
105	15	-1.001131e+01
16	16	9.019882e+00
53	16	-1.158757e-01
101	16	-8.904006e+00
8	17	-7.271511e+00
17	17	9.612116e+00
112	17	-2.340605e+00
18	18	1.002825e+01
22	18	-7.271511e+00
111	18	-2.756735e+00
19	19	3.845323e+00
59	19	-7.786585e-02
96	19	-3.767457e+00
20	20	4.782731e+00
57	20	-1.015274e+00
97	20	-3.767457e+00
21	21	9.019882e+00
46	21	-1.158757e-01
95	21	-8.904006e+00
18	22	-7.271511e+00
22	22	4.731668e+01
114	22	-4.004517e+01
23	23	5.258287e+00
52	23	-1.723086e-01
113	23	-5.085978e+00
24	24	5.316385e+00
55	24	-2.523965e-02
108	24	-5.291145e+00
25	25	6.267117e+00
70	25	-6.218093e+00
92	25	-4.902369e-02
26	26	2.447330e+00
89	26	-2.037315e+00
91	26	-4.100142e-01
27	27	4.990080e+00
85	27	-2.020280e+00
87	27	-2.969800e+00
28	28	2.456399e+00
83	28	-2.006706e+00
84	28	-4.496929e-01
29	29	6.237775e+00
67	29	-6.218093e+00
82	29	-1.968128e-02
30	30	2.560633e-01
45	30	-1.818182e-01
81	30	-7.424511e-02
31	31	4.768217e+00
81	31	-1.818182e-01
100	31	-4.586399e+00
32	32	3.326905e-01
44	32	-1.818182e-01
80	32	-1.508723e-01
33	33	2.447330e+00
77	33	-2.037315e+00
79	33	-4.100142e-01
34	34	9.482384e+01
75	34	-8.757258e+01
115	34	-7.251264e+00
35	35	9.090909e-03
112	35	-9.090909e-03
36	36	9.090909e-03
111	36	-9.090909e-03
37	37	2.480362e-02
107	37	-2.480362e-02
38	38	2.480362e-02
103	38	-2.480362e-02
39	39	1.082251e-02
106	39	-1.082251e-02
40	40	1.082251e-02
102	40	-1.082251e-02
13	41	-5.753442e+00
41	41	6.798372e+00
74	41	-1.044930e+00
4	42	-5.753442e+00
42	42	6.798372e+00
76	42	-1.044930e+00
43	43	3.163128e+00
80	43	-1.818182e-01
93	43	-2.981310e+00
32	44	-1.818182e-01
44	44	4.768217e+00
57	44	-4.586399e+00
30	45	-1.818182e-01
45	45	4.768217e+00
62	45	-4.586399e+00
21	46	-1.158757e-01
46	46	3.172456e+00
47	46	-3.056580e+00
46	47	-3.056580e+00
47	47	3.659658e+00
56	47	-6.030781e-01
48	48	3.169738e+00
49	48	-3.056580e+00
62	48	-1.131579e-01
48	49	-3.056580e+00
49	49	3.133943e+00
50	49	-7.736285e-02
49	50	-7.736285e-02
50	50	5.163341e+00
108	50	-5.085978e+00
51	51	4.004277e+00
52	51	-3.056580e+00
63	51	-9.476966e-01
23	52	-1.723086e-01
51	52	-3.056580e+00
52	52	3.228889e+00
16	53	-1.158757e-01
53	53	5.716987e+00
64	53	-5.601111e+00
54	54	1.222007e+01
64	54	-6.059247e+00
109	54	-6.160822e+00
24	55	-2.523965e-02
55	55	5.316385e+00
110	55	-5.291145e+00
47	56	-6.030781e-01
56	56	2.028595e+00
94	56	-1.425517e+00
20	57	-1.015274e+00
44	57	-4.586399e+00
57	57	5.601672e+00
58	58	1.531275e+01
96	58	-1.326776e+01
97	58	-2.044998e+00
19	59	-7.786585e-02
59	59	3.845323e+00
98	59	-3.767457e+00
60	60	1.531275e+01
98	60	-1.326776e+01
99	60	-2.044998e+00
61	61	4.782731e+00
99	61	-3.767457e+00
100	61	-1.015274e+00
45	62	-4.586399e+00
48	62	-1.131579e-01
62	62	4.699556e+00
51	63	-9.476966e-01
63	63	6.033675e+00
68	63	-5.085978e+00
53	64	-5.601111e+00
54	64	-6.059247e+00
64	64	1.166036e+01
15	65	-1.363637e-02
65	65	2.080483e-02
103	65	-7.168459e-03
66	66	3.123169e-02
102	66	-1.759532e-02
104	66	-1.363637e-02
29	67	-6.218093e+00
67	67	6.309002e+00
108	67	-9.090909e-02
63	68	-5.085978e+00
68	68	5.176888e+00
69	68	-9.090909e-02
68	69	-9.090909e-02
69	69	6.309002e+00
82	69	-6.218093e+00
25	70	-6.218093e+00
70	70	6.309002e+00
109	70	-9.090909e-02
71	71	6.309002e+00
92	71	-6.218093e+00
110	71	-9.090909e-02
6	72	-1.363637e-02
72	72	2.080483e-02
107	72	-7.168459e-03
73	73	3.123169e-02
106	73	-1.759532e-02
116	73	-1.363637e-02
10	74	-6.218093e+00
41	74	-1.044930e+00
74	74	7.263023e+00
34	75	-8.757258e+01
75	75	9.133432e+01
83	75	-3.761746e+00
1	76	-6.218093e+00
42	76	-1.044930e+00
76	76	7.263023e+00
33	77	-2.037315e+00
77	77	3.304632e+00
78	77	-1.267316e+00
10	78	-6.218093e+00
77	78	-1.267316e+00
78	78	7.485410e+00
12	79	-5.757119e+00
33	79	-4.100142e-01
79	79	6.167133e+00
32	80	-1.508723e-01
43	80	-1.818182e-01
80	80	3.326905e-01
30	81	-7.424511e-02
31	81	-1.818182e-01
81	81	2.560633e-01
29	82	-1.968128e-02
69	82	-6.218093e+00
82	82	6.237775e+00
28	83	-2.006706e+00
75	83	-3.761746e+00
83	83	5.768452e+00
9	84	-5.803157e+00
28	84	-4.496929e-01
84	84	6.252850e+00
27	85	-2.020280e+00
85	85	2.430294e+00
86	85	-4.100142e-01
9	86	-5.803157e+00
85	86	-4.100142e-01
86	86	6.213171e+00
27	87	-2.969800e+00
87	87	9.054238e+01
88	87	-8.757258e+01
7	88	-7.268076e+00
87	88	-8.757258e+01
88	88	9.484065e+01
26	89	-2.037315e+00
89	89	3.304632e+00
90	89	-1.267316e+00
1	90	-6.218093e+00
89	90	-1.267316e+00
90	90	7.485410e+00
3	91	-5.757119e+00
26	91	-4.100142e-01
91	91	6.167133e+00
25	92	-4.902369e-02
71	92	-6.218093e+00
92	92	6.267117e+00
43	93	-2.981310e+00
93	93	6.986513e+01
94	93	-6.688382e+01
56	94	-1.425517e+00
93	94	-6.688382e+01
94	94	6.830933e+01
11	95	-2.015438e+01
21	95	-8.904006e+00
95	95	2.905839e+01
19	96	-3.767457e+00
58	96	-1.326776e+01
96	96	1.703521e+01
20	97	-3.767457e+00
58	97	-2.044998e+00
97	97	5.812456e+00
59	98	-3.767457e+00
60	98	-1.326776e+01
98	98	1.703521e+01
60	99	-2.044998e+00
61	99	-3.767457e+00
99	99	5.812456e+00
31	100	-4.586399e+00
61	100	-1.015274e+00
100	100	5.601672e+00
2	101	-2.015438e+01
16	101	-8.904006e+00
101	101	2.905839e+01
40	102	-1.082251e-02
66	102	-1.759532e-02
102	102	2.841783e-02
38	103	-2.480362e-02
65	103	-7.168459e-03
103	103	3.197208e-02
14	104	-1.001131e+01
66	104	-1.363637e-02
104	104	1.002495e+01
12	105	-9.090909e-02
15	105	-1.001131e+01
105	105	1.010222e+01
39	106	-1.082251e-02
73	106	-1.759532e-02
106	106	2.841783e-02
37	107	-2.480362e-02
72	107	-7.168459e-03
107	107	3.197208e-02
24	108	-5.291145e+00
50	108	-5.085978e+00
67	108	-9.090909e-02
108	108	1.046803e+01
54	109	-6.160822e+00
70	109	-9.090909e-02
109	109	6.251731e+00
55	110	-5.291145e+00
71	110	-9.090909e-02
110	110	5.382054e+00
18	111	-2.756735e+00
36	111	-9.090909e-03
111	111	2.765826e+00
17	112	-2.340605e+00
35	112	-9.090909e-03
112	112	2.349696e+00
9	113	-9.090909e-02
23	113	-5.085978e+00
113	113	5.176888e+00
22	114	-4.004517e+01
114	114	4.013608e+01
115	114	-9.090909e-02
34	115	-7.251264e+00
114	115	-9.090909e-02
115	115	7.342173e+00
5	116	-1.001131e+01
73	116	-1.363637e-02
116	116	1.002495e+01
3	117	-9.090909e-02
6	117	-1.001131e+01
117	117	1.010222e+01
