1	1	6.116161e+00
2	1	-9.090909e-02
35	1	-5.025252e+00
1	2	-9.090909e-02
2	2	9.173644e+00
105	2	-9.082735e+00
3	3	5.116161e+00
64	3	-5.025252e+00
106	3	-9.090909e-02
4	4	1.609104e+01
56	4	-1.363637e-02
106	4	-1.607740e+01
5	5	2.080483e-02
59	5	-7.168459e-03
105	5	-1.363637e-02
6	6	7.358985e+00
7	6	-9.090909e-02
81	6	-7.268076e+00
6	7	-9.090909e-02
7	7	7.362420e+00
13	7	-7.271511e+00
8	8	1.169722e+01
77	8	-5.803157e+00
79	8	-5.803157e+00
102	8	-9.090909e-02
9	9	6.309002e+00
10	9	-9.090909e-02
22	9	-6.218093e+00
9	10	-9.090909e-02
10	10	1.010222e+01
97	10	-1.001131e+01
11	11	6.309002e+00
82	11	-6.218093e+00
99	11	-9.090909e-02
12	12	2.080483e-02
60	12	-7.168459e-03
97	12	-1.363637e-02
7	13	-7.271511e+00
13	13	9.612116e+00
101	13	-2.340605e+00
14	14	1.002825e+01
18	14	-7.271511e+00
100	14	-2.756735e+00
15	15	1.189012e+01
20	15	-4.971093e+00
90	15	-6.919027e+00
16	16	5.317730e+00
96	16	-2.317513e-01
99	16	-5.085978e+00
17	17	2.966667e+01
54	17	-2.654484e+01
87	17	-3.121829e+00
14	18	-7.271511e+00
18	18	4.731668e+01
103	18	-4.004517e+01
19	19	5.258287e+00
53	19	-1.723086e-01
102	19	-5.085978e+00
15	20	-4.971093e+00
20	20	2.409934e+01
87	20	-1.912825e+01
21	21	1.030504e+01
83	21	-8.009034e+00
85	21	-2.296006e+00
9	22	-6.218093e+00
22	22	6.283176e+00
82	22	-6.508213e-02
23	23	4.990080e+00
78	23	-2.020280e+00
80	23	-2.969800e+00
24	24	2.456399e+00
76	24	-2.006706e+00
77	24	-4.496929e-01
25	25	2.080020e-01
48	25	-1.818182e-01
75	25	-2.618384e-02
26	26	5.956351e+00
47	26	-1.880873e+00
74	26	-4.075478e+00
27	27	4.944496e+00
37	27	-4.866559e+00
74	27	-7.793686e-02
28	28	2.746249e+00
72	28	-2.693167e+00
73	28	-5.308194e-02
29	29	1.295726e+00
30	29	-1.818182e-01
71	29	-1.113908e+00
29	30	-1.818182e-01
30	30	3.461604e+00
84	30	-3.279785e+00
31	31	5.956351e+00
32	31	-1.880873e+00
69	31	-4.075478e+00
31	32	-1.880873e+00
32	32	5.956351e+00
72	32	-4.075478e+00
33	33	3.241794e+01
39	33	-3.230600e+01
70	33	-1.119340e-01
34	34	5.154198e+00
67	34	-2.184398e+00
69	34	-2.969800e+00
1	35	-5.025252e+00
35	35	5.198408e+00
64	35	-1.731557e-01
36	36	9.482384e+01
63	36	-8.757258e+01
104	36	-7.251264e+00
27	37	-4.866559e+00
37	37	9.914936e+00
38	37	-1.818182e-01
73	37	-4.866559e+00
37	38	-1.818182e-01
38	38	3.284036e+00
51	38	-3.102218e+00
33	39	-3.230600e+01
39	39	3.512731e+01
62	39	-2.821312e+00
40	40	3.512731e+01
61	40	-2.821312e+00
68	40	-3.230600e+01
41	41	9.090909e-03
101	41	-9.090909e-03
42	42	9.090909e-03
100	42	-9.090909e-03
43	43	2.480362e-02
60	43	-2.480362e-02
44	44	2.480362e-02
59	44	-2.480362e-02
45	45	5.411255e-03
58	45	-5.411255e-03
46	46	1.082251e-02
57	46	-1.082251e-02
26	47	-1.880873e+00
47	47	5.956351e+00
75	47	-4.075478e+00
25	48	-1.818182e-01
48	48	4.768217e+00
88	48	-4.586399e+00
49	49	3.282732e+00
50	49	-3.102218e+00
86	49	-1.805136e-01
49	50	-3.102218e+00
50	50	4.932252e+00
88	50	-1.830034e+00
38	51	-3.102218e+00
51	51	4.163638e+00
52	51	-1.061420e+00
51	52	-1.061420e+00
52	52	4.118000e+00
53	52	-3.056580e+00
19	53	-1.723086e-01
52	53	-3.056580e+00
53	53	3.228889e+00
17	54	-2.654484e+01
54	54	3.226066e+01
84	54	-5.715821e+00
55	55	2.976540e-02
58	55	-1.612903e-02
98	55	-1.363637e-02
4	56	-1.363637e-02
56	56	3.123169e-02
57	56	-1.759532e-02
46	57	-1.082251e-02
56	57	-1.759532e-02
57	57	2.841783e-02
45	58	-5.411255e-03
55	58	-1.612903e-02
58	58	2.154029e-02
5	59	-7.168459e-03
44	59	-2.480362e-02
59	59	3.197208e-02
12	60	-7.168459e-03
43	60	-2.480362e-02
60	60	3.197208e-02
40	61	-2.821312e+00
61	61	3.512731e+01
70	61	-3.230600e+01
39	62	-2.821312e+00
62	62	3.512731e+01
71	62	-3.230600e+01
36	63	-8.757258e+01
63	63	9.133432e+01
76	63	-3.761746e+00
3	64	-5.025252e+00
35	64	-1.731557e-01
64	64	5.198408e+00
65	65	2.364242e+00
66	65	-2.184398e+00
67	65	-1.798438e-01
65	66	-2.184398e+00
66	66	4.544848e+00
68	66	-2.360450e+00
34	67	-2.184398e+00
65	67	-1.798438e-01
67	67	2.364242e+00
40	68	-3.230600e+01
66	68	-2.360450e+00
68	68	3.466645e+01
31	69	-4.075478e+00
34	69	-2.969800e+00
69	69	7.045278e+00
33	70	-1.119340e-01
61	70	-3.230600e+01
70	70	3.241794e+01
29	71	-1.113908e+00
62	71	-3.230600e+01
71	71	3.341991e+01
28	72	-2.693167e+00
32	72	-4.075478e+00
72	72	6.768645e+00
28	73	-5.308194e-02
37	73	-4.866559e+00
73	73	4.919641e+00
26	74	-4.075478e+00
27	74	-7.793686e-02
74	74	4.153415e+00
25	75	-2.618384e-02
47	75	-4.075478e+00
75	75	4.101662e+00
24	76	-2.006706e+00
63	76	-3.761746e+00
76	76	5.768452e+00
8	77	-5.803157e+00
24	77	-4.496929e-01
77	77	6.252850e+00
23	78	-2.020280e+00
78	78	2.430294e+00
79	78	-4.100142e-01
8	79	-5.803157e+00
78	79	-4.100142e-01
79	79	6.213171e+00
23	80	-2.969800e+00
80	80	9.054238e+01
81	80	-8.757258e+01
6	81	-7.268076e+00
80	81	-8.757258e+01
81	81	9.484065e+01
11	82	-6.218093e+00
22	82	-6.508213e-02
82	82	6.283176e+00
21	83	-8.009034e+00
83	83	3.480468e+01
106	83	-2.679564e+01
30	84	-3.279785e+00
54	84	-5.715821e+00
84	84	8.995606e+00
21	85	-2.296006e+00
85	85	5.642479e+00
86	85	-3.346474e+00
49	86	-1.805136e-01
85	86	-3.346474e+00
86	86	3.526987e+00
17	87	-3.121829e+00
20	87	-1.912825e+01
87	87	2.225008e+01
48	88	-4.586399e+00
50	88	-1.830034e+00
88	88	6.416432e+00
89	89	4.066150e+00
90	89	-6.892321e-01
91	89	-3.376918e+00
15	90	-6.919027e+00
89	90	-6.892321e-01
90	90	7.608259e+00
89	91	-3.376918e+00
91	91	7.294753e+00
92	91	-3.917835e+00
91	92	-3.917835e+00
92	92	1.055173e+01
98	92	-6.633895e+00
93	93	4.783082e+00
94	93	-3.917835e+00
95	93	-8.652465e-01
93	94	-3.917835e+00
94	94	1.055173e+01
98	94	-6.633895e+00
93	95	-8.652465e-01
95	95	2.335699e+00
96	95	-1.470452e+00
16	96	-2.317513e-01
95	96	-1.470452e+00
96	96	1.702203e+00
10	97	-1.001131e+01
12	97	-1.363637e-02
97	97	1.002495e+01
55	98	-1.363637e-02
92	98	-6.633895e+00
94	98	-6.633895e+00
98	98	1.328143e+01
11	99	-9.090909e-02
16	99	-5.085978e+00
99	99	5.176888e+00
14	100	-2.756735e+00
42	100	-9.090909e-03
100	100	2.765826e+00
13	101	-2.340605e+00
41	101	-9.090909e-03
101	101	2.349696e+00
8	102	-9.090909e-02
19	102	-5.085978e+00
102	102	5.176888e+00
18	103	-4.004517e+01
103	103	4.013608e+01
104	103	-9.090909e-02
36	104	-7.251264e+00
103	104	-9.090909e-02
104	104	7.342173e+00
2	105	-9.082735e+00
5	105	-1.363637e-02
105	105	9.096371e+00
3	106	-9.090909e-02
4	106	-1.607740e+01
83	106	-2.679564e+01
106	106	4.296396e+01
