1	1	1.352710e+01
81	1	-6.218093e+00
83	1	-6.218093e+00
116	1	-9.090909e-02
2	2	5.848028e+00
84	2	-5.757119e+00
115	2	-9.090909e-02
3	3	5.568380e+00
4	3	-9.090909e-02
80	3	-5.477471e+00
3	4	-9.090909e-02
4	4	4.964590e+01
45	4	-5.095723e+00
114	4	-4.445926e+01
5	5	1.002495e+01
60	5	-1.363637e-02
115	5	-1.001131e+01
6	6	7.358985e+00
7	6	-9.090909e-02
90	6	-7.268076e+00
6	7	-9.090909e-02
7	7	7.362420e+00
110	7	-7.271511e+00
8	8	1.169722e+01
9	8	-9.090909e-02
86	8	-5.803157e+00
88	8	-5.803157e+00
8	9	-9.090909e-02
9	9	5.176888e+00
46	9	-5.085978e+00
10	10	2.349696e+00
34	10	-9.090909e-03
110	10	-2.340605e+00
11	11	2.765826e+00
35	11	-9.090909e-03
101	11	-2.756735e+00
12	12	1.243619e+01
62	12	-6.218093e+00
68	12	-6.218093e+00
13	13	5.848028e+00
69	13	-5.757119e+00
105	13	-9.090909e-02
14	14	5.844351e+00
15	14	-9.090909e-02
40	14	-5.753442e+00
14	15	-9.090909e-02
15	15	1.010222e+01
104	15	-1.001131e+01
16	16	1.002495e+01
52	16	-1.363637e-02
105	16	-1.001131e+01
17	17	6.185278e+00
43	17	-4.586399e+00
98	17	-1.598880e+00
18	18	6.282308e+00
99	18	-2.514850e+00
100	18	-3.767457e+00
19	19	5.740295e+00
96	19	-7.994372e-01
116	19	-4.940858e+00
20	20	6.372724e+00
93	20	-2.334229e+00
95	20	-4.038495e+00
21	21	4.731668e+01
101	21	-7.271511e+00
111	21	-4.004517e+01
22	22	5.316385e+00
49	22	-2.523965e-02
58	22	-5.291145e+00
23	23	6.237775e+00
55	23	-6.218093e+00
91	23	-1.968128e-02
24	24	4.990080e+00
87	24	-2.020280e+00
89	24	-2.969800e+00
25	25	2.456399e+00
85	25	-2.006706e+00
86	25	-4.496929e-01
26	26	2.447330e+00
82	26	-2.037315e+00
84	26	-4.100142e-01
27	27	3.734090e+00
43	27	-1.818182e-01
78	27	-3.552272e+00
28	28	1.993691e-01
42	28	-1.818182e-01
75	28	-1.755094e-02
29	29	4.560889e+00
72	29	-2.193492e+00
74	29	-2.367396e+00
30	30	2.447330e+00
67	30	-2.037315e+00
69	30	-4.100142e-01
31	31	6.267117e+00
57	31	-6.218093e+00
66	31	-4.902369e-02
32	32	9.482384e+01
65	32	-8.757258e+01
112	32	-7.251264e+00
33	33	3.512731e+01
63	33	-2.821312e+00
73	33	-3.230600e+01
10	34	-9.090909e-03
34	34	9.090909e-03
11	35	-9.090909e-03
35	35	9.090909e-03
36	36	2.480362e-02
107	36	-2.480362e-02
37	37	2.480362e-02
103	37	-2.480362e-02
38	38	1.082251e-02
106	38	-1.082251e-02
39	39	1.082251e-02
102	39	-1.082251e-02
14	40	-5.753442e+00
40	40	6.798372e+00
62	40	-1.044930e+00
41	41	3.512731e+01
64	41	-2.821312e+00
74	41	-3.230600e+01
28	42	-1.818182e-01
42	42	4.768217e+00
94	42	-4.586399e+00
17	43	-4.586399e+00
27	43	-1.818182e-01
43	43	4.768217e+00
44	44	4.194915e+00
80	44	-2.105055e+00
81	44	-2.089860e+00
4	45	-5.095723e+00
45	45	9.981709e+00
100	45	-4.885986e+00
9	46	-5.085978e+00
46	46	5.258287e+00
47	46	-1.723086e-01
46	47	-1.723086e-01
47	47	3.228889e+00
48	47	-3.056580e+00
47	48	-3.056580e+00
48	48	4.004277e+00
51	48	-9.476966e-01
22	49	-2.523965e-02
49	49	5.316385e+00
54	49	-5.291145e+00
50	50	1.262320e+00
96	50	-1.353852e-01
109	50	-1.126935e+00
48	51	-9.476966e-01
51	51	6.033675e+00
108	51	-5.085978e+00
16	52	-1.363637e-02
52	52	2.080483e-02
103	52	-7.168459e-03
53	53	3.123169e-02
102	53	-1.759532e-02
104	53	-1.363637e-02
49	54	-5.291145e+00
54	54	5.382054e+00
55	54	-9.090909e-02
23	55	-6.218093e+00
54	55	-9.090909e-02
55	55	6.309002e+00
56	56	6.309002e+00
91	56	-6.218093e+00
108	56	-9.090909e-02
31	57	-6.218093e+00
57	57	6.309002e+00
109	57	-9.090909e-02
22	58	-5.291145e+00
58	58	5.382054e+00
59	58	-9.090909e-02
58	59	-9.090909e-02
59	59	6.309002e+00
66	59	-6.218093e+00
5	60	-1.363637e-02
60	60	2.080483e-02
107	60	-7.168459e-03
61	61	3.123169e-02
106	61	-1.759532e-02
113	61	-1.363637e-02
12	62	-6.218093e+00
40	62	-1.044930e+00
62	62	7.263023e+00
33	63	-2.821312e+00
63	63	3.512731e+01
75	63	-3.230600e+01
41	64	-2.821312e+00
64	64	3.512731e+01
79	64	-3.230600e+01
32	65	-8.757258e+01
65	65	9.133432e+01
85	65	-3.761746e+00
31	66	-4.902369e-02
59	66	-6.218093e+00
66	66	6.267117e+00
30	67	-2.037315e+00
67	67	3.304632e+00
68	67	-1.267316e+00
12	68	-6.218093e+00
67	68	-1.267316e+00
68	68	7.485410e+00
13	69	-5.757119e+00
30	69	-4.100142e-01
69	69	6.167133e+00
70	70	2.386157e+00
71	70	-2.197957e+00
72	70	-1.882002e-01
70	71	-2.197957e+00
71	71	3.961277e+00
73	71	-1.763320e+00
29	72	-2.193492e+00
70	72	-1.882002e-01
72	72	2.381693e+00
33	73	-3.230600e+01
71	73	-1.763320e+00
73	73	3.406932e+01
29	74	-2.367396e+00
41	74	-3.230600e+01
74	74	3.467340e+01
28	75	-1.755094e-02
63	75	-3.230600e+01
75	75	3.232355e+01
76	76	5.719219e+00
77	76	-3.526640e+00
78	76	-2.192579e+00
76	77	-3.526640e+00
77	77	6.806748e+00
79	77	-3.280108e+00
27	78	-3.552272e+00
76	78	-2.192579e+00
78	78	5.744850e+00
64	79	-3.230600e+01
77	79	-3.280108e+00
79	79	3.558611e+01
3	80	-5.477471e+00
44	80	-2.105055e+00
80	80	7.582526e+00
1	81	-6.218093e+00
44	81	-2.089860e+00
81	81	8.307953e+00
26	82	-2.037315e+00
82	82	3.304632e+00
83	82	-1.267316e+00
1	83	-6.218093e+00
82	83	-1.267316e+00
83	83	7.485410e+00
2	84	-5.757119e+00
26	84	-4.100142e-01
84	84	6.167133e+00
25	85	-2.006706e+00
65	85	-3.761746e+00
85	85	5.768452e+00
8	86	-5.803157e+00
25	86	-4.496929e-01
86	86	6.252850e+00
24	87	-2.020280e+00
87	87	2.430294e+00
88	87	-4.100142e-01
8	88	-5.803157e+00
87	88	-4.100142e-01
88	88	6.213171e+00
24	89	-2.969800e+00
89	89	9.054238e+01
90	89	-8.757258e+01
6	90	-7.268076e+00
89	90	-8.757258e+01
90	90	9.484065e+01
23	91	-1.968128e-02
56	91	-6.218093e+00
91	91	6.237775e+00
92	92	3.582752e+00
93	92	-3.338185e+00
94	92	-2.445669e-01
20	93	-2.334229e+00
92	93	-3.338185e+00
93	93	5.672414e+00
42	94	-4.586399e+00
92	94	-2.445669e-01
94	94	4.830966e+00
20	95	-4.038495e+00
95	95	3.073535e+01
105	95	-2.669685e+01
19	96	-7.994372e-01
50	96	-1.353852e-01
96	96	9.348224e-01
97	97	1.207293e+01
98	97	-4.869047e+00
99	97	-7.203884e+00
17	98	-1.598880e+00
97	98	-4.869047e+00
98	98	6.467926e+00
18	99	-2.514850e+00
97	99	-7.203884e+00
99	99	9.718735e+00
18	100	-3.767457e+00
45	100	-4.885986e+00
100	100	8.653443e+00
11	101	-2.756735e+00
21	101	-7.271511e+00
101	101	1.002825e+01
39	102	-1.082251e-02
53	102	-1.759532e-02
102	102	2.841783e-02
37	103	-2.480362e-02
52	103	-7.168459e-03
103	103	3.197208e-02
15	104	-1.001131e+01
53	104	-1.363637e-02
104	104	1.002495e+01
13	105	-9.090909e-02
16	105	-1.001131e+01
95	105	-2.669685e+01
105	105	3.679907e+01
38	106	-1.082251e-02
61	106	-1.759532e-02
106	106	2.841783e-02
36	107	-2.480362e-02
60	107	-7.168459e-03
107	107	3.197208e-02
51	108	-5.085978e+00
56	108	-9.090909e-02
108	108	5.176888e+00
50	109	-1.126935e+00
57	109	-9.090909e-02
109	109	1.217844e+00
7	110	-7.271511e+00
10	110	-2.340605e+00
110	110	9.612116e+00
21	111	-4.004517e+01
111	111	4.013608e+01
112	111	-9.090909e-02
32	112	-7.251264e+00
111	112	-9.090909e-02
112	112	7.342173e+00
61	113	-1.363637e-02
113	113	1.465278e+01
114	113	-1.463915e+01
4	114	-4.445926e+01
113	114	-1.463915e+01
114	114	5.909841e+01
2	115	-9.090909e-02
5	115	-1.001131e+01
115	115	1.010222e+01
1	116	-9.090909e-02
19	116	-4.940858e+00
116	116	5.031767e+00
