1	1	1.352710e+01
2	1	-9.090909e-02
54	1	-6.218093e+00
62	1	-6.218093e+00
1	2	-9.090909e-02
2	2	2.024529e+01
80	2	-2.015438e+01
3	3	5.848028e+00
63	3	-5.757119e+00
93	3	-9.090909e-02
4	4	5.844351e+00
5	4	-9.090909e-02
36	4	-5.753442e+00
4	5	-9.090909e-02
5	5	1.010222e+01
92	5	-1.001131e+01
6	6	2.080483e-02
7	6	-1.363637e-02
89	6	-7.168459e-03
6	7	-1.363637e-02
7	7	1.002495e+01
93	7	-1.001131e+01
8	8	6.309002e+00
72	8	-6.218093e+00
91	8	-9.090909e-02
9	9	6.309002e+00
10	9	-9.090909e-02
32	9	-6.218093e+00
9	10	-9.090909e-02
10	10	5.104772e+00
27	10	-5.013863e+00
11	11	1.200525e+01
12	11	-9.090909e-02
37	11	-5.957168e+00
58	11	-5.957168e+00
11	12	-9.090909e-02
12	12	5.104772e+00
26	12	-5.013863e+00
13	13	6.048361e+00
60	13	-5.957452e+00
90	13	-9.090909e-02
14	14	2.928185e+01
15	14	-9.090909e-02
53	14	-2.919094e+01
14	15	-9.090909e-02
15	15	1.010222e+01
87	15	-1.001131e+01
16	16	3.123169e-02
17	16	-1.363637e-02
51	16	-1.759532e-02
16	17	-1.363637e-02
17	17	6.706584e+00
78	17	-6.692948e+00
18	18	1.103752e+01
71	18	-1.094661e+01
86	18	-9.090909e-02
19	19	1.103752e+01
69	19	-1.094661e+01
85	19	-9.090909e-02
20	20	8.555330e+00
38	20	-2.727270e-02
86	20	-8.528057e+00
21	21	1.645815e+00
39	21	-2.727270e-02
83	21	-7.496420e-01
84	21	-8.689003e-01
22	22	3.722260e+01
39	22	-2.727270e-02
85	22	-3.719532e+01
23	23	4.097726e+00
47	23	-5.923118e-02
85	23	-4.038495e+00
24	24	6.216529e+00
81	24	-3.767457e+00
82	24	-2.449072e+00
25	25	8.233293e+00
79	25	-4.150911e+00
81	25	-4.082382e+00
12	26	-5.013863e+00
26	26	5.048587e+00
27	26	-3.472391e-02
10	27	-5.013863e+00
26	27	-3.472391e-02
27	27	5.048587e+00
28	28	9.019882e+00
29	28	-1.158757e-01
80	28	-8.904006e+00
28	29	-1.158757e-01
29	29	1.436928e+00
79	29	-1.321053e+00
30	30	1.177893e+01
77	30	-6.692948e+00
90	30	-5.085978e+00
31	31	2.115162e-01
45	31	-1.818182e-01
73	31	-2.969800e-02
9	32	-6.218093e+00
32	32	6.313408e+00
72	32	-9.531435e-02
33	33	5.508926e+01
67	33	-1.763320e+00
70	33	-5.332594e+01
34	34	2.447330e+00
61	34	-2.037315e+00
63	34	-4.100142e-01
35	35	2.373355e+00
57	35	-2.193492e+00
58	35	-1.798623e-01
4	36	-5.753442e+00
36	36	6.798372e+00
54	36	-1.044930e+00
11	37	-5.957168e+00
37	37	6.202153e+00
60	37	-2.449846e-01
20	38	-2.727270e-02
38	38	2.727270e-02
21	39	-2.727270e-02
22	39	-2.727270e-02
39	39	6.363631e-02
84	39	-9.090909e-03
40	40	2.480362e-02
89	40	-2.480362e-02
41	41	1.240182e-02
51	41	-1.240182e-02
42	42	1.082251e-02
88	42	-1.082251e-02
43	43	5.411255e-03
50	43	-5.411255e-03
44	44	3.305100e+00
73	44	-1.818182e-01
74	44	-3.123282e+00
31	45	-1.818182e-01
45	45	3.163128e+00
75	45	-2.981310e+00
46	46	3.253475e+00
74	46	-3.153152e+00
82	46	-1.003233e-01
23	47	-5.923118e-02
47	47	2.687027e+00
76	47	-2.627796e+00
48	48	2.976540e-02
50	48	-1.612903e-02
87	48	-1.363637e-02
49	49	3.123169e-02
88	49	-1.759532e-02
92	49	-1.363637e-02
43	50	-5.411255e-03
48	50	-1.612903e-02
50	50	2.154029e-02
16	51	-1.759532e-02
41	51	-1.240182e-02
51	51	2.999714e-02
52	52	2.163655e+01
53	52	-1.752520e+01
59	52	-4.111352e+00
14	53	-2.919094e+01
52	53	-1.752520e+01
53	53	4.671614e+01
1	54	-6.218093e+00
36	54	-1.044930e+00
54	54	7.263023e+00
55	55	1.787678e+00
56	55	-1.605510e+00
57	55	-1.821679e-01
55	56	-1.605510e+00
56	56	1.683293e+00
59	56	-7.778288e-02
35	57	-2.193492e+00
55	57	-1.821679e-01
57	57	2.375660e+00
11	58	-5.957168e+00
35	58	-1.798623e-01
58	58	6.137030e+00
52	59	-4.111352e+00
56	59	-7.778288e-02
59	59	4.189135e+00
13	60	-5.957452e+00
37	60	-2.449846e-01
60	60	6.202436e+00
34	61	-2.037315e+00
61	61	3.304632e+00
62	61	-1.267316e+00
1	62	-6.218093e+00
61	62	-1.267316e+00
62	62	7.485410e+00
3	63	-5.757119e+00
34	63	-4.100142e-01
63	63	6.167133e+00
64	64	1.815667e+00
65	64	-1.605510e+00
66	64	-2.101564e-01
64	65	-1.605510e+00
65	65	3.172906e+00
68	65	-1.567396e+00
64	66	-2.101564e-01
66	66	1.815667e+00
67	66	-1.605510e+00
33	67	-1.763320e+00
66	67	-1.605510e+00
67	67	3.368830e+00
65	68	-1.567396e+00
68	68	5.678748e+00
69	68	-4.111352e+00
19	69	-1.094661e+01
68	69	-4.111352e+00
69	69	1.505796e+01
33	70	-5.332594e+01
70	70	5.743729e+01
71	70	-4.111352e+00
18	71	-1.094661e+01
70	71	-4.111352e+00
71	71	1.505796e+01
8	72	-6.218093e+00
32	72	-9.531435e-02
72	72	6.313408e+00
31	73	-2.969800e-02
44	73	-1.818182e-01
73	73	2.115162e-01
44	74	-3.123282e+00
46	74	-3.153152e+00
74	74	6.276434e+00
45	75	-2.981310e+00
75	75	2.162950e+01
76	75	-1.864819e+01
47	76	-2.627796e+00
75	76	-1.864819e+01
76	76	2.127599e+01
30	77	-6.692948e+00
77	77	8.105876e+00
78	77	-1.412928e+00
17	78	-6.692948e+00
77	78	-1.412928e+00
78	78	8.105876e+00
25	79	-4.150911e+00
29	79	-1.321053e+00
79	79	1.314120e+01
91	79	-7.669241e+00
2	80	-2.015438e+01
28	80	-8.904006e+00
80	80	2.905839e+01
24	81	-3.767457e+00
25	81	-4.082382e+00
81	81	7.849840e+00
24	82	-2.449072e+00
46	82	-1.003233e-01
82	82	2.549395e+00
21	83	-7.496420e-01
83	83	5.211398e+00
85	83	-4.461756e+00
21	84	-8.689003e-01
39	84	-9.090909e-03
84	84	8.779912e-01
19	85	-9.090909e-02
22	85	-3.719532e+01
23	85	-4.038495e+00
83	85	-4.461756e+00
85	85	4.578648e+01
18	86	-9.090909e-02
20	86	-8.528057e+00
86	86	8.618966e+00
15	87	-1.001131e+01
48	87	-1.363637e-02
87	87	1.002495e+01
42	88	-1.082251e-02
49	88	-1.759532e-02
88	88	2.841783e-02
6	89	-7.168459e-03
40	89	-2.480362e-02
89	89	3.197208e-02
13	90	-9.090909e-02
30	90	-5.085978e+00
90	90	5.176888e+00
8	91	-9.090909e-02
79	91	-7.669241e+00
91	91	7.760150e+00
5	92	-1.001131e+01
49	92	-1.363637e-02
92	92	1.002495e+01
3	93	-9.090909e-02
7	93	-1.001131e+01
93	93	1.010222e+01
