1	1	8.342173e+00
2	1	-9.090909e-02
38	1	-7.251264e+00
1	2	-9.090909e-02
2	2	4.013608e+01
61	2	-4.004517e+01
3	3	1.160631e+01
45	3	-5.803157e+00
48	3	-5.803157e+00
4	4	2.349696e+00
12	4	-2.340605e+00
27	4	-9.090909e-03
5	5	2.765826e+00
28	5	-9.090909e-03
60	5	-2.756735e+00
6	6	6.309002e+00
7	6	-9.090909e-02
24	6	-6.218093e+00
6	7	-9.090909e-02
7	7	1.010222e+01
64	7	-1.001131e+01
8	8	6.309002e+00
9	8	-9.090909e-02
39	8	-6.218093e+00
8	9	-9.090909e-02
9	9	5.113032e+00
13	9	-5.022122e+00
10	10	2.976540e-02
34	10	-1.612903e-02
64	10	-1.363637e-02
11	11	4.599286e+00
22	11	-4.586399e+00
32	11	-1.288758e-02
4	12	-2.340605e+00
12	12	7.324432e+00
65	12	-4.983827e+00
9	13	-5.022122e+00
13	13	5.109327e+00
56	13	-8.720449e-02
14	14	1.632504e+00
52	14	-1.453210e+00
59	14	-1.792940e-01
15	15	8.034982e+00
53	15	-6.674186e+00
62	15	-1.360796e+00
16	16	2.882587e+00
17	16	-1.818182e-01
50	16	-2.700768e+00
16	17	-1.818182e-01
17	17	4.768217e+00
62	17	-4.586399e+00
18	18	3.305100e+00
49	18	-1.818182e-01
54	18	-3.123282e+00
19	19	5.768452e+00
37	19	-3.761746e+00
47	19	-2.006706e+00
20	20	2.430294e+00
43	20	-2.020280e+00
45	20	-4.100142e-01
21	21	2.257036e-01
22	21	-1.818182e-01
41	21	-4.388544e-02
11	22	-4.586399e+00
21	22	-1.818182e-01
22	22	4.768217e+00
23	23	3.825642e+00
31	23	-1.818182e-01
51	23	-3.643824e+00
6	24	-6.218093e+00
24	24	6.244168e+00
39	24	-2.607494e-02
25	25	9.450815e+01
46	25	-8.727603e+01
66	25	-7.232122e+00
26	26	3.512731e+01
36	26	-2.821312e+00
40	26	-3.230600e+01
4	27	-9.090909e-03
27	27	9.090909e-03
5	28	-9.090909e-03
28	28	9.090909e-03
29	29	1.240182e-02
35	29	-1.240182e-02
30	30	5.411255e-03
34	30	-5.411255e-03
23	31	-1.818182e-01
31	31	5.206978e-01
40	31	-3.388797e-01
11	32	-1.288758e-02
32	32	3.166039e+00
54	32	-3.153152e+00
33	33	3.123169e-02
35	33	-1.759532e-02
63	33	-1.363637e-02
10	34	-1.612903e-02
30	34	-5.411255e-03
34	34	2.154029e-02
29	35	-1.240182e-02
33	35	-1.759532e-02
35	35	2.999714e-02
26	36	-2.821312e+00
36	36	3.512731e+01
42	36	-3.230600e+01
19	37	-3.761746e+00
37	37	9.133432e+01
38	37	-8.757258e+01
1	38	-7.251264e+00
37	38	-8.757258e+01
38	38	9.482384e+01
8	39	-6.218093e+00
24	39	-2.607494e-02
39	39	6.244168e+00
26	40	-3.230600e+01
31	40	-3.388797e-01
40	40	3.264488e+01
21	41	-4.388544e-02
41	41	1.935714e+00
42	41	-1.891829e+00
36	42	-3.230600e+01
41	42	-1.891829e+00
42	42	3.419783e+01
20	43	-2.020280e+00
43	43	6.360765e+00
44	43	-4.340485e+00
43	44	-4.340485e+00
44	44	1.387019e+01
46	44	-9.529709e+00
3	45	-5.803157e+00
20	45	-4.100142e-01
45	45	6.213171e+00
25	46	-8.727603e+01
44	46	-9.529709e+00
46	46	9.680574e+01
19	47	-2.006706e+00
47	47	2.456399e+00
48	47	-4.496929e-01
3	48	-5.803157e+00
47	48	-4.496929e-01
48	48	6.252850e+00
18	49	-1.818182e-01
49	49	2.464532e-01
50	49	-6.463497e-02
16	50	-2.700768e+00
49	50	-6.463497e-02
50	50	2.765403e+00
23	51	-3.643824e+00
51	51	3.753317e+01
52	51	-3.388934e+01
14	52	-1.453210e+00
51	52	-3.388934e+01
52	52	3.534255e+01
15	53	-6.674186e+00
53	53	8.574182e+01
65	53	-7.906763e+01
18	54	-3.123282e+00
32	54	-3.153152e+00
54	54	6.276434e+00
55	55	8.105876e+00
56	55	-1.412928e+00
63	55	-6.692948e+00
13	56	-8.720449e-02
55	56	-1.412928e+00
56	56	1.500133e+00
57	57	4.759402e+00
58	57	-1.412928e+00
59	57	-3.346474e+00
57	58	-1.412928e+00
58	58	8.105876e+00
63	58	-6.692948e+00
14	59	-1.792940e-01
57	59	-3.346474e+00
59	59	3.525768e+00
5	60	-2.756735e+00
60	60	1.002825e+01
61	60	-7.271511e+00
2	61	-4.004517e+01
60	61	-7.271511e+00
61	61	4.731668e+01
15	62	-1.360796e+00
17	62	-4.586399e+00
62	62	5.947195e+00
33	63	-1.363637e-02
55	63	-6.692948e+00
58	63	-6.692948e+00
63	63	1.339953e+01
7	64	-1.001131e+01
10	64	-1.363637e-02
64	64	1.002495e+01
12	65	-4.983827e+00
53	65	-7.906763e+01
65	65	8.414237e+01
66	65	-9.090909e-02
25	66	-7.232122e+00
65	66	-9.090909e-02
66	66	7.323031e+00
