1	1	1.352710e+01
2	1	-9.090909e-02
46	1	-6.218093e+00
95	1	-6.218093e+00
1	2	-9.090909e-02
2	2	2.024529e+01
128	2	-2.015438e+01
3	3	5.848028e+00
4	3	-9.090909e-02
96	3	-5.757119e+00
3	4	-9.090909e-02
4	4	1.010222e+01
142	4	-1.001131e+01
5	5	5.844351e+00
80	5	-5.753442e+00
143	5	-9.090909e-02
6	6	1.002495e+01
74	6	-1.363637e-02
143	6	-1.001131e+01
7	7	7.342173e+00
8	7	-9.090909e-02
79	7	-7.251264e+00
7	8	-9.090909e-02
8	8	4.013608e+01
127	8	-4.004517e+01
9	9	7.362420e+00
19	9	-7.271511e+00
141	9	-9.090909e-02
10	10	1.169722e+01
90	10	-5.803157e+00
93	10	-5.803157e+00
140	10	-9.090909e-02
11	11	6.309002e+00
37	11	-6.218093e+00
70	11	-9.090909e-02
12	12	1.252710e+01
13	12	-9.090909e-02
75	12	-6.218093e+00
82	12	-6.218093e+00
12	13	-9.090909e-02
13	13	2.024529e+01
100	13	-2.015438e+01
14	14	5.848028e+00
83	14	-5.757119e+00
132	14	-9.090909e-02
15	15	5.844351e+00
16	15	-9.090909e-02
55	15	-5.753442e+00
15	16	-9.090909e-02
16	16	1.010222e+01
131	16	-1.001131e+01
17	17	1.002495e+01
67	17	-1.363637e-02
132	17	-1.001131e+01
18	18	9.019882e+00
60	18	-1.158757e-01
128	18	-8.904006e+00
9	19	-7.271511e+00
19	19	9.612116e+00
139	19	-2.340605e+00
20	20	1.002825e+01
127	20	-7.271511e+00
138	20	-2.756735e+00
21	21	6.033675e+00
29	21	-9.476966e-01
70	21	-5.085978e+00
22	22	3.162479e+00
98	22	-3.153152e+00
104	22	-9.327053e-03
23	23	7.109594e-03
119	23	-3.554797e-03
120	23	-3.554797e-03
24	24	1.722749e+00
111	24	-4.595293e-03
112	24	-1.718154e+00
25	25	2.009417e+00
31	25	-6.030781e-01
42	25	-1.406339e+00
26	26	9.019882e+00
32	26	-1.158757e-01
100	26	-8.904006e+00
27	27	5.258287e+00
28	27	-1.723086e-01
140	27	-5.085978e+00
27	28	-1.723086e-01
28	28	3.228889e+00
29	28	-3.056580e+00
21	29	-9.476966e-01
28	29	-3.056580e+00
29	29	4.004277e+00
30	30	5.316385e+00
61	30	-2.523965e-02
135	30	-5.291145e+00
25	31	-6.030781e-01
31	31	3.659658e+00
32	31	-3.056580e+00
26	32	-1.158757e-01
31	32	-3.056580e+00
32	32	3.172456e+00
33	33	6.267117e+00
72	33	-6.218093e+00
97	33	-4.902369e-02
34	34	3.319730e+00
94	34	-2.037315e+00
95	34	-1.282415e+00
35	35	5.768452e+00
78	35	-3.761746e+00
92	35	-2.006706e+00
36	36	2.430294e+00
89	36	-2.020280e+00
90	36	-4.100142e-01
11	37	-6.218093e+00
37	37	6.237775e+00
88	37	-1.968128e-02
38	38	1.965125e-01
39	38	-1.818182e-01
87	38	-1.469432e-02
38	39	-1.818182e-01
39	39	4.768217e+00
124	39	-4.586399e+00
40	40	3.268437e+01
76	40	-3.230600e+01
86	40	-3.783665e-01
41	41	9.454276e-01
42	41	-1.818182e-01
85	41	-7.636094e-01
25	42	-1.406339e+00
41	42	-1.818182e-01
42	42	1.588157e+00
43	43	1.350606e+00
44	43	-1.818182e-01
84	43	-1.168788e+00
43	44	-1.818182e-01
44	44	3.305100e+00
98	44	-3.123282e+00
45	45	2.447330e+00
81	45	-2.037315e+00
83	45	-4.100142e-01
1	46	-6.218093e+00
46	46	7.250721e+00
80	46	-1.032628e+00
47	47	9.484065e+01
91	47	-8.757258e+01
141	47	-7.268076e+00
48	48	3.512731e+01
76	48	-2.821312e+00
84	48	-3.230600e+01
49	49	9.090909e-03
139	49	-9.090909e-03
50	50	9.090909e-03
138	50	-9.090909e-03
51	51	2.480362e-02
134	51	-2.480362e-02
52	52	2.480362e-02
130	52	-2.480362e-02
53	53	1.082251e-02
133	53	-1.082251e-02
54	54	1.082251e-02
129	54	-1.082251e-02
15	55	-5.753442e+00
55	55	6.798372e+00
75	55	-1.044930e+00
56	56	3.512731e+01
77	56	-2.821312e+00
85	56	-3.230600e+01
57	57	4.768217e+00
87	57	-1.818182e-01
102	57	-4.586399e+00
58	58	9.249711e+00
65	58	-4.231873e+00
99	58	-5.017838e+00
59	59	5.177481e+00
125	59	-9.150219e-02
135	59	-5.085978e+00
18	60	-1.158757e-01
60	60	5.709405e+00
66	60	-5.593529e+00
30	61	-2.523965e-02
61	61	5.316385e+00
137	61	-5.291145e+00
62	62	1.222007e+01
66	62	-6.059247e+00
136	62	-6.160822e+00
63	63	4.263329e+00
99	63	-2.211294e+00
101	63	-2.052036e+00
64	64	4.408808e+00
101	64	-3.767457e+00
102	64	-6.413504e-01
58	65	-4.231873e+00
65	65	4.873223e+00
126	65	-6.413504e-01
60	66	-5.593529e+00
62	66	-6.059247e+00
66	66	1.165278e+01
17	67	-1.363637e-02
67	67	2.080483e-02
130	67	-7.168459e-03
68	68	3.123169e-02
129	68	-1.759532e-02
131	68	-1.363637e-02
69	69	6.309002e+00
88	69	-6.218093e+00
135	69	-9.090909e-02
11	70	-9.090909e-02
21	70	-5.085978e+00
70	70	5.176888e+00
71	71	6.309002e+00
97	71	-6.218093e+00
136	71	-9.090909e-02
33	72	-6.218093e+00
72	72	6.309002e+00
137	72	-9.090909e-02
73	73	2.080483e-02
134	73	-7.168459e-03
142	73	-1.363637e-02
6	74	-1.363637e-02
74	74	3.123169e-02
133	74	-1.759532e-02
12	75	-6.218093e+00
55	75	-1.044930e+00
75	75	7.263023e+00
40	76	-3.230600e+01
48	76	-2.821312e+00
76	76	3.512731e+01
56	77	-2.821312e+00
77	77	3.512731e+01
86	77	-3.230600e+01
35	78	-3.761746e+00
78	78	9.133432e+01
79	78	-8.757258e+01
7	79	-7.251264e+00
78	79	-8.757258e+01
79	79	9.482384e+01
5	80	-5.753442e+00
46	80	-1.032628e+00
80	80	6.786070e+00
45	81	-2.037315e+00
81	81	3.304632e+00
82	81	-1.267316e+00
12	82	-6.218093e+00
81	82	-1.267316e+00
82	82	7.485410e+00
14	83	-5.757119e+00
45	83	-4.100142e-01
83	83	6.167133e+00
43	84	-1.168788e+00
48	84	-3.230600e+01
84	84	3.347479e+01
41	85	-7.636094e-01
56	85	-3.230600e+01
85	85	3.306961e+01
40	86	-3.783665e-01
77	86	-3.230600e+01
86	86	3.268437e+01
38	87	-1.469432e-02
57	87	-1.818182e-01
87	87	1.965125e-01
37	88	-1.968128e-02
69	88	-6.218093e+00
88	88	6.237775e+00
36	89	-2.020280e+00
89	89	4.990080e+00
91	89	-2.969800e+00
10	90	-5.803157e+00
36	90	-4.100142e-01
90	90	6.213171e+00
47	91	-8.757258e+01
89	91	-2.969800e+00
91	91	9.054238e+01
35	92	-2.006706e+00
92	92	2.456399e+00
93	92	-4.496929e-01
10	93	-5.803157e+00
92	93	-4.496929e-01
93	93	6.252850e+00
34	94	-2.037315e+00
94	94	2.447330e+00
96	94	-4.100142e-01
1	95	-6.218093e+00
34	95	-1.282415e+00
95	95	7.500508e+00
3	96	-5.757119e+00
94	96	-4.100142e-01
96	96	6.167133e+00
33	97	-4.902369e-02
71	97	-6.218093e+00
97	97	6.267117e+00
22	98	-3.153152e+00
44	98	-3.123282e+00
98	98	6.276434e+00
58	99	-5.017838e+00
63	99	-2.211294e+00
99	99	7.229132e+00
13	100	-2.015438e+01
26	100	-8.904006e+00
100	100	2.905839e+01
63	101	-2.052036e+00
64	101	-3.767457e+00
101	101	5.819493e+00
57	102	-4.586399e+00
64	102	-6.413504e-01
102	102	5.227749e+00
103	103	1.835945e+00
104	103	-1.718154e+00
105	103	-1.177912e-01
22	104	-9.327053e-03
103	104	-1.718154e+00
104	104	1.727481e+00
103	105	-1.177912e-01
105	105	1.836471e+00
106	105	-1.718680e+00
105	106	-1.718680e+00
106	106	1.747470e+00
107	106	-2.879057e-02
106	107	-2.879057e-02
107	107	2.075274e+00
108	107	-2.046484e+00
107	108	-2.046484e+00
108	108	2.709873e+00
109	108	-6.633895e-01
108	109	-6.633895e-01
109	109	2.710627e+00
110	109	-2.047238e+00
109	110	-2.047238e+00
110	110	2.194709e+00
111	110	-1.474715e-01
24	111	-4.595293e-03
110	111	-1.474715e-01
111	111	1.520668e-01
24	112	-1.718154e+00
112	112	1.835945e+00
113	112	-1.177912e-01
112	113	-1.177912e-01
113	113	1.836471e+00
114	113	-1.718680e+00
113	114	-1.718680e+00
114	114	1.747470e+00
115	114	-2.879057e-02
114	115	-2.879057e-02
115	115	2.075274e+00
116	115	-2.046484e+00
115	116	-2.046484e+00
116	116	2.709873e+00
117	116	-6.633895e-01
116	117	-6.633895e-01
117	117	2.710627e+00
118	117	-2.047238e+00
117	118	-2.047238e+00
118	118	2.194628e+00
119	118	-1.473896e-01
23	119	-3.554797e-03
118	119	-1.473896e-01
119	119	1.509444e-01
23	120	-3.554797e-03
120	120	8.201509e-02
121	120	-7.846030e-02
120	121	-7.846030e-02
121	121	2.135663e+00
122	121	-2.057203e+00
121	122	-2.057203e+00
122	122	5.391759e+00
123	122	-3.334556e+00
122	123	-3.334556e+00
123	123	3.343149e+00
124	123	-8.593132e-03
39	124	-4.586399e+00
123	124	-8.593132e-03
124	124	4.594992e+00
59	125	-9.150219e-02
125	125	2.339688e+00
126	125	-2.248186e+00
65	126	-6.413504e-01
125	126	-2.248186e+00
126	126	2.889537e+00
8	127	-4.004517e+01
20	127	-7.271511e+00
127	127	4.731668e+01
2	128	-2.015438e+01
18	128	-8.904006e+00
128	128	2.905839e+01
54	129	-1.082251e-02
68	129	-1.759532e-02
129	129	2.841783e-02
52	130	-2.480362e-02
67	130	-7.168459e-03
130	130	3.197208e-02
16	131	-1.001131e+01
68	131	-1.363637e-02
131	131	1.002495e+01
14	132	-9.090909e-02
17	132	-1.001131e+01
132	132	1.010222e+01
53	133	-1.082251e-02
74	133	-1.759532e-02
133	133	2.841783e-02
51	134	-2.480362e-02
73	134	-7.168459e-03
134	134	3.197208e-02
30	135	-5.291145e+00
59	135	-5.085978e+00
69	135	-9.090909e-02
135	135	1.046803e+01
62	136	-6.160822e+00
71	136	-9.090909e-02
136	136	6.251731e+00
61	137	-5.291145e+00
72	137	-9.090909e-02
137	137	5.382054e+00
20	138	-2.756735e+00
50	138	-9.090909e-03
138	138	2.765826e+00
19	139	-2.340605e+00
49	139	-9.090909e-03
139	139	2.349696e+00
10	140	-9.090909e-02
27	140	-5.085978e+00
140	140	5.176888e+00
9	141	-9.090909e-02
47	141	-7.268076e+00
141	141	7.358985e+00
4	142	-1.001131e+01
73	142	-1.363637e-02
142	142	1.002495e+01
5	143	-9.090909e-02
6	143	-1.001131e+01
143	143	1.010222e+01
