1	1	6.171022e+00
47	1	-5.080113e+00
67	1	-9.090909e-02
2	2	1.135318e+01
3	2	-9.090909e-02
45	2	-5.631138e+00
46	2	-5.631138e+00
2	3	-9.090909e-02
3	3	5.176888e+00
19	3	-5.085978e+00
4	4	5.171022e+00
26	4	-5.080113e+00
66	4	-9.090909e-02
5	5	5.171022e+00
51	5	-5.080113e+00
65	5	-9.090909e-02
6	6	1.135318e+01
23	6	-5.631138e+00
50	6	-5.631138e+00
64	6	-9.090909e-02
7	7	5.171022e+00
49	7	-5.080113e+00
63	7	-9.090909e-02
8	8	9.439317e+00
28	8	-9.090909e-03
67	8	-9.430226e+00
9	9	9.892565e+00
27	9	-9.090909e-03
63	9	-9.883474e+00
10	10	8.767346e+00
30	10	-9.090909e-03
66	10	-8.758255e+00
11	11	1.005253e+01
29	11	-9.090909e-03
65	11	-1.004344e+01
12	12	1.252710e+01
44	12	-6.218093e+00
54	12	-6.218093e+00
62	12	-9.090909e-02
13	13	5.848028e+00
55	13	-5.757119e+00
61	13	-9.090909e-02
14	14	5.844351e+00
15	14	-9.090909e-02
33	14	-5.753442e+00
14	15	-9.090909e-02
15	15	1.010222e+01
60	15	-1.001131e+01
16	16	1.002495e+01
42	16	-1.363637e-02
61	16	-1.001131e+01
17	17	9.019882e+00
21	17	-1.158757e-01
57	17	-8.904006e+00
18	18	5.115413e+00
37	18	-2.943488e-02
64	18	-5.085978e+00
3	19	-5.085978e+00
19	19	5.199378e+00
20	19	-1.133996e-01
19	20	-1.133996e-01
20	20	5.199378e+00
64	20	-5.085978e+00
17	21	-1.158757e-01
21	21	3.172456e+00
39	21	-3.056580e+00
22	22	2.447330e+00
53	22	-2.037315e+00
55	22	-4.100142e-01
6	23	-5.631138e+00
23	23	5.877511e+00
51	23	-2.463728e-01
24	24	1.957398e+00
48	24	-1.867159e+00
50	24	-9.023886e-02
25	25	4.873322e+01
46	25	-1.871737e-01
47	25	-4.854605e+01
4	26	-5.080113e+00
26	26	5.148550e+00
45	26	-6.843690e-02
9	27	-9.090909e-03
27	27	9.090909e-03
8	28	-9.090909e-03
28	28	9.090909e-03
11	29	-9.090909e-03
29	29	9.090909e-03
10	30	-9.090909e-03
30	30	9.090909e-03
31	31	2.480362e-02
59	31	-2.480362e-02
32	32	1.082251e-02
58	32	-1.082251e-02
14	33	-5.753442e+00
33	33	6.798372e+00
44	33	-1.044930e+00
34	34	3.305100e+00
52	34	-1.818182e-01
56	34	-3.123282e+00
35	35	1.575836e+00
36	35	-1.818182e-01
41	35	-1.394018e+00
35	36	-1.818182e-01
36	36	5.061071e-01
52	36	-3.242889e-01
18	37	-2.943488e-02
37	37	3.086015e+00
38	37	-3.056580e+00
37	38	-3.056580e+00
38	38	3.109178e+00
40	38	-5.259753e-02
21	39	-3.056580e+00
39	39	3.372479e+00
41	39	-3.158989e-01
38	40	-5.259753e-02
40	40	3.205749e+00
56	40	-3.153152e+00
35	41	-1.394018e+00
39	41	-3.158989e-01
41	41	1.709917e+00
16	42	-1.363637e-02
42	42	2.080483e-02
59	42	-7.168459e-03
43	43	3.123169e-02
58	43	-1.759532e-02
60	43	-1.363637e-02
12	44	-6.218093e+00
33	44	-1.044930e+00
44	44	7.263023e+00
2	45	-5.631138e+00
26	45	-6.843690e-02
45	45	5.699575e+00
2	46	-5.631138e+00
25	46	-1.871737e-01
46	46	5.818312e+00
1	47	-5.080113e+00
25	47	-4.854605e+01
47	47	5.362616e+01
24	48	-1.867159e+00
48	48	2.436729e+00
49	48	-5.695701e-01
7	49	-5.080113e+00
48	49	-5.695701e-01
49	49	5.649684e+00
6	50	-5.631138e+00
24	50	-9.023886e-02
50	50	5.721377e+00
5	51	-5.080113e+00
23	51	-2.463728e-01
51	51	5.326486e+00
34	52	-1.818182e-01
36	52	-3.242889e-01
52	52	5.061071e-01
22	53	-2.037315e+00
53	53	3.304632e+00
54	53	-1.267316e+00
12	54	-6.218093e+00
53	54	-1.267316e+00
54	54	7.485410e+00
13	55	-5.757119e+00
22	55	-4.100142e-01
55	55	6.167133e+00
34	56	-3.123282e+00
40	56	-3.153152e+00
56	56	6.276434e+00
17	57	-8.904006e+00
57	57	2.905839e+01
62	57	-2.015438e+01
32	58	-1.082251e-02
43	58	-1.759532e-02
58	58	2.841783e-02
31	59	-2.480362e-02
42	59	-7.168459e-03
59	59	3.197208e-02
15	60	-1.001131e+01
43	60	-1.363637e-02
60	60	1.002495e+01
13	61	-9.090909e-02
16	61	-1.001131e+01
61	61	1.010222e+01
12	62	-9.090909e-02
57	62	-2.015438e+01
62	62	2.024529e+01
7	63	-9.090909e-02
9	63	-9.883474e+00
63	63	9.974383e+00
6	64	-9.090909e-02
18	64	-5.085978e+00
20	64	-5.085978e+00
64	64	1.026287e+01
5	65	-9.090909e-02
11	65	-1.004344e+01
65	65	1.013435e+01
4	66	-9.090909e-02
10	66	-8.758255e+00
66	66	8.849164e+00
1	67	-9.090909e-02
8	67	-9.430226e+00
67	67	9.521135e+00
