1	1	1.352710e+01
90	1	-6.218093e+00
118	1	-6.218093e+00
153	1	-9.090909e-02
2	2	5.848028e+00
119	2	-5.757119e+00
152	2	-9.090909e-02
3	3	5.844351e+00
4	3	-9.090909e-02
63	3	-5.753442e+00
3	4	-9.090909e-02
4	4	1.010222e+01
151	4	-1.001131e+01
5	5	1.002495e+01
70	5	-1.363637e-02
152	5	-1.001131e+01
6	6	1.252710e+01
7	6	-9.090909e-02
86	6	-6.218093e+00
92	6	-6.218093e+00
6	7	-9.090909e-02
7	7	2.024529e+01
122	7	-2.015438e+01
8	8	5.848028e+00
93	8	-5.757119e+00
148	8	-9.090909e-02
9	9	5.844351e+00
10	9	-9.090909e-02
62	9	-5.753442e+00
9	10	-9.090909e-02
10	10	1.010222e+01
147	10	-1.001131e+01
11	11	1.002495e+01
68	11	-1.363637e-02
148	11	-1.001131e+01
12	12	5.171022e+00
13	12	-9.090909e-02
116	12	-5.080113e+00
12	13	-9.090909e-02
13	13	1.013435e+01
139	13	-1.004344e+01
14	14	1.191187e+01
109	14	-5.910480e+00
115	14	-5.910480e+00
144	14	-9.090909e-02
15	15	5.116515e+00
33	15	-5.025605e+00
143	15	-9.090909e-02
16	16	1.013435e+01
138	16	-1.004344e+01
142	16	-9.090909e-02
17	17	1.025114e+01
18	17	-9.090909e-02
96	17	-5.080113e+00
100	17	-5.080113e+00
17	18	-9.090909e-02
18	18	5.176888e+00
22	18	-5.085978e+00
19	19	1.030284e+01
53	19	-2.727270e-02
143	19	-1.027557e+01
20	20	4.282377e+01
54	20	-2.727270e-02
140	20	-4.279649e+01
21	21	9.019882e+00
30	21	-1.158757e-01
137	21	-8.904006e+00
18	22	-5.085978e+00
22	22	1.171987e+01
136	22	-6.633895e+00
23	23	5.106334e+00
135	23	-4.944351e-02
144	23	-5.056890e+00
24	24	1.277590e+01
124	24	-3.767457e+00
129	24	-9.008441e+00
25	25	3.647738e+00
121	25	-3.153152e+00
134	25	-4.945867e-01
26	26	6.224309e+00
125	26	-3.767457e+00
126	26	-2.456852e+00
27	27	5.599578e+00
123	27	-2.880657e+00
125	27	-2.718921e+00
28	28	1.611761e+00
65	28	-2.017911e-01
120	28	-1.409970e+00
29	29	9.019882e+00
64	29	-1.158757e-01
122	29	-8.904006e+00
21	30	-1.158757e-01
30	30	3.172456e+00
66	30	-3.056580e+00
31	31	2.447330e+00
117	31	-2.037315e+00
119	31	-4.100142e-01
32	32	6.533977e+00
114	32	-2.193492e+00
116	32	-4.340485e+00
15	33	-5.025605e+00
33	33	5.207617e+00
109	33	-1.820118e-01
34	34	4.757405e+00
106	34	-2.192579e+00
108	34	-2.564826e+00
35	35	2.624211e-01
36	35	-1.818182e-01
103	35	-8.060291e-02
35	36	-1.818182e-01
36	36	1.330165e+01
102	36	-1.311983e+01
37	37	5.945995e+00
99	37	-1.605510e+00
101	37	-4.340485e+00
38	38	1.798153e+00
94	38	-1.605510e+00
96	38	-1.926433e-01
39	39	2.447330e+00
91	39	-2.037315e+00
93	39	-4.100142e-01
40	40	3.512731e+01
89	40	-2.821312e+00
103	40	-3.230600e+01
41	41	3.512731e+01
87	41	-3.230600e+01
88	41	-2.821312e+00
42	42	1.505796e+01
101	42	-4.111352e+00
142	42	-1.094661e+01
43	43	1.505796e+01
95	43	-4.111352e+00
141	43	-1.094661e+01
44	44	2.973118e+00
47	44	-2.960726e+00
85	44	-1.239190e-02
45	45	8.124423e-03
79	45	-4.761315e-03
80	45	-3.363108e-03
46	46	8.871462e-01
61	46	-1.818182e-01
72	46	-7.053280e-01
44	47	-2.960726e+00
47	47	6.103270e+00
48	47	-1.818182e-01
82	47	-2.960726e+00
47	48	-1.818182e-01
48	48	1.969256e-01
87	48	-1.510743e-02
49	49	5.143194e+00
50	49	-1.818182e-01
83	49	-4.961376e+00
49	50	-1.818182e-01
50	50	1.289524e+00
74	50	-1.107706e+00
51	51	9.090909e-03
139	51	-9.090909e-03
52	52	9.090909e-03
138	52	-9.090909e-03
19	53	-2.727270e-02
53	53	2.727270e-02
20	54	-2.727270e-02
54	54	2.727270e-02
55	55	2.480362e-02
150	55	-2.480362e-02
56	56	2.480362e-02
146	56	-2.480362e-02
57	57	1.082251e-02
149	57	-1.082251e-02
58	58	1.082251e-02
145	58	-1.082251e-02
59	59	2.805375e+00
74	59	-1.818182e-01
120	59	-2.623556e+00
60	60	7.089661e+00
72	60	-1.818182e-01
73	60	-6.907842e+00
46	61	-1.818182e-01
61	61	5.143194e+00
84	61	-4.961376e+00
9	62	-5.753442e+00
62	62	6.798372e+00
86	62	-1.044930e+00
3	63	-5.753442e+00
63	63	6.798372e+00
90	63	-1.044930e+00
29	64	-1.158757e-01
64	64	3.172456e+00
65	64	-3.056580e+00
28	65	-2.017911e-01
64	65	-3.056580e+00
65	65	3.258371e+00
30	66	-3.056580e+00
66	66	3.263082e+00
67	66	-2.065019e-01
66	67	-2.065019e-01
67	67	3.805566e+00
73	67	-3.599064e+00
11	68	-1.363637e-02
68	68	2.080483e-02
146	68	-7.168459e-03
69	69	3.123169e-02
145	69	-1.759532e-02
147	69	-1.363637e-02
5	70	-1.363637e-02
70	70	2.080483e-02
150	70	-7.168459e-03
71	71	3.123169e-02
149	71	-1.759532e-02
151	71	-1.363637e-02
46	72	-7.053280e-01
60	72	-1.818182e-01
72	72	8.871462e-01
60	73	-6.907842e+00
67	73	-3.599064e+00
73	73	1.050691e+01
50	74	-1.107706e+00
59	74	-1.818182e-01
74	74	1.289524e+00
75	75	5.701767e+00
76	75	-5.662354e+00
77	75	-3.941306e-02
75	76	-5.662354e+00
76	76	1.132471e+01
83	76	-5.662354e+00
75	77	-3.941306e-02
77	77	1.051779e-01
78	77	-6.576481e-02
77	78	-6.576481e-02
78	78	2.639562e+00
79	78	-2.573797e+00
45	79	-4.761315e-03
78	79	-2.573797e+00
79	79	2.578559e+00
45	80	-3.363108e-03
80	80	2.577160e+00
81	80	-2.573797e+00
80	81	-2.573797e+00
81	81	2.608246e+00
82	81	-3.444831e-02
47	82	-2.960726e+00
81	82	-3.444831e-02
82	82	2.995174e+00
49	83	-4.961376e+00
76	83	-5.662354e+00
83	83	1.062373e+01
61	84	-4.961376e+00
84	84	5.017915e+00
85	84	-5.653934e-02
44	85	-1.239190e-02
84	85	-5.653934e-02
85	85	6.893124e-02
6	86	-6.218093e+00
62	86	-1.044930e+00
86	86	7.263023e+00
41	87	-3.230600e+01
48	87	-1.510743e-02
87	87	3.232111e+01
41	88	-2.821312e+00
88	88	3.512731e+01
107	88	-3.230600e+01
40	89	-2.821312e+00
89	89	3.512731e+01
108	89	-3.230600e+01
1	90	-6.218093e+00
63	90	-1.044930e+00
90	90	7.263023e+00
39	91	-2.037315e+00
91	91	3.304632e+00
92	91	-1.267316e+00
6	92	-6.218093e+00
91	92	-1.267316e+00
92	92	7.485410e+00
8	93	-5.757119e+00
39	93	-4.100142e-01
93	93	6.167133e+00
38	94	-1.605510e+00
94	94	3.315397e+00
95	94	-1.709887e+00
43	95	-4.111352e+00
94	95	-1.709887e+00
95	95	5.821239e+00
17	96	-5.080113e+00
38	96	-1.926433e-01
96	96	5.272757e+00
97	97	1.707284e+00
98	97	-1.605510e+00
99	97	-1.017738e-01
97	98	-1.605510e+00
98	98	2.289257e+00
100	98	-6.837467e-01
37	99	-1.605510e+00
97	99	-1.017738e-01
99	99	1.707284e+00
17	100	-5.080113e+00
98	100	-6.837467e-01
100	100	5.763860e+00
37	101	-4.340485e+00
42	101	-4.111352e+00
101	101	8.451837e+00
36	102	-1.311983e+01
102	102	1.721913e+01
121	102	-4.099301e+00
35	103	-8.060291e-02
40	103	-3.230600e+01
103	103	3.238661e+01
104	104	3.483884e+00
105	104	-2.192579e+00
106	104	-1.291306e+00
104	105	-2.192579e+00
105	105	3.955899e+00
107	105	-1.763320e+00
34	106	-2.192579e+00
104	106	-1.291306e+00
106	106	3.483884e+00
88	107	-3.230600e+01
105	107	-1.763320e+00
107	107	3.406932e+01
34	108	-2.564826e+00
89	108	-3.230600e+01
108	108	3.487083e+01
14	109	-5.910480e+00
33	109	-1.820118e-01
109	109	6.092492e+00
110	110	2.719223e+00
111	110	-2.183030e+00
112	110	-5.361930e-01
110	111	-2.183030e+00
111	111	2.491658e+00
115	111	-3.086286e-01
110	112	-5.361930e-01
112	112	2.728772e+00
113	112	-2.192579e+00
112	113	-2.192579e+00
113	113	2.437563e+00
114	113	-2.449846e-01
32	114	-2.193492e+00
113	114	-2.449846e-01
114	114	2.438477e+00
14	115	-5.910480e+00
111	115	-3.086286e-01
115	115	6.219109e+00
12	116	-5.080113e+00
32	116	-4.340485e+00
116	116	9.420598e+00
31	117	-2.037315e+00
117	117	3.304632e+00
118	117	-1.267316e+00
1	118	-6.218093e+00
117	118	-1.267316e+00
118	118	7.485410e+00
2	119	-5.757119e+00
31	119	-4.100142e-01
119	119	6.167133e+00
28	120	-1.409970e+00
59	120	-2.623556e+00
120	120	4.033526e+00
25	121	-3.153152e+00
102	121	-4.099301e+00
121	121	7.252453e+00
7	122	-2.015438e+01
29	122	-8.904006e+00
122	122	2.905839e+01
27	123	-2.880657e+00
123	123	6.197594e+00
124	123	-3.316937e+00
24	124	-3.767457e+00
123	124	-3.316937e+00
124	124	7.084394e+00
26	125	-3.767457e+00
27	125	-2.718921e+00
125	125	6.486378e+00
26	126	-2.456852e+00
126	126	7.972206e+00
127	126	-5.515355e+00
126	127	-5.515355e+00
127	127	1.086492e+01
140	127	-5.349567e+00
128	128	4.410581e+00
129	128	-2.303166e+00
130	128	-2.107415e+00
24	129	-9.008441e+00
128	129	-2.303166e+00
129	129	1.131161e+01
128	130	-2.107415e+00
130	130	4.517727e+00
131	130	-2.410312e+00
130	131	-2.410312e+00
131	131	4.699475e+00
132	131	-2.289162e+00
131	132	-2.289162e+00
132	132	4.699475e+00
133	132	-2.410312e+00
132	133	-2.410312e+00
133	133	4.279978e+00
134	133	-1.869666e+00
25	134	-4.945867e-01
133	134	-1.869666e+00
134	134	2.364252e+00
23	135	-4.944351e-02
135	135	2.105170e+00
136	135	-2.055727e+00
22	136	-6.633895e+00
135	136	-2.055727e+00
136	136	8.689622e+00
21	137	-8.904006e+00
137	137	2.905839e+01
153	137	-2.015438e+01
16	138	-1.004344e+01
52	138	-9.090909e-03
138	138	1.005253e+01
13	139	-1.004344e+01
51	139	-9.090909e-03
139	139	1.005253e+01
20	140	-4.279649e+01
127	140	-5.349567e+00
140	140	4.823697e+01
141	140	-9.090909e-02
43	141	-1.094661e+01
140	141	-9.090909e-02
141	141	1.103752e+01
16	142	-9.090909e-02
42	142	-1.094661e+01
142	142	1.103752e+01
15	143	-9.090909e-02
19	143	-1.027557e+01
143	143	1.036648e+01
14	144	-9.090909e-02
23	144	-5.056890e+00
144	144	5.147799e+00
58	145	-1.082251e-02
69	145	-1.759532e-02
145	145	2.841783e-02
56	146	-2.480362e-02
68	146	-7.168459e-03
146	146	3.197208e-02
10	147	-1.001131e+01
69	147	-1.363637e-02
147	147	1.002495e+01
8	148	-9.090909e-02
11	148	-1.001131e+01
148	148	1.010222e+01
57	149	-1.082251e-02
71	149	-1.759532e-02
149	149	2.841783e-02
55	150	-2.480362e-02
70	150	-7.168459e-03
150	150	3.197208e-02
4	151	-1.001131e+01
71	151	-1.363637e-02
151	151	1.002495e+01
2	152	-9.090909e-02
5	152	-1.001131e+01
152	152	1.010222e+01
1	153	-9.090909e-02
137	153	-2.015438e+01
153	153	2.024529e+01
