1	1	6.171022e+00
2	1	-9.090909e-02
56	1	-5.080113e+00
1	2	-9.090909e-02
2	2	9.521135e+00
71	2	-9.430226e+00
3	3	1.135318e+01
54	3	-5.631138e+00
55	3	-5.631138e+00
72	3	-9.090909e-02
4	4	5.171022e+00
5	4	-9.090909e-02
25	4	-5.080113e+00
4	5	-9.090909e-02
5	5	8.849164e+00
69	5	-8.758255e+00
6	6	5.171022e+00
7	6	-9.090909e-02
53	6	-5.080113e+00
6	7	-9.090909e-02
7	7	1.013435e+01
68	7	-1.004344e+01
8	8	1.135318e+01
9	8	-9.090909e-02
26	8	-5.631138e+00
52	8	-5.631138e+00
8	9	-9.090909e-02
9	9	5.176888e+00
19	9	-5.085978e+00
10	10	5.171022e+00
11	10	-9.090909e-02
51	10	-5.080113e+00
10	11	-9.090909e-02
11	11	9.974383e+00
70	11	-9.883474e+00
12	12	1.243619e+01
49	12	-6.218093e+00
58	12	-6.218093e+00
13	13	5.848028e+00
59	13	-5.757119e+00
67	13	-9.090909e-02
14	14	5.844351e+00
15	14	-9.090909e-02
42	14	-5.753442e+00
14	15	-9.090909e-02
15	15	1.551078e+01
21	15	-5.408563e+00
66	15	-1.001131e+01
16	16	1.002495e+01
43	16	-1.363637e-02
67	16	-1.001131e+01
17	17	4.738030e+00
39	17	-4.586399e+00
62	17	-1.516316e-01
18	18	6.025026e+00
61	18	-2.568634e+00
63	18	-3.456392e+00
9	19	-5.085978e+00
19	19	5.199378e+00
20	19	-1.133996e-01
19	20	-1.133996e-01
20	20	5.199378e+00
72	20	-5.085978e+00
15	21	-5.408563e+00
21	21	1.058707e+01
63	21	-5.178503e+00
22	22	5.201100e+00
60	22	-1.151216e-01
72	22	-5.085978e+00
23	23	2.447330e+00
57	23	-2.037315e+00
59	23	-4.100142e-01
24	24	4.873322e+01
55	24	-1.871737e-01
56	24	-4.854605e+01
4	25	-5.080113e+00
25	25	5.148550e+00
54	25	-6.843690e-02
8	26	-5.631138e+00
26	26	5.877511e+00
53	26	-2.463728e-01
27	27	1.957398e+00
50	27	-1.867159e+00
52	27	-9.023886e-02
28	28	3.727415e+00
47	28	-1.818182e-01
48	28	-3.545596e+00
29	29	3.416102e+00
30	29	-5.158734e-03
46	29	-3.410944e+00
29	30	-5.158734e-03
30	30	3.416102e+00
48	30	-3.410944e+00
31	31	3.727415e+00
45	31	-1.818182e-01
46	31	-3.545596e+00
32	32	9.090909e-03
71	32	-9.090909e-03
33	33	9.090909e-03
70	33	-9.090909e-03
34	34	9.090909e-03
69	34	-9.090909e-03
35	35	9.090909e-03
68	35	-9.090909e-03
36	36	2.480362e-02
65	36	-2.480362e-02
37	37	1.082251e-02
64	37	-1.082251e-02
38	38	3.917628e-01
39	38	-1.818182e-01
47	38	-2.099447e-01
17	39	-4.586399e+00
38	39	-1.818182e-01
39	39	4.768217e+00
40	40	7.820979e-01
41	40	-1.818182e-01
45	40	-6.002797e-01
40	41	-1.818182e-01
41	41	4.768217e+00
60	41	-4.586399e+00
14	42	-5.753442e+00
42	42	6.798372e+00
49	42	-1.044930e+00
16	43	-1.363637e-02
43	43	2.080483e-02
65	43	-7.168459e-03
44	44	3.123169e-02
64	44	-1.759532e-02
66	44	-1.363637e-02
31	45	-1.818182e-01
40	45	-6.002797e-01
45	45	7.820979e-01
29	46	-3.410944e+00
31	46	-3.545596e+00
46	46	6.956540e+00
28	47	-1.818182e-01
38	47	-2.099447e-01
47	47	3.917628e-01
28	48	-3.545596e+00
30	48	-3.410944e+00
48	48	6.956540e+00
12	49	-6.218093e+00
42	49	-1.044930e+00
49	49	7.263023e+00
27	50	-1.867159e+00
50	50	2.436729e+00
51	50	-5.695701e-01
10	51	-5.080113e+00
50	51	-5.695701e-01
51	51	5.649684e+00
8	52	-5.631138e+00
27	52	-9.023886e-02
52	52	5.721377e+00
6	53	-5.080113e+00
26	53	-2.463728e-01
53	53	5.326486e+00
3	54	-5.631138e+00
25	54	-6.843690e-02
54	54	5.699575e+00
3	55	-5.631138e+00
24	55	-1.871737e-01
55	55	5.818312e+00
1	56	-5.080113e+00
24	56	-4.854605e+01
56	56	5.362616e+01
23	57	-2.037315e+00
57	57	3.304632e+00
58	57	-1.267316e+00
12	58	-6.218093e+00
57	58	-1.267316e+00
58	58	7.485410e+00
13	59	-5.757119e+00
23	59	-4.100142e-01
59	59	6.167133e+00
22	60	-1.151216e-01
41	60	-4.586399e+00
60	60	4.701520e+00
18	61	-2.568634e+00
61	61	4.645770e+00
62	61	-2.077137e+00
17	62	-1.516316e-01
61	62	-2.077137e+00
62	62	2.228768e+00
18	63	-3.456392e+00
21	63	-5.178503e+00
63	63	8.634895e+00
37	64	-1.082251e-02
44	64	-1.759532e-02
64	64	2.841783e-02
36	65	-2.480362e-02
43	65	-7.168459e-03
65	65	3.197208e-02
15	66	-1.001131e+01
44	66	-1.363637e-02
66	66	1.002495e+01
13	67	-9.090909e-02
16	67	-1.001131e+01
67	67	1.010222e+01
7	68	-1.004344e+01
35	68	-9.090909e-03
68	68	1.005253e+01
5	69	-8.758255e+00
34	69	-9.090909e-03
69	69	8.767346e+00
11	70	-9.883474e+00
33	70	-9.090909e-03
70	70	9.892565e+00
2	71	-9.430226e+00
32	71	-9.090909e-03
71	71	9.439317e+00
3	72	-9.090909e-02
20	72	-5.085978e+00
22	72	-5.085978e+00
72	72	1.026287e+01
