1	1	7.309002e+00
2	1	-9.090909e-02
25	1	-6.218093e+00
1	2	-9.090909e-02
2	2	1.010222e+01
80	2	-1.001131e+01
3	3	6.309002e+00
4	3	-9.090909e-02
48	3	-6.218093e+00
3	4	-9.090909e-02
4	4	5.113032e+00
12	4	-5.022122e+00
5	5	3.123169e-02
44	5	-1.759532e-02
79	5	-1.363637e-02
6	6	1.013435e+01
73	6	-1.004344e+01
78	6	-9.090909e-02
7	7	1.025114e+01
60	7	-5.080113e+00
62	7	-5.080113e+00
77	7	-9.090909e-02
8	8	1.025114e+01
9	8	-9.090909e-02
57	8	-5.080113e+00
59	8	-5.080113e+00
8	9	-9.090909e-02
9	9	1.016892e+01
72	9	-1.007801e+01
10	10	9.974383e+00
74	10	-9.883474e+00
76	10	-9.090909e-02
11	11	4.229540e+00
50	11	-4.074814e+00
71	11	-1.547259e-01
4	12	-5.022122e+00
12	12	5.237157e+00
65	12	-2.150343e-01
13	13	7.873244e+00
71	13	-3.063679e+00
77	13	-4.809565e+00
14	14	9.317197e+00
15	14	-7.437377e+00
30	14	-1.879819e+00
14	15	-7.437377e+00
15	15	7.805216e+00
69	15	-3.678391e-01
16	16	2.257545e+00
61	16	-2.165679e+00
63	16	-9.186617e-02
17	17	2.593033e+00
58	17	-2.162298e+00
60	17	-4.307356e-01
18	18	4.249485e+00
27	18	-4.111352e+00
57	18	-1.381336e-01
19	19	2.420766e+00
54	19	-6.967233e-02
56	19	-2.351093e+00
20	20	2.374105e-01
39	20	-1.818182e-01
52	20	-5.559231e-02
21	21	8.784396e-01
22	21	-1.818182e-01
51	21	-6.966214e-01
21	22	-1.818182e-01
22	22	2.060663e+00
50	22	-1.878845e+00
23	23	2.026151e-01
24	23	-1.818182e-01
49	23	-2.079694e-02
23	24	-1.818182e-01
24	24	4.768217e+00
41	24	-4.586399e+00
1	25	-6.218093e+00
25	25	6.244168e+00
48	25	-2.607494e-02
26	26	1.505796e+01
63	26	-4.111352e+00
78	26	-1.094661e+01
18	27	-4.111352e+00
27	27	1.505796e+01
76	27	-1.094661e+01
28	28	3.512731e+01
40	28	-3.230600e+01
47	28	-2.821312e+00
29	29	5.048377e+00
30	29	-1.818182e-01
49	29	-4.866559e+00
14	30	-1.879819e+00
29	30	-1.818182e-01
30	30	2.061638e+00
31	31	9.090909e-03
75	31	-9.090909e-03
32	32	9.090909e-03
74	32	-9.090909e-03
33	33	9.090909e-03
73	33	-9.090909e-03
34	34	9.090909e-03
72	34	-9.090909e-03
35	35	1.240182e-02
44	35	-1.240182e-02
36	36	5.411255e-03
43	36	-5.411255e-03
37	37	3.512731e+01
45	37	-2.821312e+00
51	37	-3.230600e+01
38	38	3.512731e+01
46	38	-2.821312e+00
52	38	-3.230600e+01
20	39	-1.818182e-01
39	39	4.768217e+00
70	39	-4.586399e+00
28	40	-3.230600e+01
40	40	3.247699e+01
53	40	-1.709887e-01
24	41	-4.586399e+00
41	41	4.606365e+00
70	41	-1.996654e-02
42	42	2.976540e-02
43	42	-1.612903e-02
80	42	-1.363637e-02
36	43	-5.411255e-03
42	43	-1.612903e-02
43	43	2.154029e-02
5	44	-1.759532e-02
35	44	-1.240182e-02
44	44	2.999714e-02
37	45	-2.821312e+00
45	45	3.512731e+01
53	45	-3.230600e+01
38	46	-2.821312e+00
46	46	3.512731e+01
55	46	-3.230600e+01
28	47	-2.821312e+00
47	47	3.512731e+01
56	47	-3.230600e+01
3	48	-6.218093e+00
25	48	-2.607494e-02
48	48	6.244168e+00
23	49	-2.079694e-02
29	49	-4.866559e+00
49	49	4.887356e+00
11	50	-4.074814e+00
22	50	-1.878845e+00
50	50	5.953658e+00
21	51	-6.966214e-01
37	51	-3.230600e+01
51	51	3.300262e+01
20	52	-5.559231e-02
38	52	-3.230600e+01
52	52	3.236159e+01
40	53	-1.709887e-01
45	53	-3.230600e+01
53	53	3.247699e+01
19	54	-6.967233e-02
54	54	2.420766e+00
55	54	-2.351093e+00
46	55	-3.230600e+01
54	55	-2.351093e+00
55	55	3.465710e+01
19	56	-2.351093e+00
47	56	-3.230600e+01
56	56	3.465710e+01
8	57	-5.080113e+00
18	57	-1.381336e-01
57	57	5.218247e+00
17	58	-2.162298e+00
58	58	2.242423e+00
59	58	-8.012499e-02
8	59	-5.080113e+00
58	59	-8.012499e-02
59	59	5.160238e+00
7	60	-5.080113e+00
17	60	-4.307356e-01
60	60	5.510849e+00
16	61	-2.165679e+00
61	61	5.335080e+00
62	61	-3.169401e+00
7	62	-5.080113e+00
61	62	-3.169401e+00
62	62	8.249515e+00
16	63	-9.186617e-02
26	63	-4.111352e+00
63	63	4.203218e+00
64	64	1.563075e+00
65	64	-1.473318e-01
66	64	-1.415743e+00
12	65	-2.150343e-01
64	65	-1.473318e-01
65	65	3.623662e-01
64	66	-1.415743e+00
66	66	8.137754e+00
79	66	-6.722011e+00
67	67	4.776748e+00
68	67	-1.415743e+00
69	67	-3.361006e+00
67	68	-1.415743e+00
68	68	8.137754e+00
79	68	-6.722011e+00
15	69	-3.678391e-01
67	69	-3.361006e+00
69	69	3.728845e+00
39	70	-4.586399e+00
41	70	-1.996654e-02
70	70	4.606365e+00
11	71	-1.547259e-01
13	71	-3.063679e+00
71	71	3.218405e+00
9	72	-1.007801e+01
34	72	-9.090909e-03
72	72	1.008710e+01
6	73	-1.004344e+01
33	73	-9.090909e-03
73	73	1.005253e+01
10	74	-9.883474e+00
32	74	-9.090909e-03
74	74	9.892565e+00
31	75	-9.090909e-03
75	75	9.892565e+00
77	75	-9.883474e+00
10	76	-9.090909e-02
27	76	-1.094661e+01
76	76	1.103752e+01
7	77	-9.090909e-02
13	77	-4.809565e+00
75	77	-9.883474e+00
77	77	1.478395e+01
6	78	-9.090909e-02
26	78	-1.094661e+01
78	78	1.103752e+01
5	79	-1.363637e-02
66	79	-6.722011e+00
68	79	-6.722011e+00
79	79	1.345766e+01
2	80	-1.001131e+01
42	80	-1.363637e-02
80	80	1.002495e+01
