1	1	8.358985e+00
2	1	-9.090909e-02
52	1	-7.268076e+00
1	2	-9.090909e-02
2	2	7.362420e+00
68	2	-7.271511e+00
3	3	5.176888e+00
32	3	-5.085978e+00
69	3	-9.090909e-02
4	4	2.349696e+00
27	4	-9.090909e-03
68	4	-2.340605e+00
5	5	2.765826e+00
28	5	-9.090909e-03
64	5	-2.756735e+00
6	6	6.309002e+00
45	6	-6.218093e+00
67	6	-9.090909e-02
7	7	6.309002e+00
8	7	-9.090909e-02
26	7	-6.218093e+00
7	8	-9.090909e-02
8	8	5.113032e+00
12	8	-5.022122e+00
9	9	1.002495e+01
38	9	-1.363637e-02
67	9	-1.001131e+01
10	10	3.778149e+00
36	10	-3.767457e+00
65	10	-1.069119e-02
11	11	6.797692e+00
21	11	-4.586399e+00
35	11	-2.211294e+00
8	12	-5.022122e+00
12	12	5.109327e+00
58	12	-8.720449e-02
13	13	3.281512e+00
15	13	-3.102218e+00
61	13	-1.792940e-01
14	14	4.731668e+01
64	14	-7.271511e+00
70	14	-4.004517e+01
13	15	-3.102218e+00
15	15	3.871366e+00
62	15	-7.691479e-01
16	16	4.768217e+00
55	16	-1.818182e-01
65	16	-4.586399e+00
17	17	5.737313e+01
53	17	-3.456345e-01
56	17	-5.702750e+01
18	18	4.990080e+00
50	18	-2.020280e+00
51	18	-2.969800e+00
19	19	2.445025e+00
42	19	-4.482837e-01
49	19	-1.996741e+00
20	20	2.154080e-01
21	20	-1.818182e-01
46	20	-3.358985e-02
11	21	-4.586399e+00
20	21	-1.818182e-01
21	21	4.768217e+00
22	22	5.048377e+00
23	22	-1.818182e-01
56	22	-4.866559e+00
22	23	-1.818182e-01
23	23	1.915846e+00
34	23	-1.734028e+00
24	24	3.730965e+01
44	24	-2.877483e+01
69	24	-8.534826e+00
25	25	9.484963e+01
41	25	-8.760173e+01
71	25	-7.247900e+00
7	26	-6.218093e+00
26	26	6.244168e+00
45	26	-2.607494e-02
4	27	-9.090909e-03
27	27	9.090909e-03
5	28	-9.090909e-03
28	28	9.090909e-03
29	29	1.240182e-02
40	29	-1.240182e-02
30	30	5.411255e-03
39	30	-5.411255e-03
31	31	4.768217e+00
48	31	-1.818182e-01
62	31	-4.586399e+00
3	32	-5.085978e+00
32	32	6.744450e+00
33	32	-1.658471e+00
32	33	-1.658471e+00
33	33	1.165717e+01
34	33	-9.998700e+00
23	34	-1.734028e+00
33	34	-9.998700e+00
34	34	1.173273e+01
11	35	-2.211294e+00
35	35	5.978751e+00
63	35	-3.767457e+00
10	36	-3.767457e+00
36	36	8.180228e+00
63	36	-4.412771e+00
37	37	3.123169e-02
40	37	-1.759532e-02
66	37	-1.363637e-02
9	38	-1.363637e-02
38	38	2.976540e-02
39	38	-1.612903e-02
30	39	-5.411255e-03
38	39	-1.612903e-02
39	39	2.154029e-02
29	40	-1.240182e-02
37	40	-1.759532e-02
40	40	2.999714e-02
25	41	-8.760173e+01
41	41	9.138187e+01
49	41	-3.780147e+00
19	42	-4.482837e-01
42	42	8.673179e+01
43	42	-8.628351e+01
42	43	-8.628351e+01
43	43	9.339584e+01
69	43	-7.112325e+00
24	44	-2.877483e+01
44	44	2.918484e+01
50	44	-4.100142e-01
6	45	-6.218093e+00
26	45	-2.607494e-02
45	45	6.244168e+00
20	46	-3.358985e-02
46	46	4.635513e-01
47	46	-4.299614e-01
46	47	-4.299614e-01
47	47	9.777896e-01
48	47	-5.478281e-01
31	48	-1.818182e-01
47	48	-5.478281e-01
48	48	7.296463e-01
19	49	-1.996741e+00
41	49	-3.780147e+00
49	49	5.776888e+00
18	50	-2.020280e+00
44	50	-4.100142e-01
50	50	2.430294e+00
18	51	-2.969800e+00
51	51	9.054238e+01
52	51	-8.757258e+01
1	52	-7.268076e+00
51	52	-8.757258e+01
52	52	9.484065e+01
17	53	-3.456345e-01
53	53	2.538872e+00
54	53	-2.193237e+00
53	54	-2.193237e+00
54	54	2.240296e+00
55	54	-4.705882e-02
16	55	-1.818182e-01
54	55	-4.705882e-02
55	55	2.288770e-01
17	56	-5.702750e+01
22	56	-4.866559e+00
56	56	6.189406e+01
57	57	8.105876e+00
58	57	-1.412928e+00
66	57	-6.692948e+00
12	58	-8.720449e-02
57	58	-1.412928e+00
58	58	1.500133e+00
59	59	4.759402e+00
60	59	-1.412928e+00
61	59	-3.346474e+00
59	60	-1.412928e+00
60	60	8.105876e+00
66	60	-6.692948e+00
13	61	-1.792940e-01
59	61	-3.346474e+00
61	61	3.525768e+00
15	62	-7.691479e-01
31	62	-4.586399e+00
62	62	5.355547e+00
35	63	-3.767457e+00
36	63	-4.412771e+00
63	63	8.180228e+00
5	64	-2.756735e+00
14	64	-7.271511e+00
64	64	1.002825e+01
10	65	-1.069119e-02
16	65	-4.586399e+00
65	65	4.597090e+00
37	66	-1.363637e-02
57	66	-6.692948e+00
60	66	-6.692948e+00
66	66	1.339953e+01
6	67	-9.090909e-02
9	67	-1.001131e+01
67	67	1.010222e+01
2	68	-7.271511e+00
4	68	-2.340605e+00
68	68	9.612116e+00
3	69	-9.090909e-02
24	69	-8.534826e+00
43	69	-7.112325e+00
69	69	1.573806e+01
14	70	-4.004517e+01
70	70	4.013608e+01
71	70	-9.090909e-02
25	71	-7.247900e+00
70	71	-9.090909e-02
71	71	7.338809e+00
