1	1	1.352710e+01
2	1	-9.090909e-02
52	1	-6.218093e+00
54	1	-6.218093e+00
1	2	-9.090909e-02
2	2	2.024529e+01
76	2	-2.015438e+01
3	3	5.848028e+00
55	3	-5.757119e+00
89	3	-9.090909e-02
4	4	5.844351e+00
5	4	-9.090909e-02
40	4	-5.753442e+00
4	5	-9.090909e-02
5	5	1.010222e+01
88	5	-1.001131e+01
6	6	1.002495e+01
47	6	-1.363637e-02
89	6	-1.001131e+01
7	7	5.171022e+00
63	7	-5.080113e+00
85	7	-9.090909e-02
8	8	1.191187e+01
9	8	-9.090909e-02
56	8	-5.910480e+00
62	8	-5.910480e+00
8	9	-9.090909e-02
9	9	5.147799e+00
19	9	-5.056890e+00
10	10	5.116515e+00
11	10	-9.090909e-02
25	10	-5.025605e+00
10	11	-9.090909e-02
11	11	1.036648e+01
82	11	-1.027557e+01
12	12	1.103752e+01
73	12	-1.094661e+01
84	12	-9.090909e-02
13	13	1.103752e+01
66	13	-1.094661e+01
83	13	-9.090909e-02
14	14	1.025114e+01
46	14	-9.090909e-02
67	14	-5.080113e+00
71	14	-5.080113e+00
15	15	1.005253e+01
30	15	-9.090909e-03
85	15	-1.004344e+01
16	16	1.005253e+01
29	16	-9.090909e-03
84	16	-1.004344e+01
17	17	8.555330e+00
31	17	-2.727270e-02
83	17	-8.528057e+00
18	18	3.222448e+00
75	18	-3.153152e+00
80	18	-6.929671e-02
9	19	-5.056890e+00
19	19	5.182007e+00
78	19	-1.251175e-01
20	20	1.040083e+01
77	20	-1.033787e+01
78	20	-6.295762e-02
21	21	9.019882e+00
41	21	-1.158757e-01
76	21	-8.904006e+00
22	22	5.945995e+00
70	22	-1.605510e+00
72	22	-4.340485e+00
23	23	1.798153e+00
64	23	-1.605510e+00
67	23	-1.926433e-01
24	24	6.533977e+00
61	24	-2.193492e+00
63	24	-4.340485e+00
10	25	-5.025605e+00
25	25	5.207617e+00
56	25	-1.820118e-01
26	26	2.447330e+00
53	26	-2.037315e+00
55	26	-4.100142e-01
27	27	4.976886e+00
39	27	-4.961376e+00
51	27	-1.551022e-02
28	28	5.143194e+00
50	28	-1.818182e-01
51	28	-4.961376e+00
16	29	-9.090909e-03
29	29	9.090909e-03
15	30	-9.090909e-03
30	30	9.090909e-03
17	31	-2.727270e-02
31	31	2.727270e-02
32	32	2.727270e-02
82	32	-2.727270e-02
33	33	2.480362e-02
87	33	-2.480362e-02
34	34	1.082251e-02
86	34	-1.082251e-02
35	35	2.368146e-01
36	35	-1.818182e-01
50	35	-5.499643e-02
35	36	-1.818182e-01
36	36	3.305100e+00
75	36	-3.123282e+00
37	37	2.805375e+00
49	37	-1.818182e-01
74	37	-2.623556e+00
38	38	1.841412e+00
39	38	-1.818182e-01
49	38	-1.659594e+00
27	39	-4.961376e+00
38	39	-1.818182e-01
39	39	5.143194e+00
4	40	-5.753442e+00
40	40	6.798372e+00
52	40	-1.044930e+00
21	41	-1.158757e-01
41	41	3.172456e+00
42	41	-3.056580e+00
41	42	-3.056580e+00
42	42	3.258371e+00
43	42	-2.017911e-01
42	43	-2.017911e-01
43	43	1.611761e+00
74	43	-1.409970e+00
44	44	9.166064e+00
79	44	-5.398606e+00
81	44	-3.767457e+00
45	45	8.120877e+00
77	45	-4.038495e+00
81	45	-4.082382e+00
14	46	-9.090909e-02
46	46	1.010222e+01
77	46	-1.001131e+01
6	47	-1.363637e-02
47	47	2.080483e-02
87	47	-7.168459e-03
48	48	3.123169e-02
86	48	-1.759532e-02
88	48	-1.363637e-02
37	49	-1.818182e-01
38	49	-1.659594e+00
49	49	1.841412e+00
28	50	-1.818182e-01
35	50	-5.499643e-02
50	50	2.368146e-01
27	51	-1.551022e-02
28	51	-4.961376e+00
51	51	4.976886e+00
1	52	-6.218093e+00
40	52	-1.044930e+00
52	52	7.263023e+00
26	53	-2.037315e+00
53	53	3.304632e+00
54	53	-1.267316e+00
1	54	-6.218093e+00
53	54	-1.267316e+00
54	54	7.485410e+00
3	55	-5.757119e+00
26	55	-4.100142e-01
55	55	6.167133e+00
8	56	-5.910480e+00
25	56	-1.820118e-01
56	56	6.092492e+00
57	57	2.719223e+00
58	57	-2.183030e+00
59	57	-5.361930e-01
57	58	-2.183030e+00
58	58	2.491658e+00
62	58	-3.086286e-01
57	59	-5.361930e-01
59	59	2.728772e+00
60	59	-2.192579e+00
59	60	-2.192579e+00
60	60	2.437563e+00
61	60	-2.449846e-01
24	61	-2.193492e+00
60	61	-2.449846e-01
61	61	2.438477e+00
8	62	-5.910480e+00
58	62	-3.086286e-01
62	62	6.219109e+00
7	63	-5.080113e+00
24	63	-4.340485e+00
63	63	9.420598e+00
23	64	-1.605510e+00
64	64	3.315397e+00
65	64	-1.709887e+00
64	65	-1.709887e+00
65	65	5.821239e+00
66	65	-4.111352e+00
13	66	-1.094661e+01
65	66	-4.111352e+00
66	66	1.505796e+01
14	67	-5.080113e+00
23	67	-1.926433e-01
67	67	5.272757e+00
68	68	1.707284e+00
69	68	-1.605510e+00
70	68	-1.017738e-01
68	69	-1.605510e+00
69	69	2.289257e+00
71	69	-6.837467e-01
22	70	-1.605510e+00
68	70	-1.017738e-01
70	70	1.707284e+00
14	71	-5.080113e+00
69	71	-6.837467e-01
71	71	5.763860e+00
22	72	-4.340485e+00
72	72	8.451837e+00
73	72	-4.111352e+00
12	73	-1.094661e+01
72	73	-4.111352e+00
73	73	1.505796e+01
37	74	-2.623556e+00
43	74	-1.409970e+00
74	74	4.033526e+00
18	75	-3.153152e+00
36	75	-3.123282e+00
75	75	6.276434e+00
2	76	-2.015438e+01
21	76	-8.904006e+00
76	76	2.905839e+01
20	77	-1.033787e+01
45	77	-4.038495e+00
46	77	-1.001131e+01
77	77	2.438768e+01
19	78	-1.251175e-01
20	78	-6.295762e-02
78	78	1.880751e-01
44	79	-5.398606e+00
79	79	7.070841e+00
80	79	-1.672235e+00
18	80	-6.929671e-02
79	80	-1.672235e+00
80	80	1.741532e+00
44	81	-3.767457e+00
45	81	-4.082382e+00
81	81	7.849840e+00
11	82	-1.027557e+01
32	82	-2.727270e-02
82	82	1.030284e+01
13	83	-9.090909e-02
17	83	-8.528057e+00
83	83	8.618966e+00
12	84	-9.090909e-02
16	84	-1.004344e+01
84	84	1.013435e+01
7	85	-9.090909e-02
15	85	-1.004344e+01
85	85	1.013435e+01
34	86	-1.082251e-02
48	86	-1.759532e-02
86	86	2.841783e-02
33	87	-2.480362e-02
47	87	-7.168459e-03
87	87	3.197208e-02
5	88	-1.001131e+01
48	88	-1.363637e-02
88	88	1.002495e+01
3	89	-9.090909e-02
6	89	-1.001131e+01
89	89	1.010222e+01
