1	1	6.171022e+00
99	1	-5.080113e+00
134	1	-9.090909e-02
2	2	5.171022e+00
27	2	-5.080113e+00
133	2	-9.090909e-02
3	3	1.612939e+01
68	3	-1.363637e-02
133	3	-1.611575e+01
4	4	2.080483e-02
5	4	-1.363637e-02
77	4	-7.168459e-03
4	5	-1.363637e-02
5	5	9.096371e+00
134	5	-9.082735e+00
6	6	6.309002e+00
101	6	-6.218093e+00
132	6	-9.090909e-02
7	7	6.309002e+00
26	7	-6.218093e+00
131	7	-9.090909e-02
8	8	2.080483e-02
9	8	-1.363637e-02
78	8	-7.168459e-03
8	9	-1.363637e-02
9	9	1.002495e+01
132	9	-1.001131e+01
10	10	6.087119e+00
11	10	-9.090909e-02
37	10	-5.996210e+00
10	11	-9.090909e-02
11	11	1.010222e+01
128	11	-1.001131e+01
12	12	6.087119e+00
13	12	-9.090909e-02
85	12	-5.996210e+00
12	13	-9.090909e-02
13	13	5.176888e+00
23	13	-5.085978e+00
14	14	2.976540e-02
73	14	-1.612903e-02
129	14	-1.363637e-02
15	15	2.080483e-02
76	15	-7.168459e-03
128	15	-1.363637e-02
16	16	1.103752e+01
92	16	-1.094661e+01
127	16	-9.090909e-02
17	17	1.103752e+01
66	17	-9.090909e-02
94	17	-1.094661e+01
18	18	8.555330e+00
40	18	-2.727270e-02
127	18	-8.528057e+00
19	19	8.779912e-01
41	19	-9.090909e-03
125	19	-8.689003e-01
20	20	1.572122e+00
50	20	-1.425517e+00
119	20	-1.466050e-01
21	21	5.317730e+00
124	21	-2.317513e-01
131	21	-5.085978e+00
22	22	4.097397e+00
64	22	-5.890253e-02
66	22	-4.038495e+00
13	23	-5.085978e+00
23	23	5.317730e+00
108	23	-2.317513e-01
24	24	1.572122e+00
103	24	-1.425517e+00
113	24	-1.466050e-01
25	25	1.032483e+01
104	25	-8.028517e+00
115	25	-2.296317e+00
7	26	-6.218093e+00
26	26	6.283176e+00
101	26	-6.508213e-02
2	27	-5.080113e+00
27	27	5.253492e+00
99	27	-1.733790e-01
28	28	2.403829e+00
97	28	-5.273538e-02
98	28	-2.351093e+00
29	29	5.956351e+00
30	29	-1.880873e+00
84	29	-4.075478e+00
29	30	-1.880873e+00
30	30	5.956351e+00
98	30	-4.075478e+00
31	31	5.956351e+00
58	31	-1.880873e+00
96	31	-4.075478e+00
32	32	4.768217e+00
95	32	-1.818182e-01
114	32	-4.586399e+00
33	33	1.257202e+00
95	33	-8.026520e-02
96	33	-1.176937e+00
34	34	3.167272e+00
90	34	-1.595960e+00
93	34	-1.571312e+00
35	35	4.229558e-01
57	35	-1.818182e-01
86	35	-2.411376e-01
36	36	3.163128e+00
86	36	-1.818182e-01
102	36	-2.981310e+00
10	37	-5.996210e+00
37	37	6.061697e+00
85	37	-6.548617e-02
38	38	3.479924e+00
79	38	-3.410944e+00
80	38	-6.898074e-02
39	39	1.428838e+01
53	39	-1.818182e-01
69	39	-1.410656e+01
18	40	-2.727270e-02
40	40	2.727270e-02
19	41	-9.090909e-03
41	41	6.363631e-02
65	41	-2.727270e-02
125	41	-2.727270e-02
42	42	2.480362e-02
78	42	-2.480362e-02
43	43	2.480362e-02
77	43	-2.480362e-02
44	44	2.480362e-02
76	44	-2.480362e-02
45	45	5.411255e-03
75	45	-5.411255e-03
46	46	1.082251e-02
74	46	-1.082251e-02
47	47	5.411255e-03
73	47	-5.411255e-03
48	48	2.435538e-01
49	48	-1.818182e-01
71	48	-6.173564e-02
48	49	-1.818182e-01
49	49	4.768217e+00
117	49	-4.586399e+00
20	50	-1.425517e+00
50	50	6.840024e+01
55	50	-9.090909e-02
72	50	-6.688382e+01
51	51	2.914686e+00
71	51	-1.818182e-01
105	51	-2.732868e+00
52	52	3.117621e+01
56	52	-2.960726e+00
80	52	-2.960726e+00
82	52	-2.525476e+01
39	53	-1.818182e-01
53	53	3.727415e+00
79	53	-3.545596e+00
54	54	3.727415e+00
81	54	-1.818182e-01
82	54	-3.545596e+00
50	55	-9.090909e-02
55	55	5.139286e+00
83	55	-1.818182e-01
100	55	-4.866559e+00
52	56	-2.960726e+00
56	56	3.143335e+00
83	56	-1.826090e-01
35	57	-1.818182e-01
57	57	4.768217e+00
63	57	-4.586399e+00
31	58	-1.880873e+00
58	58	5.956351e+00
97	58	-4.075478e+00
59	59	3.072219e+00
60	59	-9.090909e-02
72	59	-2.981310e+00
59	60	-9.090909e-02
60	60	3.852655e+00
100	60	-3.761746e+00
61	61	3.282796e+00
62	61	-3.102218e+00
116	61	-1.805775e-01
61	62	-3.102218e+00
62	62	3.514962e+00
117	62	-4.127439e-01
57	63	-4.586399e+00
63	63	4.922291e+00
114	63	-3.358928e-01
22	64	-5.890253e-02
64	64	1.465242e+00
106	64	-1.406339e+00
41	65	-2.727270e-02
65	65	3.722260e+01
66	65	-3.719532e+01
17	66	-9.090909e-02
22	66	-4.038495e+00
65	66	-3.719532e+01
66	66	4.578648e+01
126	66	-4.461756e+00
67	67	2.976540e-02
75	67	-1.612903e-02
130	67	-1.363637e-02
3	68	-1.363637e-02
68	68	3.123169e-02
74	68	-1.759532e-02
39	69	-1.410656e+01
69	69	1.424658e+01
70	69	-1.400178e-01
69	70	-1.400178e-01
70	70	2.384924e-01
84	70	-9.847463e-02
48	71	-6.173564e-02
51	71	-1.818182e-01
71	71	3.064866e+00
81	71	-2.821312e+00
50	72	-6.688382e+01
59	72	-2.981310e+00
72	72	6.986513e+01
14	73	-1.612903e-02
47	73	-5.411255e-03
73	73	2.154029e-02
46	74	-1.082251e-02
68	74	-1.759532e-02
74	74	2.841783e-02
45	75	-5.411255e-03
67	75	-1.612903e-02
75	75	2.154029e-02
15	76	-7.168459e-03
44	76	-2.480362e-02
76	76	3.197208e-02
4	77	-7.168459e-03
43	77	-2.480362e-02
77	77	3.197208e-02
8	78	-7.168459e-03
42	78	-2.480362e-02
78	78	3.197208e-02
38	79	-3.410944e+00
53	79	-3.545596e+00
79	79	6.956540e+00
38	80	-6.898074e-02
52	80	-2.960726e+00
80	80	3.029707e+00
54	81	-1.818182e-01
71	81	-2.821312e+00
81	81	3.003130e+00
52	82	-2.525476e+01
54	82	-3.545596e+00
82	82	2.880035e+01
55	83	-1.818182e-01
56	83	-1.826090e-01
83	83	3.644272e-01
29	84	-4.075478e+00
70	84	-9.847463e-02
84	84	4.173952e+00
12	85	-5.996210e+00
37	85	-6.548617e-02
85	85	6.061697e+00
35	86	-2.411376e-01
36	86	-1.818182e-01
86	86	4.229558e-01
87	87	3.363685e+00
88	87	-1.767725e+00
89	87	-1.595960e+00
87	88	-1.767725e+00
88	88	5.490579e+01
91	88	-5.313807e+01
87	89	-1.595960e+00
89	89	1.805340e+00
90	89	-2.093798e-01
34	90	-1.595960e+00
89	90	-2.093798e-01
90	90	1.805340e+00
88	91	-5.313807e+01
91	91	5.724942e+01
92	91	-4.111352e+00
16	92	-1.094661e+01
91	92	-4.111352e+00
92	92	1.505796e+01
34	93	-1.571312e+00
93	93	5.682663e+00
94	93	-4.111352e+00
17	94	-1.094661e+01
93	94	-4.111352e+00
94	94	1.505796e+01
32	95	-1.818182e-01
33	95	-8.026520e-02
95	95	2.620834e-01
31	96	-4.075478e+00
33	96	-1.176937e+00
96	96	5.252415e+00
28	97	-5.273538e-02
58	97	-4.075478e+00
97	97	4.128213e+00
28	98	-2.351093e+00
30	98	-4.075478e+00
98	98	6.426571e+00
1	99	-5.080113e+00
27	99	-1.733790e-01
99	99	5.253492e+00
55	100	-4.866559e+00
60	100	-3.761746e+00
100	100	8.628305e+00
6	101	-6.218093e+00
26	101	-6.508213e-02
101	101	6.283176e+00
36	102	-2.981310e+00
102	102	6.986513e+01
103	102	-6.688382e+01
24	103	-1.425517e+00
102	103	-6.688382e+01
103	103	6.830933e+01
25	104	-8.028517e+00
104	104	3.488814e+01
133	104	-2.685963e+01
51	105	-2.732868e+00
105	105	1.417838e+02
106	105	-1.390509e+02
64	106	-1.406339e+00
105	106	-1.390509e+02
106	106	1.404573e+02
107	107	2.335699e+00
108	107	-1.470452e+00
109	107	-8.652465e-01
23	108	-2.317513e-01
107	108	-1.470452e+00
108	108	1.702203e+00
107	109	-8.652465e-01
109	109	4.783082e+00
110	109	-3.917835e+00
109	110	-3.917835e+00
110	110	1.055173e+01
129	110	-6.633895e+00
111	111	7.294753e+00
112	111	-3.917835e+00
113	111	-3.376918e+00
111	112	-3.917835e+00
112	112	1.055173e+01
129	112	-6.633895e+00
24	113	-1.466050e-01
111	113	-3.376918e+00
113	113	3.523523e+00
32	114	-4.586399e+00
63	114	-3.358928e-01
114	114	4.922291e+00
25	115	-2.296317e+00
115	115	5.643810e+00
116	115	-3.347493e+00
61	116	-1.805775e-01
115	116	-3.347493e+00
116	116	3.528071e+00
49	117	-4.586399e+00
62	117	-4.127439e-01
117	117	4.999142e+00
118	118	7.294753e+00
119	118	-3.376918e+00
120	118	-3.917835e+00
20	119	-1.466050e-01
118	119	-3.376918e+00
119	119	3.523523e+00
118	120	-3.917835e+00
120	120	1.055173e+01
130	120	-6.633895e+00
121	121	4.783082e+00
122	121	-3.917835e+00
123	121	-8.652465e-01
121	122	-3.917835e+00
122	122	1.055173e+01
130	122	-6.633895e+00
121	123	-8.652465e-01
123	123	2.335699e+00
124	123	-1.470452e+00
21	124	-2.317513e-01
123	124	-1.470452e+00
124	124	1.702203e+00
19	125	-8.689003e-01
41	125	-2.727270e-02
125	125	1.645815e+00
126	125	-7.496420e-01
66	126	-4.461756e+00
125	126	-7.496420e-01
126	126	5.211398e+00
16	127	-9.090909e-02
18	127	-8.528057e+00
127	127	8.618966e+00
11	128	-1.001131e+01
15	128	-1.363637e-02
128	128	1.002495e+01
14	129	-1.363637e-02
110	129	-6.633895e+00
112	129	-6.633895e+00
129	129	1.328143e+01
67	130	-1.363637e-02
120	130	-6.633895e+00
122	130	-6.633895e+00
130	130	1.328143e+01
7	131	-9.090909e-02
21	131	-5.085978e+00
131	131	5.176888e+00
6	132	-9.090909e-02
9	132	-1.001131e+01
132	132	1.010222e+01
2	133	-9.090909e-02
3	133	-1.611575e+01
104	133	-2.685963e+01
133	133	4.306629e+01
1	134	-9.090909e-02
5	134	-9.082735e+00
134	134	9.173644e+00
