1	1	8.358985e+00
2	1	-9.090909e-02
35	1	-7.268076e+00
1	2	-9.090909e-02
2	2	7.362420e+00
52	2	-7.271511e+00
3	3	1.169722e+01
4	3	-9.090909e-02
31	3	-5.803157e+00
33	3	-5.803157e+00
3	4	-9.090909e-02
4	4	5.176888e+00
17	4	-5.085978e+00
5	5	2.237096e+00
26	5	-9.090909e-03
52	5	-2.228005e+00
6	6	2.765826e+00
28	6	-9.090909e-03
40	6	-2.756735e+00
7	7	5.916208e+00
23	7	-5.825299e+00
51	7	-9.090909e-02
8	8	5.912478e+00
9	8	-9.090909e-02
36	8	-5.821569e+00
8	9	-9.090909e-02
9	9	5.176888e+00
12	9	-5.085978e+00
10	10	5.171022e+00
11	10	-9.090909e-02
39	10	-5.080113e+00
10	11	-9.090909e-02
11	11	9.974383e+00
48	11	-9.883474e+00
9	12	-5.085978e+00
12	12	5.213553e+00
42	12	-1.275746e-01
13	13	1.876549e+01
45	13	-1.869631e+00
46	13	-1.689586e+01
14	14	6.087318e+00
15	14	-1.001340e+00
51	14	-5.085978e+00
14	15	-1.001340e+00
15	15	4.057920e+00
16	15	-3.056580e+00
15	16	-3.056580e+00
16	16	3.228889e+00
17	16	-1.723086e-01
4	17	-5.085978e+00
16	17	-1.723086e-01
17	17	5.258287e+00
18	18	4.731668e+01
40	18	-7.271511e+00
53	18	-4.004517e+01
19	19	1.977514e+00
37	19	-1.867159e+00
39	19	-1.103546e-01
20	20	4.990080e+00
32	20	-2.020280e+00
34	20	-2.969800e+00
21	21	2.456399e+00
30	21	-2.006706e+00
31	21	-4.496929e-01
22	22	8.968053e+01
38	22	-8.298893e+01
50	22	-6.691604e+00
7	23	-5.825299e+00
23	23	5.916740e+00
36	23	-9.144111e-02
24	24	9.482384e+01
29	24	-8.757258e+01
54	24	-7.251264e+00
25	25	9.090909e-03
48	25	-9.090909e-03
5	26	-9.090909e-03
26	26	9.090909e-03
27	27	9.090909e-03
47	27	-9.090909e-03
6	28	-9.090909e-03
28	28	9.090909e-03
24	29	-8.757258e+01
29	29	9.133432e+01
30	29	-3.761746e+00
21	30	-2.006706e+00
29	30	-3.761746e+00
30	30	5.768452e+00
3	31	-5.803157e+00
21	31	-4.496929e-01
31	31	6.252850e+00
20	32	-2.020280e+00
32	32	2.430294e+00
33	32	-4.100142e-01
3	33	-5.803157e+00
32	33	-4.100142e-01
33	33	6.213171e+00
20	34	-2.969800e+00
34	34	9.054238e+01
35	34	-8.757258e+01
1	35	-7.268076e+00
34	35	-8.757258e+01
35	35	9.484065e+01
8	36	-5.821569e+00
23	36	-9.144111e-02
36	36	5.913010e+00
19	37	-1.867159e+00
37	37	2.483090e+00
38	37	-6.159304e-01
22	38	-8.298893e+01
37	38	-6.159304e-01
38	38	8.360486e+01
10	39	-5.080113e+00
19	39	-1.103546e-01
39	39	5.190468e+00
6	40	-2.756735e+00
18	40	-7.271511e+00
40	40	1.002825e+01
41	41	2.545807e+00
42	41	-2.045136e+00
43	41	-5.006709e-01
12	42	-1.275746e-01
41	42	-2.045136e+00
42	42	2.172711e+00
41	43	-5.006709e-01
43	43	1.908344e+00
44	43	-1.407674e+00
43	44	-1.407674e+00
44	44	2.004293e+00
45	44	-5.966196e-01
13	45	-1.869631e+00
44	45	-5.966196e-01
45	45	2.466250e+00
13	46	-1.689586e+01
46	46	2.443029e+01
49	46	-7.534432e+00
27	47	-9.090909e-03
47	47	8.485319e+00
49	47	-8.476228e+00
11	48	-9.883474e+00
25	48	-9.090909e-03
48	48	9.892565e+00
46	49	-7.534432e+00
47	49	-8.476228e+00
49	49	1.610157e+01
50	49	-9.090909e-02
22	50	-6.691604e+00
49	50	-9.090909e-02
50	50	6.782513e+00
7	51	-9.090909e-02
14	51	-5.085978e+00
51	51	5.176888e+00
2	52	-7.271511e+00
5	52	-2.228005e+00
52	52	9.499516e+00
18	53	-4.004517e+01
53	53	4.013608e+01
54	53	-9.090909e-02
24	54	-7.251264e+00
53	54	-9.090909e-02
54	54	7.342173e+00
