1	1	1.352710e+01
2	1	-9.090909e-02
64	1	-6.218093e+00
74	1	-6.218093e+00
1	2	-9.090909e-02
2	2	2.024529e+01
103	2	-2.015438e+01
3	3	5.848028e+00
75	3	-5.757119e+00
120	3	-9.090909e-02
4	4	5.844351e+00
5	4	-9.090909e-02
45	4	-5.753442e+00
4	5	-9.090909e-02
5	5	1.010222e+01
119	5	-1.001131e+01
6	6	1.002495e+01
58	6	-1.363637e-02
120	6	-1.001131e+01
7	7	6.309002e+00
8	7	-9.090909e-02
30	7	-6.218093e+00
7	8	-9.090909e-02
8	8	5.104772e+00
21	8	-5.013863e+00
9	9	1.200525e+01
10	9	-9.090909e-02
38	9	-5.957168e+00
70	9	-5.957168e+00
9	10	-9.090909e-02
10	10	5.104772e+00
20	10	-5.013863e+00
11	11	6.048361e+00
72	11	-5.957452e+00
117	11	-9.090909e-02
12	12	2.928185e+01
13	12	-9.090909e-02
63	12	-2.919094e+01
12	13	-9.090909e-02
13	13	1.010222e+01
114	13	-1.001131e+01
14	14	3.123169e-02
15	14	-1.363637e-02
61	14	-1.759532e-02
14	15	-1.363637e-02
15	15	6.706584e+00
100	15	-6.692948e+00
16	16	8.555330e+00
39	16	-2.727270e-02
112	16	-8.528057e+00
17	17	1.645815e+00
40	17	-2.727270e-02
108	17	-7.496420e-01
109	17	-8.689003e-01
18	18	1.465242e+00
49	18	-1.406339e+00
107	18	-5.890253e-02
19	19	4.609696e+00
47	19	-4.586399e+00
106	19	-2.329721e-02
10	20	-5.013863e+00
20	20	5.048587e+00
21	20	-3.472391e-02
8	21	-5.013863e+00
20	21	-3.472391e-02
21	21	5.048587e+00
22	22	9.070896e+00
102	22	-1.668900e-01
103	22	-8.904006e+00
23	23	1.177893e+01
99	23	-6.692948e+00
117	23	-5.085978e+00
24	24	5.508926e+01
95	24	-1.763320e+00
97	24	-5.332594e+01
25	25	5.204002e+00
48	25	-1.128524e+00
91	25	-4.075478e+00
26	26	2.268016e+00
88	26	-2.196861e+00
90	26	-7.115564e-02
27	27	1.207617e+00
28	27	-1.818182e-01
84	27	-1.025799e+00
27	28	-1.818182e-01
28	28	4.768217e+00
106	28	-4.586399e+00
29	29	2.146648e+01
81	29	-2.376285e+00
83	29	-1.909020e+01
7	30	-6.218093e+00
30	30	6.313408e+00
77	30	-9.531435e-02
31	31	2.151276e-01
47	31	-1.818182e-01
76	31	-3.330946e-02
32	32	2.447330e+00
73	32	-2.037315e+00
75	32	-4.100142e-01
33	33	2.373355e+00
69	33	-2.193492e+00
70	33	-1.798623e-01
34	34	1.505796e+01
97	34	-4.111352e+00
113	34	-1.094661e+01
35	35	1.505796e+01
96	35	-4.111352e+00
111	35	-1.094661e+01
36	36	3.512731e+01
66	36	-2.821312e+00
83	36	-3.230600e+01
37	37	3.512731e+01
65	37	-2.821312e+00
82	37	-3.230600e+01
9	38	-5.957168e+00
38	38	6.202153e+00
72	38	-2.449846e-01
16	39	-2.727270e-02
39	39	2.727270e-02
17	40	-2.727270e-02
40	40	6.363631e-02
55	40	-2.727270e-02
109	40	-9.090909e-03
41	41	2.480362e-02
116	41	-2.480362e-02
42	42	1.240182e-02
61	42	-1.240182e-02
43	43	1.082251e-02
115	43	-1.082251e-02
44	44	5.411255e-03
60	44	-5.411255e-03
4	45	-5.753442e+00
45	45	6.798372e+00
64	45	-1.044930e+00
46	46	3.305100e+00
76	46	-1.818182e-01
98	46	-3.123282e+00
19	47	-4.586399e+00
31	47	-1.818182e-01
47	47	4.768217e+00
25	48	-1.128524e+00
48	48	5.204002e+00
90	48	-4.075478e+00
18	49	-1.406339e+00
49	49	1.588157e+00
50	49	-1.818182e-01
49	50	-1.818182e-01
50	50	1.793996e+00
91	50	-1.612178e+00
51	51	1.617582e+00
101	51	-1.321053e+00
102	51	-2.965291e-01
52	52	5.180386e+00
104	52	-1.412928e+00
105	52	-3.767457e+00
53	53	3.504966e+00
98	53	-3.153152e+00
104	53	-3.518141e-01
54	54	8.233293e+00
101	54	-4.150911e+00
105	54	-4.082382e+00
40	55	-2.727270e-02
55	55	3.722260e+01
110	55	-3.719532e+01
56	56	2.976540e-02
60	56	-1.612903e-02
114	56	-1.363637e-02
57	57	6.309002e+00
77	57	-6.218093e+00
118	57	-9.090909e-02
6	58	-1.363637e-02
58	58	2.080483e-02
116	58	-7.168459e-03
59	59	3.123169e-02
115	59	-1.759532e-02
119	59	-1.363637e-02
44	60	-5.411255e-03
56	60	-1.612903e-02
60	60	2.154029e-02
14	61	-1.759532e-02
42	61	-1.240182e-02
61	61	2.999714e-02
62	62	2.163655e+01
63	62	-1.752520e+01
71	62	-4.111352e+00
12	63	-2.919094e+01
62	63	-1.752520e+01
63	63	4.671614e+01
1	64	-6.218093e+00
45	64	-1.044930e+00
64	64	7.263023e+00
37	65	-2.821312e+00
65	65	3.512731e+01
84	65	-3.230600e+01
36	66	-2.821312e+00
66	66	3.512731e+01
89	66	-3.230600e+01
67	67	1.787678e+00
68	67	-1.605510e+00
69	67	-1.821679e-01
67	68	-1.605510e+00
68	68	1.683293e+00
71	68	-7.778288e-02
33	69	-2.193492e+00
67	69	-1.821679e-01
69	69	2.375660e+00
9	70	-5.957168e+00
33	70	-1.798623e-01
70	70	6.137030e+00
62	71	-4.111352e+00
68	71	-7.778288e-02
71	71	4.189135e+00
11	72	-5.957452e+00
38	72	-2.449846e-01
72	72	6.202436e+00
32	73	-2.037315e+00
73	73	3.304632e+00
74	73	-1.267316e+00
1	74	-6.218093e+00
73	74	-1.267316e+00
74	74	7.485410e+00
3	75	-5.757119e+00
32	75	-4.100142e-01
75	75	6.167133e+00
31	76	-3.330946e-02
46	76	-1.818182e-01
76	76	2.151276e-01
30	77	-9.531435e-02
57	77	-6.218093e+00
77	77	6.313408e+00
78	78	3.056035e+00
79	78	-2.193579e+00
80	78	-8.624556e-01
78	79	-2.193579e+00
79	79	2.250224e+00
82	79	-5.664503e-02
78	80	-8.624556e-01
80	80	3.054678e+00
81	80	-2.192223e+00
29	81	-2.376285e+00
80	81	-2.192223e+00
81	81	4.568508e+00
37	82	-3.230600e+01
79	82	-5.664503e-02
82	82	3.236265e+01
29	83	-1.909020e+01
36	83	-3.230600e+01
83	83	5.139620e+01
27	84	-1.025799e+00
65	84	-3.230600e+01
84	84	3.333180e+01
85	85	9.685901e+00
86	85	-6.325991e+00
87	85	-3.359910e+00
85	86	-6.325991e+00
86	86	2.051472e+01
89	86	-1.418872e+01
85	87	-3.359910e+00
87	87	4.747883e+00
88	87	-1.387973e+00
26	88	-2.196861e+00
87	88	-1.387973e+00
88	88	3.584834e+00
66	89	-3.230600e+01
86	89	-1.418872e+01
89	89	4.649473e+01
26	90	-7.115564e-02
48	90	-4.075478e+00
90	90	4.146633e+00
25	91	-4.075478e+00
50	91	-1.612178e+00
91	91	5.687656e+00
92	92	1.815667e+00
93	92	-1.605510e+00
94	92	-2.101564e-01
92	93	-1.605510e+00
93	93	3.172906e+00
96	93	-1.567396e+00
92	94	-2.101564e-01
94	94	1.815667e+00
95	94	-1.605510e+00
24	95	-1.763320e+00
94	95	-1.605510e+00
95	95	3.368830e+00
35	96	-4.111352e+00
93	96	-1.567396e+00
96	96	5.678748e+00
24	97	-5.332594e+01
34	97	-4.111352e+00
97	97	5.743729e+01
46	98	-3.123282e+00
53	98	-3.153152e+00
98	98	6.276434e+00
23	99	-6.692948e+00
99	99	8.105876e+00
100	99	-1.412928e+00
15	100	-6.692948e+00
99	100	-1.412928e+00
100	100	8.105876e+00
51	101	-1.321053e+00
54	101	-4.150911e+00
101	101	1.314120e+01
118	101	-7.669241e+00
22	102	-1.668900e-01
51	102	-2.965291e-01
102	102	4.634191e-01
2	103	-2.015438e+01
22	103	-8.904006e+00
103	103	2.905839e+01
52	104	-1.412928e+00
53	104	-3.518141e-01
104	104	1.764742e+00
52	105	-3.767457e+00
54	105	-4.082382e+00
105	105	7.849840e+00
19	106	-2.329721e-02
28	106	-4.586399e+00
106	106	4.609696e+00
18	107	-5.890253e-02
107	107	4.097397e+00
110	107	-4.038495e+00
17	108	-7.496420e-01
108	108	5.211398e+00
110	108	-4.461756e+00
17	109	-8.689003e-01
40	109	-9.090909e-03
109	109	8.779912e-01
55	110	-3.719532e+01
107	110	-4.038495e+00
108	110	-4.461756e+00
110	110	4.578648e+01
111	110	-9.090909e-02
35	111	-1.094661e+01
110	111	-9.090909e-02
111	111	1.103752e+01
16	112	-8.528057e+00
112	112	8.618966e+00
113	112	-9.090909e-02
34	113	-1.094661e+01
112	113	-9.090909e-02
113	113	1.103752e+01
13	114	-1.001131e+01
56	114	-1.363637e-02
114	114	1.002495e+01
43	115	-1.082251e-02
59	115	-1.759532e-02
115	115	2.841783e-02
41	116	-2.480362e-02
58	116	-7.168459e-03
116	116	3.197208e-02
11	117	-9.090909e-02
23	117	-5.085978e+00
117	117	5.176888e+00
57	118	-9.090909e-02
101	118	-7.669241e+00
118	118	7.760150e+00
5	119	-1.001131e+01
59	119	-1.363637e-02
119	119	1.002495e+01
3	120	-9.090909e-02
6	120	-1.001131e+01
120	120	1.010222e+01
