1	1	1.352710e+01
31	1	-6.218093e+00
53	1	-6.218093e+00
65	1	-9.090909e-02
2	2	5.848028e+00
3	2	-9.090909e-02
54	2	-5.757119e+00
2	3	-9.090909e-02
3	3	1.010222e+01
63	3	-1.001131e+01
4	4	5.844351e+00
40	4	-5.753442e+00
64	4	-9.090909e-02
5	5	1.002495e+01
39	5	-1.363637e-02
64	5	-1.001131e+01
6	6	1.252710e+01
45	6	-6.218093e+00
48	6	-6.218093e+00
62	6	-9.090909e-02
7	7	6.023550e+00
8	7	-9.090909e-02
41	7	-5.932641e+00
7	8	-9.090909e-02
8	8	5.176888e+00
22	8	-5.085978e+00
9	9	1.060483e+01
42	9	-5.256960e+00
46	9	-5.256960e+00
61	9	-9.090909e-02
10	10	6.309002e+00
11	10	-9.090909e-02
49	10	-6.218093e+00
10	11	-9.090909e-02
11	11	5.176888e+00
20	11	-5.085978e+00
12	12	5.171022e+00
27	12	-5.080113e+00
60	12	-9.090909e-02
13	13	1.135318e+01
26	13	-5.631138e+00
50	13	-5.631138e+00
59	13	-9.090909e-02
14	14	5.171022e+00
51	14	-5.080113e+00
58	14	-9.090909e-02
15	15	9.892565e+00
33	15	-9.090909e-03
61	15	-9.883474e+00
16	16	9.892565e+00
32	16	-9.090909e-03
60	16	-9.883474e+00
17	17	8.767346e+00
35	17	-9.090909e-03
62	17	-8.758255e+00
18	18	9.381162e+00
34	18	-9.090909e-03
58	18	-9.372071e+00
19	19	9.019882e+00
23	19	-1.158757e-01
55	19	-8.904006e+00
11	20	-5.085978e+00
20	20	5.211442e+00
21	20	-1.254634e-01
20	21	-1.254634e-01
21	21	5.211442e+00
59	21	-5.085978e+00
8	22	-5.085978e+00
22	22	5.277571e+00
24	22	-1.915922e-01
19	23	-1.158757e-01
23	23	3.172456e+00
24	23	-3.056580e+00
22	24	-1.915922e-01
23	24	-3.056580e+00
24	24	3.248173e+00
25	25	3.319730e+00
52	25	-2.037315e+00
53	25	-1.282415e+00
13	26	-5.631138e+00
26	26	5.968528e+00
51	26	-3.373899e-01
12	27	-5.080113e+00
27	27	5.424075e+00
50	27	-3.439618e-01
28	28	2.660627e+00
47	28	-2.178350e+00
49	28	-4.822763e-01
29	29	3.039084e+01
43	29	-2.177719e+00
45	29	-2.821312e+01
30	30	3.618076e+00
41	30	-2.685313e-01
42	30	-3.349545e+00
1	31	-6.218093e+00
31	31	7.250721e+00
40	31	-1.032628e+00
16	32	-9.090909e-03
32	32	9.090909e-03
15	33	-9.090909e-03
33	33	9.090909e-03
18	34	-9.090909e-03
34	34	9.090909e-03
17	35	-9.090909e-03
35	35	9.090909e-03
36	36	2.480362e-02
57	36	-2.480362e-02
37	37	1.082251e-02
56	37	-1.082251e-02
38	38	2.080483e-02
57	38	-7.168459e-03
63	38	-1.363637e-02
5	39	-1.363637e-02
39	39	3.123169e-02
56	39	-1.759532e-02
4	40	-5.753442e+00
31	40	-1.032628e+00
40	40	6.786070e+00
7	41	-5.932641e+00
30	41	-2.685313e-01
41	41	6.201172e+00
9	42	-5.256960e+00
30	42	-3.349545e+00
42	42	8.606505e+00
29	43	-2.177719e+00
43	43	2.260456e+00
44	43	-8.273625e-02
43	44	-8.273625e-02
44	44	1.518258e+00
46	44	-1.435521e+00
6	45	-6.218093e+00
29	45	-2.821312e+01
45	45	3.443122e+01
9	46	-5.256960e+00
44	46	-1.435521e+00
46	46	6.692482e+00
28	47	-2.178350e+00
47	47	2.230016e+00
48	47	-5.166570e-02
6	48	-6.218093e+00
47	48	-5.166570e-02
48	48	6.269759e+00
10	49	-6.218093e+00
28	49	-4.822763e-01
49	49	6.700370e+00
13	50	-5.631138e+00
27	50	-3.439618e-01
50	50	5.975100e+00
14	51	-5.080113e+00
26	51	-3.373899e-01
51	51	5.417503e+00
25	52	-2.037315e+00
52	52	2.447330e+00
54	52	-4.100142e-01
1	53	-6.218093e+00
25	53	-1.282415e+00
53	53	7.500508e+00
2	54	-5.757119e+00
52	54	-4.100142e-01
54	54	6.167133e+00
19	55	-8.904006e+00
55	55	2.905839e+01
65	55	-2.015438e+01
37	56	-1.082251e-02
39	56	-1.759532e-02
56	56	2.841783e-02
36	57	-2.480362e-02
38	57	-7.168459e-03
57	57	3.197208e-02
14	58	-9.090909e-02
18	58	-9.372071e+00
58	58	9.462980e+00
13	59	-9.090909e-02
21	59	-5.085978e+00
59	59	5.176888e+00
12	60	-9.090909e-02
16	60	-9.883474e+00
60	60	9.974383e+00
9	61	-9.090909e-02
15	61	-9.883474e+00
61	61	9.974383e+00
6	62	-9.090909e-02
17	62	-8.758255e+00
62	62	8.849164e+00
3	63	-1.001131e+01
38	63	-1.363637e-02
63	63	1.002495e+01
4	64	-9.090909e-02
5	64	-1.001131e+01
64	64	1.010222e+01
1	65	-9.090909e-02
55	65	-2.015438e+01
65	65	2.024529e+01
