1	1	8.342173e+00
2	1	-9.090909e-02
34	1	-7.251264e+00
1	2	-9.090909e-02
2	2	4.013608e+01
48	2	-4.004517e+01
3	3	7.362420e+00
53	3	-7.271511e+00
54	3	-9.090909e-02
4	4	1.169722e+01
30	4	-9.090909e-02
38	4	-5.803157e+00
41	4	-5.803157e+00
5	5	2.349696e+00
23	5	-9.090909e-03
53	5	-2.340605e+00
6	6	2.765826e+00
24	6	-9.090909e-03
47	6	-2.756735e+00
7	7	6.309002e+00
8	7	-9.090909e-02
19	7	-6.218093e+00
7	8	-9.090909e-02
8	8	1.010222e+01
52	8	-1.001131e+01
9	9	6.309002e+00
10	9	-9.090909e-02
35	9	-6.218093e+00
9	10	-9.090909e-02
10	10	5.113032e+00
12	10	-5.022122e+00
11	11	4.756823e+00
18	11	-4.586399e+00
50	11	-1.704248e-01
10	12	-5.022122e+00
12	12	5.109327e+00
43	12	-8.720449e-02
13	13	6.744450e+00
30	13	-5.085978e+00
49	13	-1.658471e+00
14	14	8.222680e+00
27	14	-7.406200e+00
46	14	-8.164798e-01
15	15	5.768452e+00
33	15	-3.761746e+00
40	15	-2.006706e+00
16	16	2.430294e+00
37	16	-2.020280e+00
38	16	-4.100142e-01
17	17	2.032432e-01
18	17	-1.818182e-01
36	17	-2.142502e-02
11	18	-4.586399e+00
17	18	-1.818182e-01
18	18	4.768217e+00
7	19	-6.218093e+00
19	19	6.244168e+00
35	19	-2.607494e-02
20	20	9.484065e+01
39	20	-8.757258e+01
54	20	-7.268076e+00
21	21	5.048377e+00
22	21	-1.818182e-01
36	21	-4.866559e+00
21	22	-1.818182e-01
22	22	2.061207e+00
27	22	-1.879388e+00
5	23	-9.090909e-03
23	23	9.090909e-03
6	24	-9.090909e-03
24	24	9.090909e-03
25	25	1.240182e-02
32	25	-1.240182e-02
26	26	5.411255e-03
31	26	-5.411255e-03
14	27	-7.406200e+00
22	27	-1.879388e+00
27	27	9.285589e+00
28	28	3.123169e-02
32	28	-1.759532e-02
51	28	-1.363637e-02
29	29	2.976540e-02
31	29	-1.612903e-02
52	29	-1.363637e-02
4	30	-9.090909e-02
13	30	-5.085978e+00
30	30	5.176888e+00
26	31	-5.411255e-03
29	31	-1.612903e-02
31	31	2.154029e-02
25	32	-1.240182e-02
28	32	-1.759532e-02
32	32	2.999714e-02
15	33	-3.761746e+00
33	33	9.133432e+01
34	33	-8.757258e+01
1	34	-7.251264e+00
33	34	-8.757258e+01
34	34	9.482384e+01
9	35	-6.218093e+00
19	35	-2.607494e-02
35	35	6.244168e+00
17	36	-2.142502e-02
21	36	-4.866559e+00
36	36	4.887984e+00
16	37	-2.020280e+00
37	37	4.990080e+00
39	37	-2.969800e+00
4	38	-5.803157e+00
16	38	-4.100142e-01
38	38	6.213171e+00
20	39	-8.757258e+01
37	39	-2.969800e+00
39	39	9.054238e+01
15	40	-2.006706e+00
40	40	2.456399e+00
41	40	-4.496929e-01
4	41	-5.803157e+00
40	41	-4.496929e-01
41	41	6.252850e+00
42	42	8.105876e+00
43	42	-1.412928e+00
51	42	-6.692948e+00
12	43	-8.720449e-02
42	43	-1.412928e+00
43	43	1.500133e+00
44	44	4.759402e+00
45	44	-1.412928e+00
46	44	-3.346474e+00
44	45	-1.412928e+00
45	45	8.105876e+00
51	45	-6.692948e+00
14	46	-8.164798e-01
44	46	-3.346474e+00
46	46	4.162954e+00
6	47	-2.756735e+00
47	47	1.002825e+01
48	47	-7.271511e+00
2	48	-4.004517e+01
47	48	-7.271511e+00
48	48	4.731668e+01
13	49	-1.658471e+00
49	49	3.736570e+00
50	49	-2.078099e+00
11	50	-1.704248e-01
49	50	-2.078099e+00
50	50	2.248524e+00
28	51	-1.363637e-02
42	51	-6.692948e+00
45	51	-6.692948e+00
51	51	1.339953e+01
8	52	-1.001131e+01
29	52	-1.363637e-02
52	52	1.002495e+01
3	53	-7.271511e+00
5	53	-2.340605e+00
53	53	9.612116e+00
3	54	-9.090909e-02
20	54	-7.268076e+00
54	54	7.358985e+00
