1	1	1.352710e+01
54	1	-6.218093e+00
109	1	-6.218093e+00
161	1	-9.090909e-02
2	2	5.848028e+00
3	2	-9.090909e-02
110	2	-5.757119e+00
2	3	-9.090909e-02
3	3	1.010222e+01
159	3	-1.001131e+01
4	4	5.844351e+00
89	4	-5.753442e+00
160	4	-9.090909e-02
5	5	1.002495e+01
78	5	-1.363637e-02
160	5	-1.001131e+01
6	6	6.309002e+00
70	6	-6.218093e+00
158	6	-9.090909e-02
7	7	6.309002e+00
114	7	-6.218093e+00
156	7	-9.090909e-02
8	8	1.164245e+01
42	8	-5.775773e+00
115	8	-5.775773e+00
155	8	-9.090909e-02
9	9	5.866682e+00
10	9	-9.090909e-02
116	9	-5.775773e+00
9	10	-9.090909e-02
10	10	5.176888e+00
27	10	-5.085978e+00
11	11	2.976540e-02
83	11	-1.612903e-02
152	11	-1.363637e-02
12	12	3.123169e-02
13	12	-1.363637e-02
85	12	-1.759532e-02
12	13	-1.363637e-02
13	13	6.706584e+00
132	13	-6.692948e+00
14	14	1.252710e+01
15	14	-9.090909e-02
58	14	-6.218093e+00
90	14	-6.218093e+00
14	15	-9.090909e-02
15	15	4.868238e+00
36	15	-4.777329e+00
16	16	6.309002e+00
86	16	-6.218093e+00
151	16	-9.090909e-02
17	17	6.309002e+00
53	17	-6.218093e+00
150	17	-9.090909e-02
18	18	1.002495e+01
75	18	-1.363637e-02
151	18	-1.001131e+01
19	19	3.123169e-02
20	19	-1.363637e-02
84	19	-1.759532e-02
19	20	-1.363637e-02
20	20	6.706584e+00
118	20	-6.692948e+00
21	21	8.849164e+00
144	21	-8.758255e+00
149	21	-9.090909e-02
22	22	9.769249e+00
23	22	-9.090909e-02
56	22	-4.839170e+00
106	22	-4.839170e+00
22	23	-9.090909e-02
23	23	9.454906e+00
146	23	-9.363997e+00
24	24	1.186263e+01
25	24	-9.090909e-02
88	24	-6.691604e+00
100	24	-5.080113e+00
24	25	-9.090909e-02
25	25	8.849164e+00
143	25	-8.758255e+00
26	26	1.183250e+01
103	26	-5.916250e+00
105	26	-5.916250e+00
10	27	-5.085978e+00
27	27	5.147191e+00
141	27	-6.121225e-02
28	28	5.099482e+00
134	28	-1.181123e-01
158	28	-4.981370e+00
29	29	5.024930e+00
139	29	-4.356046e-02
155	29	-4.981370e+00
30	30	5.337084e+00
131	30	-3.149616e-01
156	30	-5.022122e+00
31	31	8.625235e+00
74	31	-3.332045e+00
130	31	-5.293190e+00
32	32	4.831808e+00
71	32	-4.586399e+00
129	32	-2.454090e-01
33	33	5.174322e+00
126	33	-2.334643e-01
161	33	-4.940858e+00
34	34	5.507085e+00
40	34	-5.257154e-01
158	34	-4.981370e+00
35	35	4.635735e+00
41	35	-4.933643e-02
52	35	-4.586399e+00
15	36	-4.777329e+00
36	36	4.931393e+00
121	36	-1.540642e-01
37	37	3.255603e+00
72	37	-3.102218e+00
124	37	-1.533846e-01
38	38	8.112149e+00
119	38	-3.163296e+00
150	38	-4.948854e+00
39	39	6.972207e+00
81	39	-2.659985e+00
147	39	-4.312222e+00
34	40	-5.257154e-01
40	40	3.627933e+00
41	40	-3.102218e+00
35	41	-4.933643e-02
40	41	-3.102218e+00
41	41	3.151555e+00
8	42	-5.775773e+00
42	42	5.935285e+00
116	42	-1.595118e-01
43	43	2.289592e+00
113	43	-2.051000e+00
115	43	-2.385917e-01
44	44	3.319730e+00
108	44	-2.037315e+00
109	44	-1.282415e+00
45	45	4.429515e+00
104	45	-1.437447e+00
106	45	-2.992068e+00
46	46	5.797546e-01
102	46	-1.945718e-01
103	46	-3.851828e-01
47	47	2.412797e+00
87	47	-2.237222e-01
97	47	-2.189075e+00
48	48	6.792076e+00
95	48	-3.246479e+00
96	48	-3.545596e+00
49	49	5.864963e-01
80	49	-4.046781e-01
96	49	-1.818182e-01
50	50	2.438934e-01
71	50	-1.818182e-01
95	50	-6.207517e-02
51	51	2.687619e-01
52	51	-1.818182e-01
91	51	-8.694367e-02
35	52	-4.586399e+00
51	52	-1.818182e-01
52	52	4.768217e+00
17	53	-6.218093e+00
53	53	6.708756e+00
90	53	-4.906627e-01
1	54	-6.218093e+00
54	54	7.250721e+00
89	54	-1.032628e+00
55	55	1.505796e+01
107	55	-4.111352e+00
149	55	-1.094661e+01
22	56	-4.839170e+00
56	56	4.924658e+00
107	56	-8.548762e-02
57	57	1.505796e+01
98	57	-4.111352e+00
148	57	-1.094661e+01
14	58	-6.218093e+00
58	58	6.271731e+00
86	58	-5.363713e-02
59	59	9.090909e-03
146	59	-9.090909e-03
60	60	9.090909e-03
145	60	-9.090909e-03
61	61	9.090909e-03
144	61	-9.090909e-03
62	62	9.090909e-03
143	62	-9.090909e-03
63	63	1.240182e-02
85	63	-1.240182e-02
64	64	2.480362e-02
154	64	-2.480362e-02
65	65	1.240182e-02
84	65	-1.240182e-02
66	66	5.411255e-03
83	66	-5.411255e-03
67	67	1.082251e-02
153	67	-1.082251e-02
68	68	1.082251e-02
82	68	-1.082251e-02
69	69	4.768217e+00
93	69	-1.818182e-01
125	69	-4.586399e+00
6	70	-6.218093e+00
70	70	6.384543e+00
94	70	-1.664492e-01
32	71	-4.586399e+00
50	71	-1.818182e-01
71	71	4.768217e+00
37	72	-3.102218e+00
72	72	3.698521e+00
125	72	-5.963029e-01
73	73	1.379654e+00
127	73	-2.527193e-01
157	73	-1.126935e+00
31	74	-3.332045e+00
74	74	8.935071e+00
128	74	-5.603026e+00
18	75	-1.363637e-02
75	75	3.123169e-02
82	75	-1.759532e-02
76	76	6.309002e+00
94	76	-6.218093e+00
157	76	-9.090909e-02
77	77	2.080483e-02
154	77	-7.168459e-03
159	77	-1.363637e-02
5	78	-1.363637e-02
78	78	3.123169e-02
153	78	-1.759532e-02
79	79	2.685326e+00
80	79	-1.459733e+00
81	79	-1.225594e+00
49	80	-4.046781e-01
79	80	-1.459733e+00
80	80	1.864411e+00
39	81	-2.659985e+00
79	81	-1.225594e+00
81	81	3.885579e+00
68	82	-1.082251e-02
75	82	-1.759532e-02
82	82	2.841783e-02
11	83	-1.612903e-02
66	83	-5.411255e-03
83	83	2.154029e-02
19	84	-1.759532e-02
65	84	-1.240182e-02
84	84	2.999714e-02
12	85	-1.759532e-02
63	85	-1.240182e-02
85	85	2.999714e-02
16	86	-6.218093e+00
58	86	-5.363713e-02
86	86	6.271731e+00
47	87	-2.237222e-01
87	87	8.654820e+01
88	87	-8.632448e+01
24	88	-6.691604e+00
87	88	-8.632448e+01
88	88	9.301608e+01
4	89	-5.753442e+00
54	89	-1.032628e+00
89	89	6.786070e+00
14	90	-6.218093e+00
53	90	-4.906627e-01
90	90	6.708756e+00
51	91	-8.694367e-02
91	91	3.413817e-01
92	91	-2.544380e-01
91	92	-2.544380e-01
92	92	3.225037e-01
93	92	-6.806564e-02
69	93	-1.818182e-01
92	93	-6.806564e-02
93	93	2.498838e-01
70	94	-1.664492e-01
76	94	-6.218093e+00
94	94	6.384543e+00
48	95	-3.246479e+00
50	95	-6.207517e-02
95	95	3.308554e+00
48	96	-3.545596e+00
49	96	-1.818182e-01
96	96	3.727415e+00
47	97	-2.189075e+00
97	97	2.619751e+00
98	97	-4.306762e-01
57	98	-4.111352e+00
97	98	-4.306762e-01
98	98	4.542028e+00
99	99	5.748737e+01
100	99	-5.273677e+01
101	99	-4.750594e+00
24	100	-5.080113e+00
99	100	-5.273677e+01
100	100	5.781689e+01
99	101	-4.750594e+00
101	101	6.188040e+00
102	101	-1.437447e+00
46	102	-1.945718e-01
101	102	-1.437447e+00
102	102	1.632018e+00
26	103	-5.916250e+00
46	103	-3.851828e-01
103	103	6.301432e+00
45	104	-1.437447e+00
104	104	1.564060e+00
105	104	-1.266139e-01
26	105	-5.916250e+00
104	105	-1.266139e-01
105	105	6.042863e+00
22	106	-4.839170e+00
45	106	-2.992068e+00
106	106	7.831238e+00
55	107	-4.111352e+00
56	107	-8.548762e-02
107	107	4.196839e+00
44	108	-2.037315e+00
108	108	2.447330e+00
110	108	-4.100142e-01
1	109	-6.218093e+00
44	109	-1.282415e+00
109	109	7.500508e+00
2	110	-5.757119e+00
108	110	-4.100142e-01
110	110	6.167133e+00
111	111	2.145476e+00
112	111	-2.051000e+00
113	111	-9.447599e-02
111	112	-2.051000e+00
112	112	2.111804e+00
114	112	-6.080395e-02
43	113	-2.051000e+00
111	113	-9.447599e-02
113	113	2.145476e+00
7	114	-6.218093e+00
112	114	-6.080395e-02
114	114	6.278897e+00
8	115	-5.775773e+00
43	115	-2.385917e-01
115	115	6.014365e+00
9	116	-5.775773e+00
42	116	-1.595118e-01
116	116	5.935285e+00
117	117	1.521113e+00
118	117	-1.407674e+00
119	117	-1.134396e-01
20	118	-6.692948e+00
117	118	-1.407674e+00
118	118	8.100621e+00
38	119	-3.163296e+00
117	119	-1.134396e-01
119	119	3.276735e+00
120	120	8.737801e-01
121	120	-6.913287e-01
122	120	-1.824515e-01
36	121	-1.540642e-01
120	121	-6.913287e-01
121	121	8.453929e-01
120	122	-1.824515e-01
122	122	2.232148e+00
123	122	-2.049697e+00
122	123	-2.049697e+00
123	123	2.186420e+00
124	123	-1.367230e-01
37	124	-1.533846e-01
123	124	-1.367230e-01
124	124	2.901076e-01
69	125	-4.586399e+00
72	125	-5.963029e-01
125	125	5.182701e+00
33	126	-2.334643e-01
126	126	1.923507e+00
127	126	-1.690043e+00
73	127	-2.527193e-01
126	127	-1.690043e+00
127	127	1.942762e+00
74	128	-5.603026e+00
128	128	1.047207e+01
129	128	-4.869047e+00
32	129	-2.454090e-01
128	129	-4.869047e+00
129	129	5.114456e+00
31	130	-5.293190e+00
130	130	1.077724e+01
160	130	-5.484050e+00
30	131	-3.149616e-01
131	131	1.727890e+00
132	131	-1.412928e+00
13	132	-6.692948e+00
131	132	-1.412928e+00
132	132	8.105876e+00
133	133	1.661870e+01
134	133	-1.245274e+01
135	133	-4.165955e+00
28	134	-1.181123e-01
133	134	-1.245274e+01
134	134	1.257085e+01
133	135	-4.165955e+00
135	135	5.887241e+00
136	135	-1.721286e+00
135	136	-1.721286e+00
136	136	5.292102e+00
137	136	-3.570816e+00
136	137	-3.570816e+00
137	137	4.702883e+00
138	137	-1.132067e+00
137	138	-1.132067e+00
138	138	5.641853e+00
139	138	-4.509786e+00
29	139	-4.356046e-02
138	139	-4.509786e+00
139	139	4.553347e+00
140	140	7.158580e+00
141	140	-3.240745e+00
142	140	-3.917835e+00
27	141	-6.121225e-02
140	141	-3.240745e+00
141	141	3.301957e+00
140	142	-3.917835e+00
142	142	1.055173e+01
152	142	-6.633895e+00
25	143	-8.758255e+00
62	143	-9.090909e-03
143	143	8.767346e+00
21	144	-8.758255e+00
61	144	-9.090909e-03
144	144	8.767346e+00
60	145	-9.090909e-03
145	145	9.373088e+00
147	145	-9.363997e+00
23	146	-9.363997e+00
59	146	-9.090909e-03
146	146	9.373088e+00
39	147	-4.312222e+00
145	147	-9.363997e+00
147	147	1.376713e+01
148	147	-9.090909e-02
57	148	-1.094661e+01
147	148	-9.090909e-02
148	148	1.103752e+01
21	149	-9.090909e-02
55	149	-1.094661e+01
149	149	1.103752e+01
17	150	-9.090909e-02
38	150	-4.948854e+00
150	150	5.039763e+00
16	151	-9.090909e-02
18	151	-1.001131e+01
151	151	1.010222e+01
11	152	-1.363637e-02
142	152	-6.633895e+00
152	152	6.647532e+00
67	153	-1.082251e-02
78	153	-1.759532e-02
153	153	2.841783e-02
64	154	-2.480362e-02
77	154	-7.168459e-03
154	154	3.197208e-02
8	155	-9.090909e-02
29	155	-4.981370e+00
155	155	5.072279e+00
7	156	-9.090909e-02
30	156	-5.022122e+00
156	156	5.113032e+00
73	157	-1.126935e+00
76	157	-9.090909e-02
157	157	1.217844e+00
6	158	-9.090909e-02
28	158	-4.981370e+00
34	158	-4.981370e+00
158	158	1.005365e+01
3	159	-1.001131e+01
77	159	-1.363637e-02
159	159	1.002495e+01
4	160	-9.090909e-02
5	160	-1.001131e+01
130	160	-5.484050e+00
160	160	1.558627e+01
1	161	-9.090909e-02
33	161	-4.940858e+00
161	161	5.031767e+00
