1	1	1.352710e+01
2	1	-9.090909e-02
72	1	-6.218093e+00
82	1	-6.218093e+00
1	2	-9.090909e-02
2	2	2.024529e+01
102	2	-2.015438e+01
3	3	5.848028e+00
83	3	-5.757119e+00
124	3	-9.090909e-02
4	4	5.844351e+00
5	4	-9.090909e-02
48	4	-5.753442e+00
4	5	-9.090909e-02
5	5	1.010222e+01
123	5	-1.001131e+01
6	6	2.080483e-02
7	6	-1.363637e-02
119	6	-7.168459e-03
6	7	-1.363637e-02
7	7	1.002495e+01
124	7	-1.001131e+01
8	8	6.309002e+00
84	8	-6.218093e+00
122	8	-9.090909e-02
9	9	6.309002e+00
41	9	-6.218093e+00
121	9	-9.090909e-02
10	10	6.309002e+00
11	10	-9.090909e-02
80	10	-6.218093e+00
10	11	-9.090909e-02
11	11	5.113032e+00
32	11	-5.022122e+00
12	12	1.164245e+01
13	12	-9.090909e-02
75	12	-5.775773e+00
79	12	-5.775773e+00
12	13	-9.090909e-02
13	13	5.072279e+00
28	13	-4.981370e+00
14	14	5.866682e+00
44	14	-5.775773e+00
120	14	-9.090909e-02
15	15	2.976540e-02
16	15	-1.363637e-02
68	15	-1.612903e-02
15	16	-1.363637e-02
16	16	6.647532e+00
98	16	-6.633895e+00
17	17	3.123169e-02
69	17	-1.759532e-02
117	17	-1.363637e-02
18	18	8.849164e+00
111	18	-8.758255e+00
116	18	-9.090909e-02
19	19	9.769249e+00
20	19	-9.090909e-02
46	19	-4.839170e+00
94	19	-4.839170e+00
19	20	-9.090909e-02
20	20	9.454906e+00
113	20	-9.363997e+00
21	21	1.186263e+01
22	21	-9.090909e-02
74	21	-6.691604e+00
88	21	-5.080113e+00
21	22	-9.090909e-02
22	22	8.849164e+00
110	22	-8.758255e+00
23	23	9.454906e+00
112	23	-9.363997e+00
115	23	-9.090909e-02
24	24	1.192341e+01
91	24	-5.916250e+00
93	24	-5.916250e+00
114	24	-9.090909e-02
25	25	1.471024e+00
26	25	-5.167585e-02
64	25	-1.419348e+00
25	26	-5.167585e-02
26	26	5.137654e+00
114	26	-5.085978e+00
27	27	5.507085e+00
35	27	-5.257154e-01
122	27	-4.981370e+00
13	28	-4.981370e+00
28	28	5.024930e+00
104	28	-4.356046e-02
29	29	5.099482e+00
109	29	-1.181123e-01
122	29	-4.981370e+00
30	30	1.166036e+01
36	30	-6.059247e+00
37	30	-5.601111e+00
31	31	9.019882e+00
37	31	-1.158757e-01
102	31	-8.904006e+00
11	32	-5.022122e+00
32	32	5.337084e+00
101	32	-3.149616e-01
33	33	5.147191e+00
99	33	-6.121225e-02
120	33	-5.085978e+00
34	34	3.247821e+00
35	34	-3.102218e+00
65	34	-1.456028e-01
27	35	-5.257154e-01
34	35	-3.102218e+00
35	35	3.627933e+00
30	36	-6.059247e+00
36	36	1.222007e+01
121	36	-6.160822e+00
30	37	-5.601111e+00
31	37	-1.158757e-01
37	37	5.716987e+00
38	38	4.429515e+00
92	38	-1.437447e+00
94	38	-2.992068e+00
39	39	5.797546e-01
90	39	-1.945718e-01
91	39	-3.851828e-01
40	40	2.412797e+00
73	40	-2.237222e-01
85	40	-2.189075e+00
9	41	-6.218093e+00
41	41	6.384543e+00
84	41	-1.664492e-01
42	42	2.447330e+00
81	42	-2.037315e+00
83	42	-4.100142e-01
43	43	2.111804e+00
78	43	-2.051000e+00
80	43	-6.080395e-02
14	44	-5.775773e+00
44	44	5.935285e+00
75	44	-1.595118e-01
45	45	1.505796e+01
95	45	-4.111352e+00
116	45	-1.094661e+01
19	46	-4.839170e+00
46	46	4.924658e+00
95	46	-8.548762e-02
47	47	1.505796e+01
86	47	-4.111352e+00
115	47	-1.094661e+01
4	48	-5.753442e+00
48	48	6.798372e+00
72	48	-1.044930e+00
49	49	3.727415e+00
70	49	-1.818182e-01
71	49	-3.545596e+00
50	50	4.968612e+00
51	50	-7.235995e-03
52	50	-4.961376e+00
50	51	-7.235995e-03
51	51	3.418180e+00
71	51	-3.410944e+00
50	52	-4.961376e+00
52	52	5.143194e+00
53	52	-1.818182e-01
52	53	-1.818182e-01
53	53	1.226748e+00
67	53	-1.044930e+00
54	54	9.090909e-03
113	54	-9.090909e-03
55	55	9.090909e-03
112	55	-9.090909e-03
56	56	9.090909e-03
111	56	-9.090909e-03
57	57	9.090909e-03
110	57	-9.090909e-03
58	58	2.480362e-02
119	58	-2.480362e-02
59	59	1.240182e-02
69	59	-1.240182e-02
60	60	1.082251e-02
118	60	-1.082251e-02
61	61	5.411255e-03
68	61	-5.411255e-03
62	62	3.305100e+00
67	62	-1.818182e-01
96	62	-3.123282e+00
63	63	3.507591e-01
64	63	-1.818182e-01
70	63	-1.689409e-01
25	64	-1.419348e+00
63	64	-1.818182e-01
64	64	1.601166e+00
34	65	-1.456028e-01
65	65	3.298755e+00
96	65	-3.153152e+00
66	66	3.123169e-02
118	66	-1.759532e-02
123	66	-1.363637e-02
53	67	-1.044930e+00
62	67	-1.818182e-01
67	67	1.226748e+00
15	68	-1.612903e-02
61	68	-5.411255e-03
68	68	2.154029e-02
17	69	-1.759532e-02
59	69	-1.240182e-02
69	69	2.999714e-02
49	70	-1.818182e-01
63	70	-1.689409e-01
70	70	3.507591e-01
49	71	-3.545596e+00
51	71	-3.410944e+00
71	71	6.956540e+00
1	72	-6.218093e+00
48	72	-1.044930e+00
72	72	7.263023e+00
40	73	-2.237222e-01
73	73	8.654820e+01
74	73	-8.632448e+01
21	74	-6.691604e+00
73	74	-8.632448e+01
74	74	9.301608e+01
12	75	-5.775773e+00
44	75	-1.595118e-01
75	75	5.935285e+00
76	76	2.145476e+00
77	76	-2.051000e+00
78	76	-9.447599e-02
76	77	-2.051000e+00
77	77	2.289592e+00
79	77	-2.385917e-01
43	78	-2.051000e+00
76	78	-9.447599e-02
78	78	2.145476e+00
12	79	-5.775773e+00
77	79	-2.385917e-01
79	79	6.014365e+00
10	80	-6.218093e+00
43	80	-6.080395e-02
80	80	6.278897e+00
42	81	-2.037315e+00
81	81	3.304632e+00
82	81	-1.267316e+00
1	82	-6.218093e+00
81	82	-1.267316e+00
82	82	7.485410e+00
3	83	-5.757119e+00
42	83	-4.100142e-01
83	83	6.167133e+00
8	84	-6.218093e+00
41	84	-1.664492e-01
84	84	6.384543e+00
40	85	-2.189075e+00
85	85	2.619751e+00
86	85	-4.306762e-01
47	86	-4.111352e+00
85	86	-4.306762e-01
86	86	4.542028e+00
87	87	5.748737e+01
88	87	-5.273677e+01
89	87	-4.750594e+00
21	88	-5.080113e+00
87	88	-5.273677e+01
88	88	5.781689e+01
87	89	-4.750594e+00
89	89	6.188040e+00
90	89	-1.437447e+00
39	90	-1.945718e-01
89	90	-1.437447e+00
90	90	1.632018e+00
24	91	-5.916250e+00
39	91	-3.851828e-01
91	91	6.301432e+00
38	92	-1.437447e+00
92	92	1.564060e+00
93	92	-1.266139e-01
24	93	-5.916250e+00
92	93	-1.266139e-01
93	93	6.042863e+00
19	94	-4.839170e+00
38	94	-2.992068e+00
94	94	7.831238e+00
45	95	-4.111352e+00
46	95	-8.548762e-02
95	95	4.196839e+00
62	96	-3.123282e+00
65	96	-3.153152e+00
96	96	6.276434e+00
97	97	7.158580e+00
98	97	-3.917835e+00
99	97	-3.240745e+00
16	98	-6.633895e+00
97	98	-3.917835e+00
98	98	1.055173e+01
33	99	-6.121225e-02
97	99	-3.240745e+00
99	99	3.301957e+00
100	100	8.105876e+00
101	100	-1.412928e+00
117	100	-6.692948e+00
32	101	-3.149616e-01
100	101	-1.412928e+00
101	101	1.727890e+00
2	102	-2.015438e+01
31	102	-8.904006e+00
102	102	2.905839e+01
103	103	5.641853e+00
104	103	-4.509786e+00
105	103	-1.132067e+00
28	104	-4.356046e-02
103	104	-4.509786e+00
104	104	4.553347e+00
103	105	-1.132067e+00
105	105	4.702883e+00
106	105	-3.570816e+00
105	106	-3.570816e+00
106	106	5.292102e+00
107	106	-1.721286e+00
106	107	-1.721286e+00
107	107	5.887241e+00
108	107	-4.165955e+00
107	108	-4.165955e+00
108	108	1.661870e+01
109	108	-1.245274e+01
29	109	-1.181123e-01
108	109	-1.245274e+01
109	109	1.257085e+01
22	110	-8.758255e+00
57	110	-9.090909e-03
110	110	8.767346e+00
18	111	-8.758255e+00
56	111	-9.090909e-03
111	111	8.767346e+00
23	112	-9.363997e+00
55	112	-9.090909e-03
112	112	9.373088e+00
20	113	-9.363997e+00
54	113	-9.090909e-03
113	113	9.373088e+00
24	114	-9.090909e-02
26	114	-5.085978e+00
114	114	5.176888e+00
23	115	-9.090909e-02
47	115	-1.094661e+01
115	115	1.103752e+01
18	116	-9.090909e-02
45	116	-1.094661e+01
116	116	1.103752e+01
17	117	-1.363637e-02
100	117	-6.692948e+00
117	117	6.706584e+00
60	118	-1.082251e-02
66	118	-1.759532e-02
118	118	2.841783e-02
6	119	-7.168459e-03
58	119	-2.480362e-02
119	119	3.197208e-02
14	120	-9.090909e-02
33	120	-5.085978e+00
120	120	5.176888e+00
9	121	-9.090909e-02
36	121	-6.160822e+00
121	121	6.251731e+00
8	122	-9.090909e-02
27	122	-4.981370e+00
29	122	-4.981370e+00
122	122	1.005365e+01
5	123	-1.001131e+01
66	123	-1.363637e-02
123	123	1.002495e+01
3	124	-9.090909e-02
7	124	-1.001131e+01
124	124	1.010222e+01
