0	0	7.041696082488727e+00
1	0	-9.090909090909091e-02
74	0	-5.950786991579636e+00
0	1	-9.090909090909091e-02
1	1	1.010222187435438e+01
88	1	-1.001131278344529e+01
2	2	6.309002499108269e+00
73	2	-6.218093408199178e+00
89	2	-9.090909090909091e-02
3	3	3.123168807243687e-02
4	3	-1.363636983471356e-02
38	3	-1.759531823772330e-02
3	4	-1.363636983471356e-02
4	4	6.735647595593461e+00
77	4	-6.722011225758747e+00
5	5	1.025113586717074e+01
6	5	-9.090909090909091e-02
60	5	-5.080113388130823e+00
62	5	-5.080113388130823e+00
5	6	-9.090909090909091e-02
6	6	9.974382934295564e+00
84	6	-9.883473843386472e+00
7	7	1.025113586717074e+01
8	7	-9.090909090909091e-02
57	7	-5.080113388130823e+00
59	7	-5.080113388130823e+00
7	8	-9.090909090909091e-02
8	8	1.016892299655268e+01
81	8	-1.007801390564359e+01
9	9	9.974382934295564e+00
83	9	-9.883473843386472e+00
85	9	-9.090909090909091e-02
10	10	5.245675042643039e+00
11	10	-2.745819489826739e-01
35	10	-4.971093093660365e+00
10	11	-2.745819489826739e-01
11	11	5.296704398372236e+00
89	11	-5.022122449389562e+00
12	12	2.227674672243339e+01
22	12	-4.586398576381882e+00
80	12	-1.769034814605151e+01
13	13	8.202632086158156e+00
80	13	-3.212985602611515e+00
86	13	-4.989646483546641e+00
14	14	2.438552783644333e+00
72	14	-2.407735572848448e+00
73	14	-3.081721079588529e-02
15	15	3.990160528644049e+00
69	15	-2.169959942539461e+00
71	15	-1.820200586104589e+00
16	16	1.719856308536500e+00
63	16	-9.652975529707032e-02
64	16	-1.623326553239429e+00
17	17	2.593033311202748e+00
58	17	-2.162297744074764e+00
60	17	-4.307355671279844e-01
18	18	4.249485420474134e+00
25	18	-4.111351853602983e+00
57	18	-1.381335668711504e-01
19	19	7.350164978825078e-01
20	19	-1.818181818181818e-01
55	19	-5.531983160643259e-01
19	20	-1.818181818181818e-01
20	20	4.264200660232584e+00
75	20	-4.082382478414402e+00
21	21	2.242148296297094e+00
52	21	-2.173431108754146e+00
54	21	-6.871718754294824e-02
12	22	-4.586398576381882e+00
22	22	4.768216758200063e+00
50	22	-1.818181818181818e-01
23	23	2.248985250911524e+00
49	23	-2.181819768596196e+00
51	23	-6.716548231532851e-02
24	24	1.505795977347381e+01
64	24	-4.111351853602983e+00
87	24	-1.094660791987083e+01
18	25	-4.111351853602983e+00
25	25	1.505795977347381e+01
85	25	-1.094660791987083e+01
26	26	3.512731464755683e+01
41	26	-2.821312192300639e+00
56	26	-3.230600245525619e+01
27	27	3.512731464755683e+01
40	27	-2.821312192300639e+00
54	27	-3.230600245525619e+01
28	28	3.512731464755683e+01
39	28	-2.821312192300639e+00
51	28	-3.230600245525619e+01
29	29	9.090909090909090e-03
84	29	-9.090909090909090e-03
30	30	9.090909090909090e-03
83	30	-9.090909090909090e-03
31	31	9.090909090909090e-03
82	31	-9.090909090909090e-03
32	32	9.090909090909090e-03
81	32	-9.090909090909090e-03
33	33	1.240182406028279e-02
38	33	-1.240182406028279e-02
34	34	5.411255411255411e-03
37	34	-5.411255411255411e-03
10	35	-4.971093093660365e+00
35	35	2.907043535954575e+01
75	35	-1.912824917222502e+01
79	35	-4.971093093660365e+00
36	36	2.976540209277808e-02
37	36	-1.612903225806452e-02
88	36	-1.363636983471356e-02
34	37	-5.411255411255411e-03
36	37	-1.612903225806452e-02
37	37	2.154028766931993e-02
3	38	-1.759531823772330e-02
33	38	-1.240182406028279e-02
38	38	2.999714229800609e-02
28	39	-2.821312192300639e+00
39	39	3.512731464755683e+01
53	39	-3.230600245525619e+01
27	40	-2.821312192300639e+00
40	40	3.512731464755683e+01
70	40	-3.230600245525619e+01
26	41	-2.821312192300639e+00
41	41	3.512731464755683e+01
71	41	-3.230600245525619e+01
42	42	2.304967849892860e+00
43	42	-1.186211477782259e-01
44	42	-2.186346702114634e+00
42	43	-1.186211477782259e-01
43	43	2.688337553875649e+00
50	43	-2.569716406097423e+00
42	44	-2.186346702114634e+00
44	44	2.215112505327775e+00
45	44	-2.876580321314022e-02
44	45	-2.876580321314022e-02
45	45	2.210904561052474e+00
46	45	-2.182138757839334e+00
45	46	-2.182138757839334e+00
46	46	2.219975409447013e+00
47	46	-3.783665160767932e-02
46	47	-3.783665160767932e-02
47	47	2.219656420203875e+00
48	47	-2.181819768596196e+00
47	48	-2.181819768596196e+00
48	48	2.670628492854306e+00
49	48	-4.888087242581105e-01
23	49	-2.181819768596196e+00
48	49	-4.888087242581105e-01
49	49	2.670628492854306e+00
22	50	-1.818181818181818e-01
43	50	-2.569716406097423e+00
50	50	2.751534587915605e+00
23	51	-6.716548231532851e-02
28	51	-3.230600245525619e+01
51	51	3.237316793757152e+01
21	52	-2.173431108754146e+00
52	52	3.993631694858734e+00
53	52	-1.820200586104589e+00
39	53	-3.230600245525619e+01
52	53	-1.820200586104589e+00
53	53	3.412620304136078e+01
21	54	-6.871718754294824e-02
27	54	-3.230600245525619e+01
54	54	3.237471964279914e+01
19	55	-5.531983160643259e-01
55	55	1.409032968809416e+00
56	55	-8.558346527450896e-01
26	56	-3.230600245525619e+01
55	56	-8.558346527450896e-01
56	56	3.316183710800128e+01
7	57	-5.080113388130823e+00
18	57	-1.381335668711504e-01
57	57	5.218246955001974e+00
17	58	-2.162297744074764e+00
58	58	2.242422739066952e+00
59	58	-8.012499499218782e-02
7	59	-5.080113388130823e+00
58	59	-8.012499499218782e-02
59	59	5.160238383123011e+00
5	60	-5.080113388130823e+00
17	60	-4.307355671279844e-01
60	60	5.510848955258808e+00
61	61	5.335080087989816e+00
62	61	-3.169401331782440e+00
63	61	-2.165678756207376e+00
5	62	-5.080113388130823e+00
61	62	-3.169401331782440e+00
62	62	8.249514719913263e+00
16	63	-9.652975529707032e-02
61	63	-2.165678756207376e+00
63	63	2.262208511504447e+00
16	64	-1.623326553239429e+00
24	64	-4.111351853602983e+00
64	64	5.734678406842413e+00
65	65	5.158529895307273e+00
66	65	-2.188729792552190e+00
67	65	-2.969800102755084e+00
65	66	-2.188729792552190e+00
66	66	4.552818341852893e+00
70	66	-2.364088549300703e+00
65	67	-2.969800102755084e+00
67	67	5.139760045294544e+00
68	67	-2.169959942539461e+00
67	68	-2.169959942539461e+00
68	68	5.351663872261984e+00
69	68	-3.181703929722524e+00
15	69	-2.169959942539461e+00
68	69	-3.181703929722524e+00
69	69	5.351663872261984e+00
40	70	-3.230600245525619e+01
66	70	-2.364088549300703e+00
70	70	3.467009100455689e+01
15	71	-1.820200586104589e+00
41	71	-3.230600245525619e+01
71	71	3.412620304136078e+01
14	72	-2.407735572848448e+00
72	72	2.591114475839174e+00
74	72	-1.833789029907265e-01
2	73	-6.218093408199178e+00
14	73	-3.081721079588529e-02
73	73	6.248910618995064e+00
0	74	-5.950786991579636e+00
72	74	-1.833789029907265e-01
74	74	6.134165894570363e+00
20	75	-4.082382478414402e+00
35	75	-1.912824917222502e+01
75	75	2.321063165063942e+01
76	76	1.579855305205083e+00
77	76	-1.415742776526418e+00
78	76	-1.641125286786644e-01
4	77	-6.722011225758747e+00
76	77	-1.415742776526418e+00
77	77	8.137754002285165e+00
76	78	-1.641125286786644e-01
78	78	7.959122734315676e-01
79	78	-6.317997447529031e-01
35	79	-4.971093093660365e+00
78	79	-6.317997447529031e-01
79	79	5.602892838413267e+00
12	80	-1.769034814605151e+01
13	80	-3.212985602611515e+00
80	80	2.090333374866303e+01
8	81	-1.007801390564359e+01
32	81	-9.090909090909090e-03
81	81	1.008710481473450e+01
31	82	-9.090909090909090e-03
82	82	1.005252877787339e+01
86	82	-1.004343786878248e+01
9	83	-9.883473843386472e+00
30	83	-9.090909090909090e-03
83	83	9.892564752477382e+00
6	84	-9.883473843386472e+00
29	84	-9.090909090909090e-03
84	84	9.892564752477382e+00
9	85	-9.090909090909091e-02
25	85	-1.094660791987083e+01
85	85	1.103751701077992e+01
13	86	-4.989646483546641e+00
82	86	-1.004343786878248e+01
86	86	1.512399344323821e+01
87	86	-9.090909090909091e-02
24	87	-1.094660791987083e+01
86	87	-9.090909090909091e-02
87	87	1.103751701077992e+01
1	88	-1.001131278344529e+01
36	88	-1.363636983471356e-02
88	88	1.002494915328001e+01
2	89	-9.090909090909091e-02
11	89	-5.022122449389562e+00
89	89	5.113031540298652e+00
