1	1	1.352710e+01
2	1	-9.090909e-02
62	1	-6.218093e+00
74	1	-6.218093e+00
1	2	-9.090909e-02
2	2	2.024529e+01
124	2	-2.015438e+01
3	3	5.848028e+00
75	3	-5.757119e+00
133	3	-9.090909e-02
4	4	5.844351e+00
5	4	-9.090909e-02
48	4	-5.753442e+00
4	5	-9.090909e-02
5	5	1.010222e+01
132	5	-1.001131e+01
6	6	2.080483e-02
7	6	-1.363637e-02
129	6	-7.168459e-03
6	7	-1.363637e-02
7	7	1.002495e+01
133	7	-1.001131e+01
8	8	5.107766e+00
113	8	-5.016857e+00
131	8	-9.090909e-02
9	9	6.309002e+00
10	9	-9.090909e-02
112	9	-6.218093e+00
9	10	-9.090909e-02
10	10	5.104772e+00
27	10	-5.013863e+00
11	11	1.200525e+01
12	11	-9.090909e-02
49	11	-5.957168e+00
70	11	-5.957168e+00
11	12	-9.090909e-02
12	12	5.104772e+00
26	12	-5.013863e+00
13	13	6.048361e+00
72	13	-5.957452e+00
130	13	-9.090909e-02
14	14	2.928185e+01
15	14	-9.090909e-02
61	14	-2.919094e+01
14	15	-9.090909e-02
15	15	1.010222e+01
127	15	-1.001131e+01
16	16	3.123169e-02
17	16	-1.363637e-02
59	16	-1.759532e-02
16	17	-1.363637e-02
17	17	6.706584e+00
115	17	-6.692948e+00
18	18	7.342173e+00
19	18	-9.090909e-02
66	18	-7.251264e+00
18	19	-9.090909e-02
19	19	4.013608e+01
121	19	-4.004517e+01
20	20	7.362420e+00
125	20	-7.271511e+00
126	20	-9.090909e-02
21	21	1.169722e+01
22	21	-9.090909e-02
108	21	-5.803157e+00
111	21	-5.803157e+00
21	22	-9.090909e-02
22	22	5.176888e+00
33	22	-5.085978e+00
23	23	2.349696e+00
50	23	-9.090909e-03
125	23	-2.340605e+00
24	24	2.765826e+00
51	24	-9.090909e-03
120	24	-2.756735e+00
25	25	1.166036e+01
31	25	-6.059247e+00
32	25	-5.601111e+00
12	26	-5.013863e+00
26	26	5.048587e+00
27	26	-3.472391e-02
10	27	-5.013863e+00
26	27	-3.472391e-02
27	27	5.048587e+00
28	28	9.019882e+00
32	28	-1.158757e-01
124	28	-8.904006e+00
29	29	5.548085e+00
39	29	-4.586399e+00
123	29	-9.616864e-01
30	30	6.372724e+00
117	30	-2.334229e+00
119	30	-4.038495e+00
25	31	-6.059247e+00
31	31	1.222007e+01
131	31	-6.160822e+00
25	32	-5.601111e+00
28	32	-1.158757e-01
32	32	5.716987e+00
22	33	-5.085978e+00
33	33	6.744450e+00
122	33	-1.658471e+00
34	34	1.177893e+01
114	34	-6.692948e+00
130	34	-5.085978e+00
35	35	8.251424e-01
112	35	-1.074786e-01
113	35	-7.176639e-01
36	36	5.768452e+00
65	36	-3.761746e+00
110	36	-2.006706e+00
37	37	2.430294e+00
107	37	-2.020280e+00
108	37	-4.100142e-01
38	38	5.592892e-01
39	38	-1.818182e-01
105	38	-3.774710e-01
29	39	-4.586399e+00
38	39	-1.818182e-01
39	39	4.768217e+00
40	40	4.768217e+00
103	40	-1.818182e-01
118	40	-4.586399e+00
41	41	2.335673e+00
102	41	-2.188730e+00
104	41	-1.469432e-01
42	42	7.956338e+00
81	42	-2.821312e+00
83	42	-5.135025e+00
43	43	2.447330e+00
73	43	-2.037315e+00
75	43	-4.100142e-01
44	44	2.373355e+00
69	44	-2.193492e+00
70	44	-1.798623e-01
45	45	9.484065e+01
109	45	-8.757258e+01
126	45	-7.268076e+00
46	46	3.512731e+01
64	46	-2.821312e+00
83	46	-3.230600e+01
47	47	3.512731e+01
63	47	-2.821312e+00
82	47	-3.230600e+01
4	48	-5.753442e+00
48	48	6.798372e+00
62	48	-1.044930e+00
11	49	-5.957168e+00
49	49	6.202153e+00
72	49	-2.449846e-01
23	50	-9.090909e-03
50	50	9.090909e-03
24	51	-9.090909e-03
51	51	9.090909e-03
52	52	2.480362e-02
129	52	-2.480362e-02
53	53	1.240182e-02
59	53	-1.240182e-02
54	54	1.082251e-02
128	54	-1.082251e-02
55	55	5.411255e-03
58	55	-5.411255e-03
56	56	2.976540e-02
58	56	-1.612903e-02
127	56	-1.363637e-02
57	57	3.123169e-02
128	57	-1.759532e-02
132	57	-1.363637e-02
55	58	-5.411255e-03
56	58	-1.612903e-02
58	58	2.154029e-02
16	59	-1.759532e-02
53	59	-1.240182e-02
59	59	2.999714e-02
60	60	2.163655e+01
61	60	-1.752520e+01
71	60	-4.111352e+00
14	61	-2.919094e+01
60	61	-1.752520e+01
61	61	4.671614e+01
1	62	-6.218093e+00
48	62	-1.044930e+00
62	62	7.263023e+00
47	63	-2.821312e+00
63	63	3.512731e+01
104	63	-3.230600e+01
46	64	-2.821312e+00
64	64	3.512731e+01
106	64	-3.230600e+01
36	65	-3.761746e+00
65	65	9.133432e+01
66	65	-8.757258e+01
18	66	-7.251264e+00
65	66	-8.757258e+01
66	66	9.482384e+01
67	67	1.787678e+00
68	67	-1.605510e+00
69	67	-1.821679e-01
67	68	-1.605510e+00
68	68	1.683293e+00
71	68	-7.778288e-02
44	69	-2.193492e+00
67	69	-1.821679e-01
69	69	2.375660e+00
11	70	-5.957168e+00
44	70	-1.798623e-01
70	70	6.137030e+00
60	71	-4.111352e+00
68	71	-7.778288e-02
71	71	4.189135e+00
13	72	-5.957452e+00
49	72	-2.449846e-01
72	72	6.202436e+00
43	73	-2.037315e+00
73	73	3.304632e+00
74	73	-1.267316e+00
1	74	-6.218093e+00
73	74	-1.267316e+00
74	74	7.485410e+00
3	75	-5.757119e+00
43	75	-4.100142e-01
75	75	6.167133e+00
76	76	2.817053e+00
77	76	-2.194667e+00
78	76	-6.223860e-01
76	77	-2.194667e+00
77	77	3.957987e+00
82	77	-1.763320e+00
76	78	-6.223860e-01
78	78	2.806097e+00
79	78	-2.183711e+00
78	79	-2.183711e+00
79	79	5.330216e+00
80	79	-3.146504e+00
79	80	-3.146504e+00
80	80	5.330216e+00
81	80	-2.183711e+00
42	81	-2.821312e+00
80	81	-2.183711e+00
81	81	5.005023e+00
47	82	-3.230600e+01
77	82	-1.763320e+00
82	82	3.406932e+01
42	83	-5.135025e+00
46	83	-3.230600e+01
83	83	3.744103e+01
84	84	2.802895e+00
85	84	-2.177828e+00
86	84	-6.250664e-01
84	85	-2.177828e+00
85	85	2.397386e+00
103	85	-2.195573e-01
84	86	-6.250664e-01
86	86	2.820697e+00
87	86	-2.195631e+00
86	87	-2.195631e+00
87	87	5.355688e+00
88	87	-3.160057e+00
87	88	-3.160057e+00
88	88	5.355688e+00
89	88	-2.195631e+00
88	89	-2.195631e+00
89	89	5.016943e+00
90	89	-2.821312e+00
89	90	-2.821312e+00
90	90	4.999662e+00
91	90	-2.178350e+00
90	91	-2.178350e+00
91	91	2.452786e+00
92	91	-2.744358e-01
91	92	-2.744358e-01
92	92	2.458147e+00
93	92	-2.183711e+00
92	93	-2.183711e+00
93	93	3.230634e+00
94	93	-1.046923e+00
93	94	-1.046923e+00
94	94	3.224642e+00
95	94	-2.177719e+00
94	95	-2.177719e+00
95	95	5.704360e+00
96	95	-3.526640e+00
95	96	-3.526640e+00
96	96	5.720133e+00
97	96	-2.193492e+00
96	97	-2.193492e+00
97	97	4.466948e+00
98	97	-2.273456e+00
97	98	-2.273456e+00
98	98	4.468123e+00
99	98	-2.194667e+00
98	99	-2.194667e+00
99	99	2.382948e+00
100	99	-1.882810e-01
99	100	-1.882810e-01
100	100	2.382481e+00
101	100	-2.194200e+00
100	101	-2.194200e+00
101	101	2.291688e+00
102	101	-9.748774e-02
41	102	-2.188730e+00
101	102	-9.748774e-02
102	102	2.286218e+00
40	103	-1.818182e-01
85	103	-2.195573e-01
103	103	4.013755e-01
41	104	-1.469432e-01
63	104	-3.230600e+01
104	104	3.245295e+01
38	105	-3.774710e-01
105	105	1.172845e+01
106	105	-1.135098e+01
64	106	-3.230600e+01
105	106	-1.135098e+01
106	106	4.365699e+01
37	107	-2.020280e+00
107	107	4.990080e+00
109	107	-2.969800e+00
21	108	-5.803157e+00
37	108	-4.100142e-01
108	108	6.213171e+00
45	109	-8.757258e+01
107	109	-2.969800e+00
109	109	9.054238e+01
36	110	-2.006706e+00
110	110	2.456399e+00
111	110	-4.496929e-01
21	111	-5.803157e+00
110	111	-4.496929e-01
111	111	6.252850e+00
9	112	-6.218093e+00
35	112	-1.074786e-01
112	112	6.325572e+00
8	113	-5.016857e+00
35	113	-7.176639e-01
113	113	5.734520e+00
34	114	-6.692948e+00
114	114	8.105876e+00
115	114	-1.412928e+00
17	115	-6.692948e+00
114	115	-1.412928e+00
115	115	8.105876e+00
116	116	3.551321e+00
117	116	-3.338185e+00
118	116	-2.131365e-01
30	117	-2.334229e+00
116	117	-3.338185e+00
117	117	5.672414e+00
40	118	-4.586399e+00
116	118	-2.131365e-01
118	118	4.799535e+00
30	119	-4.038495e+00
119	119	3.073535e+01
133	119	-2.669685e+01
24	120	-2.756735e+00
120	120	1.002825e+01
121	120	-7.271511e+00
19	121	-4.004517e+01
120	121	-7.271511e+00
121	121	4.731668e+01
33	122	-1.658471e+00
122	122	3.736570e+00
123	122	-2.078099e+00
29	123	-9.616864e-01
122	123	-2.078099e+00
123	123	3.039786e+00
2	124	-2.015438e+01
28	124	-8.904006e+00
124	124	2.905839e+01
20	125	-7.271511e+00
23	125	-2.340605e+00
125	125	9.612116e+00
20	126	-9.090909e-02
45	126	-7.268076e+00
126	126	7.358985e+00
15	127	-1.001131e+01
56	127	-1.363637e-02
127	127	1.002495e+01
54	128	-1.082251e-02
57	128	-1.759532e-02
128	128	2.841783e-02
6	129	-7.168459e-03
52	129	-2.480362e-02
129	129	3.197208e-02
13	130	-9.090909e-02
34	130	-5.085978e+00
130	130	5.176888e+00
8	131	-9.090909e-02
31	131	-6.160822e+00
131	131	6.251731e+00
5	132	-1.001131e+01
57	132	-1.363637e-02
132	132	1.002495e+01
3	133	-9.090909e-02
7	133	-1.001131e+01
119	133	-2.669685e+01
133	133	3.679907e+01
