1	1	1.343619e+01
51	1	-6.218093e+00
76	1	-6.218093e+00
2	2	5.848028e+00
77	2	-5.757119e+00
108	2	-9.090909e-02
3	3	5.844351e+00
4	3	-9.090909e-02
43	3	-5.753442e+00
3	4	-9.090909e-02
4	4	1.010222e+01
107	4	-1.001131e+01
5	5	1.002495e+01
47	5	-1.363637e-02
108	5	-1.001131e+01
6	6	5.171022e+00
7	6	-9.090909e-02
67	6	-5.080113e+00
6	7	-9.090909e-02
7	7	1.013435e+01
99	7	-1.004344e+01
8	8	1.191187e+01
60	8	-5.910480e+00
66	8	-5.910480e+00
104	8	-9.090909e-02
9	9	5.116515e+00
30	9	-5.025605e+00
103	9	-9.090909e-02
10	10	1.013435e+01
98	10	-1.004344e+01
102	10	-9.090909e-02
11	11	1.025114e+01
12	11	-9.090909e-02
54	11	-5.080113e+00
58	11	-5.080113e+00
11	12	-9.090909e-02
12	12	5.176888e+00
21	12	-5.085978e+00
13	13	1.030284e+01
38	13	-2.727270e-02
103	13	-1.027557e+01
14	14	8.555330e+00
39	14	-2.727270e-02
100	14	-8.528057e+00
15	15	3.289231e+00
79	15	-3.153152e+00
93	15	-1.360796e-01
16	16	6.372724e+00
89	16	-2.334229e+00
91	16	-4.038495e+00
17	17	5.064772e+00
83	17	-3.767457e+00
86	17	-1.297315e+00
18	18	6.271896e+00
19	18	-1.300803e+00
46	18	-4.971093e+00
18	19	-1.300803e+00
19	19	5.289173e+00
104	19	-3.988370e+00
20	20	1.100718e+01
83	20	-4.824648e+00
84	20	-6.182533e+00
12	21	-5.085978e+00
21	21	1.171987e+01
81	21	-6.633895e+00
22	22	1.976683e-01
45	22	-1.818182e-01
78	22	-1.585007e-02
23	23	2.447330e+00
75	23	-2.037315e+00
77	23	-4.100142e-01
24	24	4.442661e-01
25	24	-1.818182e-01
74	24	-2.624479e-01
24	25	-1.818182e-01
25	25	4.768217e+00
87	25	-4.586399e+00
26	26	4.518002e-01
27	26	-1.818182e-01
73	26	-2.699820e-01
26	27	-1.818182e-01
27	27	3.305100e+00
79	27	-3.123282e+00
28	28	5.018173e+00
70	28	-2.196861e+00
72	28	-2.821312e+00
29	29	6.533977e+00
65	29	-2.193492e+00
67	29	-4.340485e+00
9	30	-5.025605e+00
30	30	5.207617e+00
60	30	-1.820118e-01
31	31	5.945995e+00
57	31	-1.605510e+00
59	31	-4.340485e+00
32	32	1.798153e+00
52	32	-1.605510e+00
54	32	-1.926433e-01
33	33	3.512731e+01
50	33	-2.821312e+00
72	33	-3.230600e+01
34	34	1.505796e+01
59	34	-4.111352e+00
102	34	-1.094661e+01
35	35	1.505796e+01
53	35	-4.111352e+00
101	35	-1.094661e+01
36	36	9.090909e-03
99	36	-9.090909e-03
37	37	9.090909e-03
98	37	-9.090909e-03
13	38	-2.727270e-02
38	38	2.727270e-02
14	39	-2.727270e-02
39	39	2.727270e-02
40	40	2.480362e-02
106	40	-2.480362e-02
41	41	1.082251e-02
105	41	-1.082251e-02
42	42	3.512731e+01
49	42	-2.821312e+00
71	42	-3.230600e+01
3	43	-5.753442e+00
43	43	6.798372e+00
51	43	-1.044930e+00
44	44	4.768217e+00
78	44	-1.818182e-01
90	44	-4.586399e+00
22	45	-1.818182e-01
45	45	4.768217e+00
97	45	-4.586399e+00
18	46	-4.971093e+00
46	46	2.907044e+01
82	46	-4.971093e+00
84	46	-1.912825e+01
5	47	-1.363637e-02
47	47	2.080483e-02
106	47	-7.168459e-03
48	48	3.123169e-02
105	48	-1.759532e-02
107	48	-1.363637e-02
42	49	-2.821312e+00
49	49	3.512731e+01
73	49	-3.230600e+01
33	50	-2.821312e+00
50	50	3.512731e+01
74	50	-3.230600e+01
1	51	-6.218093e+00
43	51	-1.044930e+00
51	51	7.263023e+00
32	52	-1.605510e+00
52	52	3.315397e+00
53	52	-1.709887e+00
35	53	-4.111352e+00
52	53	-1.709887e+00
53	53	5.821239e+00
11	54	-5.080113e+00
32	54	-1.926433e-01
54	54	5.272757e+00
55	55	1.707284e+00
56	55	-1.605510e+00
57	55	-1.017738e-01
55	56	-1.605510e+00
56	56	2.289257e+00
58	56	-6.837467e-01
31	57	-1.605510e+00
55	57	-1.017738e-01
57	57	1.707284e+00
11	58	-5.080113e+00
56	58	-6.837467e-01
58	58	5.763860e+00
31	59	-4.340485e+00
34	59	-4.111352e+00
59	59	8.451837e+00
8	60	-5.910480e+00
30	60	-1.820118e-01
60	60	6.092492e+00
61	61	2.719223e+00
62	61	-2.183030e+00
63	61	-5.361930e-01
61	62	-2.183030e+00
62	62	2.491658e+00
66	62	-3.086286e-01
61	63	-5.361930e-01
63	63	2.728772e+00
64	63	-2.192579e+00
63	64	-2.192579e+00
64	64	2.437563e+00
65	64	-2.449846e-01
29	65	-2.193492e+00
64	65	-2.449846e-01
65	65	2.438477e+00
8	66	-5.910480e+00
62	66	-3.086286e-01
66	66	6.219109e+00
6	67	-5.080113e+00
29	67	-4.340485e+00
67	67	9.420598e+00
68	68	2.283609e+00
69	68	-2.196861e+00
70	68	-8.674833e-02
68	69	-2.196861e+00
69	69	4.761687e+00
71	69	-2.564826e+00
28	70	-2.196861e+00
68	70	-8.674833e-02
70	70	2.283609e+00
42	71	-3.230600e+01
69	71	-2.564826e+00
71	71	3.487083e+01
28	72	-2.821312e+00
33	72	-3.230600e+01
72	72	3.512731e+01
26	73	-2.699820e-01
49	73	-3.230600e+01
73	73	3.257598e+01
24	74	-2.624479e-01
50	74	-3.230600e+01
74	74	3.256845e+01
23	75	-2.037315e+00
75	75	3.304632e+00
76	75	-1.267316e+00
1	76	-6.218093e+00
75	76	-1.267316e+00
76	76	7.485410e+00
2	77	-5.757119e+00
23	77	-4.100142e-01
77	77	6.167133e+00
22	78	-1.585007e-02
44	78	-1.818182e-01
78	78	1.976683e-01
15	79	-3.153152e+00
27	79	-3.123282e+00
79	79	6.276434e+00
80	80	2.106954e+00
81	80	-2.055727e+00
82	80	-5.122688e-02
21	81	-6.633895e+00
80	81	-2.055727e+00
81	81	8.689622e+00
46	82	-4.971093e+00
80	82	-5.122688e-02
82	82	5.022320e+00
17	83	-3.767457e+00
20	83	-4.824648e+00
83	83	8.592106e+00
20	84	-6.182533e+00
46	84	-1.912825e+01
84	84	2.531078e+01
85	85	1.462529e+00
86	85	-1.382843e+00
87	85	-7.968635e-02
17	86	-1.297315e+00
85	86	-1.382843e+00
86	86	2.680157e+00
25	87	-4.586399e+00
85	87	-7.968635e-02
87	87	4.666085e+00
88	88	3.648541e+00
89	88	-3.338185e+00
90	88	-3.103566e-01
16	89	-2.334229e+00
88	89	-3.338185e+00
89	89	5.672414e+00
44	90	-4.586399e+00
88	90	-3.103566e-01
90	90	4.896755e+00
16	91	-4.038495e+00
91	91	3.073535e+01
108	91	-2.669685e+01
92	92	6.734004e+00
93	92	-5.953657e+00
94	92	-7.803477e-01
15	93	-1.360796e-01
92	93	-5.953657e+00
93	93	6.089736e+00
92	94	-7.803477e-01
94	94	2.432522e+00
95	94	-1.652174e+00
94	95	-1.652174e+00
95	95	4.721533e+00
96	95	-3.069358e+00
95	96	-3.069358e+00
96	96	3.259577e+00
97	96	-1.902186e-01
45	97	-4.586399e+00
96	97	-1.902186e-01
97	97	4.776617e+00
10	98	-1.004344e+01
37	98	-9.090909e-03
98	98	1.005253e+01
7	99	-1.004344e+01
36	99	-9.090909e-03
99	99	1.005253e+01
14	100	-8.528057e+00
100	100	8.618966e+00
101	100	-9.090909e-02
35	101	-1.094661e+01
100	101	-9.090909e-02
101	101	1.103752e+01
10	102	-9.090909e-02
34	102	-1.094661e+01
102	102	1.103752e+01
9	103	-9.090909e-02
13	103	-1.027557e+01
103	103	1.036648e+01
8	104	-9.090909e-02
19	104	-3.988370e+00
104	104	4.079279e+00
41	105	-1.082251e-02
48	105	-1.759532e-02
105	105	2.841783e-02
40	106	-2.480362e-02
47	106	-7.168459e-03
106	106	3.197208e-02
4	107	-1.001131e+01
48	107	-1.363637e-02
107	107	1.002495e+01
2	108	-9.090909e-02
5	108	-1.001131e+01
91	108	-2.669685e+01
108	108	3.679907e+01
