1	1	1.352710e+01
2	1	-9.090909e-02
17	1	-6.218093e+00
49	1	-6.218093e+00
1	2	-9.090909e-02
2	2	2.024529e+01
59	2	-2.015438e+01
3	3	5.848028e+00
4	3	-9.090909e-02
50	3	-5.757119e+00
3	4	-9.090909e-02
4	4	1.010222e+01
68	4	-1.001131e+01
5	5	5.844351e+00
46	5	-5.753442e+00
69	5	-9.090909e-02
6	6	1.002495e+01
39	6	-1.363637e-02
69	6	-1.001131e+01
7	7	8.555330e+00
23	7	-2.727270e-02
64	7	-8.528057e+00
8	8	8.779912e-01
24	8	-9.090909e-03
61	8	-8.689003e-01
9	9	3.635667e+00
51	9	-3.576436e+00
60	9	-5.923118e-02
10	10	9.019882e+00
33	10	-1.158757e-01
59	10	-8.904006e+00
11	11	3.172906e+00
56	11	-1.605510e+00
58	11	-1.567396e+00
12	12	4.881565e+00
32	12	-8.060876e-01
52	12	-4.075478e+00
13	13	2.493944e-01
31	13	-1.818182e-01
52	13	-6.757624e-02
14	14	3.319730e+00
48	14	-2.037315e+00
49	14	-1.282415e+00
15	15	1.505796e+01
58	15	-4.111352e+00
63	15	-1.094661e+01
16	16	1.505796e+01
57	16	-4.111352e+00
65	16	-1.094661e+01
1	17	-6.218093e+00
17	17	7.250721e+00
46	17	-1.032628e+00
18	18	6.429028e+00
44	18	-4.075478e+00
45	18	-2.353550e+00
19	19	3.418827e+00
41	19	-3.410944e+00
43	19	-7.882954e-03
20	20	4.080580e+00
30	20	-4.075478e+00
42	20	-5.102015e-03
21	21	5.143194e+00
22	21	-1.818182e-01
45	21	-4.961376e+00
21	22	-1.818182e-01
22	22	2.363364e-01
47	22	-5.451820e-02
7	23	-2.727270e-02
23	23	2.727270e-02
8	24	-9.090909e-03
24	24	6.363631e-02
36	24	-2.727270e-02
61	24	-2.727270e-02
25	25	2.480362e-02
67	25	-2.480362e-02
26	26	1.082251e-02
66	26	-1.082251e-02
27	27	1.591788e+00
28	27	-1.818182e-01
35	27	-1.409970e+00
27	28	-1.818182e-01
28	28	1.841412e+00
40	28	-1.659594e+00
29	29	3.727415e+00
40	29	-1.818182e-01
41	29	-3.545596e+00
20	30	-4.075478e+00
30	30	8.930082e+00
44	30	-4.854605e+00
13	31	-1.818182e-01
31	31	7.142940e+00
51	31	-6.961122e+00
12	32	-8.060876e-01
32	32	4.881565e+00
47	32	-4.075478e+00
10	33	-1.158757e-01
33	33	3.172456e+00
34	33	-3.056580e+00
33	34	-3.056580e+00
34	34	3.258371e+00
35	34	-2.017911e-01
27	35	-1.409970e+00
34	35	-2.017911e-01
35	35	1.611761e+00
24	36	-2.727270e-02
36	36	3.722260e+01
37	36	-3.719532e+01
36	37	-3.719532e+01
37	37	4.578648e+01
60	37	-4.038495e+00
62	37	-4.461756e+00
63	37	-9.090909e-02
38	38	2.080483e-02
67	38	-7.168459e-03
68	38	-1.363637e-02
6	39	-1.363637e-02
39	39	3.123169e-02
66	39	-1.759532e-02
28	40	-1.659594e+00
29	40	-1.818182e-01
40	40	1.841412e+00
19	41	-3.410944e+00
29	41	-3.545596e+00
41	41	6.956540e+00
20	42	-5.102015e-03
42	42	2.578899e+00
43	42	-2.573797e+00
19	43	-7.882954e-03
42	43	-2.573797e+00
43	43	2.581680e+00
18	44	-4.075478e+00
30	44	-4.854605e+00
44	44	8.930082e+00
18	45	-2.353550e+00
21	45	-4.961376e+00
45	45	7.314926e+00
5	46	-5.753442e+00
17	46	-1.032628e+00
46	46	6.786070e+00
22	47	-5.451820e-02
32	47	-4.075478e+00
47	47	4.129996e+00
14	48	-2.037315e+00
48	48	2.447330e+00
50	48	-4.100142e-01
1	49	-6.218093e+00
14	49	-1.282415e+00
49	49	7.500508e+00
3	50	-5.757119e+00
48	50	-4.100142e-01
50	50	6.167133e+00
9	51	-3.576436e+00
31	51	-6.961122e+00
51	51	1.053756e+01
12	52	-4.075478e+00
13	52	-6.757624e-02
52	52	4.143054e+00
53	53	3.368830e+00
54	53	-1.763320e+00
55	53	-1.605510e+00
53	54	-1.763320e+00
54	54	5.508926e+01
57	54	-5.332594e+01
53	55	-1.605510e+00
55	55	1.815667e+00
56	55	-2.101564e-01
11	56	-1.605510e+00
55	56	-2.101564e-01
56	56	1.815667e+00
16	57	-4.111352e+00
54	57	-5.332594e+01
57	57	5.743729e+01
11	58	-1.567396e+00
15	58	-4.111352e+00
58	58	5.678748e+00
2	59	-2.015438e+01
10	59	-8.904006e+00
59	59	2.905839e+01
9	60	-5.923118e-02
37	60	-4.038495e+00
60	60	4.097726e+00
8	61	-8.689003e-01
24	61	-2.727270e-02
61	61	1.645815e+00
62	61	-7.496420e-01
37	62	-4.461756e+00
61	62	-7.496420e-01
62	62	5.211398e+00
15	63	-1.094661e+01
37	63	-9.090909e-02
63	63	1.103752e+01
7	64	-8.528057e+00
64	64	8.618966e+00
65	64	-9.090909e-02
16	65	-1.094661e+01
64	65	-9.090909e-02
65	65	1.103752e+01
26	66	-1.082251e-02
39	66	-1.759532e-02
66	66	2.841783e-02
25	67	-2.480362e-02
38	67	-7.168459e-03
67	67	3.197208e-02
4	68	-1.001131e+01
38	68	-1.363637e-02
68	68	1.002495e+01
5	69	-9.090909e-02
6	69	-1.001131e+01
69	69	1.010222e+01
