1	1	1.352710e+01
2	1	-9.090909e-02
71	1	-6.218093e+00
85	1	-6.218093e+00
1	2	-9.090909e-02
2	2	2.024529e+01
90	2	-2.015438e+01
3	3	5.848028e+00
86	3	-5.757119e+00
106	3	-9.090909e-02
4	4	5.844351e+00
5	4	-9.090909e-02
39	4	-5.753442e+00
4	5	-9.090909e-02
5	5	1.010222e+01
105	5	-1.001131e+01
6	6	1.002495e+01
66	6	-1.363637e-02
106	6	-1.001131e+01
7	7	7.358985e+00
8	7	-9.090909e-02
83	7	-7.268076e+00
7	8	-9.090909e-02
8	8	7.362420e+00
17	8	-7.271511e+00
9	9	1.169722e+01
79	9	-5.803157e+00
81	9	-5.803157e+00
102	9	-9.090909e-02
10	10	1.252710e+01
11	10	-9.090909e-02
31	10	-6.218093e+00
73	10	-6.218093e+00
10	11	-9.090909e-02
11	11	2.024529e+01
89	11	-2.015438e+01
12	12	5.848028e+00
13	12	-9.090909e-02
74	12	-5.757119e+00
12	13	-9.090909e-02
13	13	1.010222e+01
93	13	-1.001131e+01
14	14	5.844351e+00
68	14	-5.753442e+00
94	14	-9.090909e-02
15	15	1.002495e+01
60	15	-1.363637e-02
94	15	-1.001131e+01
16	16	9.019882e+00
52	16	-1.158757e-01
90	16	-8.904006e+00
8	17	-7.271511e+00
17	17	9.612116e+00
101	17	-2.340605e+00
18	18	1.002825e+01
20	18	-7.271511e+00
100	18	-2.756735e+00
19	19	9.019882e+00
43	19	-1.158757e-01
89	19	-8.904006e+00
18	20	-7.271511e+00
20	20	4.731668e+01
103	20	-4.004517e+01
21	21	5.258287e+00
51	21	-1.723086e-01
102	21	-5.085978e+00
22	22	5.316385e+00
54	22	-2.523965e-02
97	22	-5.291145e+00
23	23	6.267117e+00
64	23	-6.218093e+00
87	23	-4.902369e-02
24	24	2.447330e+00
84	24	-2.037315e+00
86	24	-4.100142e-01
25	25	4.990080e+00
80	25	-2.020280e+00
82	25	-2.969800e+00
26	26	2.456399e+00
78	26	-2.006706e+00
79	26	-4.496929e-01
27	27	6.237775e+00
61	27	-6.218093e+00
77	27	-1.968128e-02
28	28	2.075249e-01
40	28	-1.818182e-01
75	28	-2.570674e-02
29	29	3.319730e+00
72	29	-2.037315e+00
73	29	-1.282415e+00
30	30	9.482384e+01
70	30	-8.757258e+01
104	30	-7.251264e+00
10	31	-6.218093e+00
31	31	7.250721e+00
68	31	-1.032628e+00
32	32	9.090909e-03
101	32	-9.090909e-03
33	33	9.090909e-03
100	33	-9.090909e-03
34	34	2.480362e-02
96	34	-2.480362e-02
35	35	2.480362e-02
92	35	-2.480362e-02
36	36	1.082251e-02
95	36	-1.082251e-02
37	37	1.082251e-02
91	37	-1.082251e-02
38	38	3.512731e+01
69	38	-2.821312e+00
75	38	-3.230600e+01
4	39	-5.753442e+00
39	39	6.798372e+00
71	39	-1.044930e+00
28	40	-1.818182e-01
40	40	4.768217e+00
56	40	-4.586399e+00
41	41	3.305100e+00
42	41	-1.818182e-01
88	41	-3.123282e+00
41	42	-1.818182e-01
42	42	6.451411e+00
76	42	-6.269592e+00
19	43	-1.158757e-01
43	43	3.172456e+00
44	43	-3.056580e+00
43	44	-3.056580e+00
44	44	3.372479e+00
45	44	-3.158989e-01
44	45	-3.158989e-01
45	45	3.418117e+00
46	45	-3.102218e+00
45	46	-3.102218e+00
46	46	3.299508e+00
55	46	-1.972900e-01
47	47	3.143725e+00
48	47	-3.056580e+00
56	47	-8.714445e-02
47	48	-3.056580e+00
48	48	3.133943e+00
49	48	-7.736285e-02
48	49	-7.736285e-02
49	49	5.163341e+00
97	49	-5.085978e+00
50	50	4.004277e+00
51	50	-3.056580e+00
57	50	-9.476966e-01
21	51	-1.723086e-01
50	51	-3.056580e+00
51	51	3.228889e+00
16	52	-1.158757e-01
52	52	5.716987e+00
58	52	-5.601111e+00
53	53	1.222007e+01
58	53	-6.059247e+00
98	53	-6.160822e+00
22	54	-2.523965e-02
54	54	5.316385e+00
99	54	-5.291145e+00
46	55	-1.972900e-01
55	55	3.350442e+00
88	55	-3.153152e+00
40	56	-4.586399e+00
47	56	-8.714445e-02
56	56	4.673543e+00
50	57	-9.476966e-01
57	57	6.033675e+00
62	57	-5.085978e+00
52	58	-5.601111e+00
53	58	-6.059247e+00
58	58	1.166036e+01
59	59	2.080483e-02
92	59	-7.168459e-03
93	59	-1.363637e-02
15	60	-1.363637e-02
60	60	3.123169e-02
91	60	-1.759532e-02
27	61	-6.218093e+00
61	61	6.309002e+00
97	61	-9.090909e-02
57	62	-5.085978e+00
62	62	5.176888e+00
63	62	-9.090909e-02
62	63	-9.090909e-02
63	63	6.309002e+00
77	63	-6.218093e+00
23	64	-6.218093e+00
64	64	6.309002e+00
98	64	-9.090909e-02
65	65	6.309002e+00
87	65	-6.218093e+00
99	65	-9.090909e-02
6	66	-1.363637e-02
66	66	2.080483e-02
96	66	-7.168459e-03
67	67	3.123169e-02
95	67	-1.759532e-02
105	67	-1.363637e-02
14	68	-5.753442e+00
31	68	-1.032628e+00
68	68	6.786070e+00
38	69	-2.821312e+00
69	69	3.512731e+01
76	69	-3.230600e+01
30	70	-8.757258e+01
70	70	9.133432e+01
78	70	-3.761746e+00
1	71	-6.218093e+00
39	71	-1.044930e+00
71	71	7.263023e+00
29	72	-2.037315e+00
72	72	2.447330e+00
74	72	-4.100142e-01
10	73	-6.218093e+00
29	73	-1.282415e+00
73	73	7.500508e+00
12	74	-5.757119e+00
72	74	-4.100142e-01
74	74	6.167133e+00
28	75	-2.570674e-02
38	75	-3.230600e+01
75	75	3.233171e+01
42	76	-6.269592e+00
69	76	-3.230600e+01
76	76	3.857559e+01
27	77	-1.968128e-02
63	77	-6.218093e+00
77	77	6.237775e+00
26	78	-2.006706e+00
70	78	-3.761746e+00
78	78	5.768452e+00
9	79	-5.803157e+00
26	79	-4.496929e-01
79	79	6.252850e+00
25	80	-2.020280e+00
80	80	2.430294e+00
81	80	-4.100142e-01
9	81	-5.803157e+00
80	81	-4.100142e-01
81	81	6.213171e+00
25	82	-2.969800e+00
82	82	9.054238e+01
83	82	-8.757258e+01
7	83	-7.268076e+00
82	83	-8.757258e+01
83	83	9.484065e+01
24	84	-2.037315e+00
84	84	3.304632e+00
85	84	-1.267316e+00
1	85	-6.218093e+00
84	85	-1.267316e+00
85	85	7.485410e+00
3	86	-5.757119e+00
24	86	-4.100142e-01
86	86	6.167133e+00
23	87	-4.902369e-02
65	87	-6.218093e+00
87	87	6.267117e+00
41	88	-3.123282e+00
55	88	-3.153152e+00
88	88	6.276434e+00
11	89	-2.015438e+01
19	89	-8.904006e+00
89	89	2.905839e+01
2	90	-2.015438e+01
16	90	-8.904006e+00
90	90	2.905839e+01
37	91	-1.082251e-02
60	91	-1.759532e-02
91	91	2.841783e-02
35	92	-2.480362e-02
59	92	-7.168459e-03
92	92	3.197208e-02
13	93	-1.001131e+01
59	93	-1.363637e-02
93	93	1.002495e+01
14	94	-9.090909e-02
15	94	-1.001131e+01
94	94	1.010222e+01
36	95	-1.082251e-02
67	95	-1.759532e-02
95	95	2.841783e-02
34	96	-2.480362e-02
66	96	-7.168459e-03
96	96	3.197208e-02
22	97	-5.291145e+00
49	97	-5.085978e+00
61	97	-9.090909e-02
97	97	1.046803e+01
53	98	-6.160822e+00
64	98	-9.090909e-02
98	98	6.251731e+00
54	99	-5.291145e+00
65	99	-9.090909e-02
99	99	5.382054e+00
18	100	-2.756735e+00
33	100	-9.090909e-03
100	100	2.765826e+00
17	101	-2.340605e+00
32	101	-9.090909e-03
101	101	2.349696e+00
9	102	-9.090909e-02
21	102	-5.085978e+00
102	102	5.176888e+00
20	103	-4.004517e+01
103	103	4.013608e+01
104	103	-9.090909e-02
30	104	-7.251264e+00
103	104	-9.090909e-02
104	104	7.342173e+00
5	105	-1.001131e+01
67	105	-1.363637e-02
105	105	1.002495e+01
3	106	-9.090909e-02
6	106	-1.001131e+01
106	106	1.010222e+01
