0	0	1.352709590730745e+01
1	0	-9.090909090909091e-02
70	0	-6.218093408199178e+00
84	0	-6.218093408199178e+00
0	1	-9.090909090909091e-02
1	1	2.024529166139904e+01
89	1	-2.015438257048995e+01
2	2	5.848027768153504e+00
85	2	-5.757118677244413e+00
105	2	-9.090909090909091e-02
3	3	5.844351087583601e+00
4	3	-9.090909090909091e-02
38	3	-5.753441996674511e+00
3	4	-9.090909090909091e-02
4	4	1.010222187435438e+01
104	4	-1.001131278344529e+01
5	5	1.002494915328001e+01
65	5	-1.363636983471356e-02
105	5	-1.001131278344529e+01
6	6	7.358984795185627e+00
7	6	-9.090909090909091e-02
82	6	-7.268075704276536e+00
6	7	-9.090909090909091e-02
7	7	7.362420038168821e+00
16	7	-7.271510947259730e+00
8	8	1.169722292563518e+01
78	8	-5.803156917363046e+00
80	8	-5.803156917363046e+00
101	8	-9.090909090909091e-02
9	9	1.252709590730745e+01
10	9	-9.090909090909091e-02
30	9	-6.218093408199178e+00
72	9	-6.218093408199178e+00
9	10	-9.090909090909091e-02
10	10	2.024529166139904e+01
88	10	-2.015438257048995e+01
11	11	5.848027768153504e+00
12	11	-9.090909090909091e-02
73	11	-5.757118677244413e+00
11	12	-9.090909090909091e-02
12	12	1.010222187435438e+01
92	12	-1.001131278344529e+01
13	13	5.844351087583601e+00
67	13	-5.753441996674511e+00
93	13	-9.090909090909091e-02
14	14	1.002494915328001e+01
59	14	-1.363636983471356e-02
93	14	-1.001131278344529e+01
15	15	9.019881573040882e+00
51	15	-1.158756607809556e-01
89	15	-8.904005912259926e+00
7	16	-7.271510947259730e+00
16	16	9.612115759543224e+00
100	16	-2.340604812283494e+00
17	17	1.002824565013886e+01
19	17	-7.271510947259730e+00
99	17	-2.756734702879134e+00
18	18	9.019881573040882e+00
42	18	-1.158756607809556e-01
88	18	-8.904005912259926e+00
17	19	-7.271510947259730e+00
19	19	4.731668190009453e+01
102	19	-4.004517095283480e+01
20	20	5.258287091392347e+00
50	20	-1.723086254251715e-01
101	20	-5.085978465967176e+00
21	21	5.316384918874665e+00
53	21	-2.523965048132014e-02
96	21	-5.291145268393344e+00
22	22	6.267117101350078e+00
63	22	-6.218093408199178e+00
86	22	-4.902369315089983e-02
23	23	2.447329656642144e+00
83	23	-2.037315470151291e+00
85	23	-4.100141864908526e-01
24	24	4.990079669041466e+00
79	24	-2.020279566286383e+00
81	24	-2.969800102755084e+00
25	25	2.456399272608456e+00
77	25	-2.006706412831683e+00
78	25	-4.496928597767725e-01
26	26	6.237774689529318e+00
60	26	-6.218093408199178e+00
76	26	-1.968128133013972e-02
27	27	2.075249244397040e-01
39	27	-1.818181818181818e-01
74	27	-2.570674262152220e-02
28	28	3.319730103015218e+00
71	28	-2.037315470151291e+00
72	28	-1.282414632863927e+00
29	29	9.482383930484175e+01
69	29	-8.757257577217119e+01
103	29	-7.251263532670568e+00
9	30	-6.218093408199178e+00
30	30	7.250721353383156e+00
67	30	-1.032627945183978e+00
31	31	9.090909090909090e-03
100	31	-9.090909090909090e-03
32	32	9.090909090909090e-03
99	32	-9.090909090909090e-03
33	33	2.480361735955572e-02
95	33	-2.480361735955572e-02
34	34	2.480361735955572e-02
91	34	-2.480361735955572e-02
35	35	1.082251082251082e-02
94	35	-1.082251082251082e-02
36	36	1.082251082251082e-02
90	36	-1.082251082251082e-02
37	37	3.512731464755683e+01
68	37	-2.821312192300639e+00
74	37	-3.230600245525619e+01
3	38	-5.753441996674511e+00
38	38	6.798371892327811e+00
70	38	-1.044929895653301e+00
27	39	-1.818181818181818e-01
39	39	4.768216758200063e+00
55	39	-4.586398576381882e+00
40	40	3.305100376611045e+00
41	40	-1.818181818181818e-01
87	40	-3.123282194792864e+00
40	41	-1.818181818181818e-01
41	41	6.451410658307210e+00
75	41	-6.269592476489028e+00
18	42	-1.158756607809556e-01
42	42	3.172456019806885e+00
43	42	-3.056580359025929e+00
42	43	-3.056580359025929e+00
43	43	3.372479233478240e+00
44	43	-3.158988744523103e-01
43	44	-3.158988744523103e-01
44	44	3.418116960383751e+00
45	44	-3.102218085931441e+00
44	45	-3.102218085931441e+00
45	45	3.299508110158656e+00
54	45	-1.972900242272150e-01
46	46	3.143724809667312e+00
47	46	-3.056580359025929e+00
55	46	-8.714445064138317e-02
46	47	-3.056580359025929e+00
47	47	3.133943214024730e+00
48	47	-7.736285499880087e-02
47	48	-7.736285499880087e-02
48	48	5.163341320965976e+00
96	48	-5.085978465967176e+00
49	49	4.004276982382860e+00
50	49	-3.056580359025929e+00
56	49	-9.476966233569309e-01
20	50	-1.723086254251715e-01
49	50	-3.056580359025929e+00
50	50	3.228888984451101e+00
15	51	-1.158756607809556e-01
51	51	5.716986921255033e+00
57	51	-5.601111260474078e+00
52	52	1.222006942039891e+01
57	52	-6.059247320297873e+00
97	52	-6.160822100101038e+00
21	53	-2.523965048132014e-02
53	53	5.316384918874665e+00
98	53	-5.291145268393344e+00
45	54	-1.972900242272150e-01
54	54	3.350441757041750e+00
87	54	-3.153151732814535e+00
39	55	-4.586398576381882e+00
46	55	-8.714445064138317e-02
55	55	4.673543027023265e+00
49	56	-9.476966233569309e-01
56	56	6.033675089324107e+00
61	56	-5.085978465967176e+00
51	57	-5.601111260474078e+00
52	57	-6.059247320297873e+00
57	57	1.166035858077195e+01
58	58	2.080482861607557e-02
91	58	-7.168458781362007e-03
92	58	-1.363636983471356e-02
14	59	-1.363636983471356e-02
59	59	3.123168807243687e-02
90	59	-1.759531823772330e-02
26	60	-6.218093408199178e+00
60	60	6.309002499108269e+00
96	60	-9.090909090909091e-02
56	61	-5.085978465967176e+00
61	61	5.176887556876267e+00
62	61	-9.090909090909091e-02
61	62	-9.090909090909091e-02
62	62	6.309002499108269e+00
76	62	-6.218093408199178e+00
22	63	-6.218093408199178e+00
63	63	6.309002499108269e+00
97	63	-9.090909090909091e-02
64	64	6.309002499108269e+00
86	64	-6.218093408199178e+00
98	64	-9.090909090909091e-02
5	65	-1.363636983471356e-02
65	65	2.080482861607557e-02
95	65	-7.168458781362007e-03
66	66	3.123168807243687e-02
94	66	-1.759531823772330e-02
104	66	-1.363636983471356e-02
13	67	-5.753441996674511e+00
30	67	-1.032627945183978e+00
67	67	6.786069941858488e+00
37	68	-2.821312192300639e+00
68	68	3.512731464755683e+01
75	68	-3.230600245525619e+01
29	69	-8.757257577217119e+01
69	69	9.133432182421870e+01
77	69	-3.761746052047518e+00
0	70	-6.218093408199178e+00
38	70	-1.044929895653301e+00
70	70	7.263023303852479e+00
28	71	-2.037315470151291e+00
71	71	2.447329656642144e+00
73	71	-4.100141864908526e-01
9	72	-6.218093408199178e+00
28	72	-1.282414632863927e+00
72	72	7.500508041063105e+00
11	73	-5.757118677244413e+00
71	73	-4.100141864908526e-01
73	73	6.167132863735265e+00
27	74	-2.570674262152220e-02
37	74	-3.230600245525619e+01
74	74	3.233170919787771e+01
41	75	-6.269592476489028e+00
68	75	-3.230600245525619e+01
75	75	3.857559493174522e+01
26	76	-1.968128133013972e-02
62	76	-6.218093408199178e+00
76	76	6.237774689529318e+00
25	77	-2.006706412831683e+00
69	77	-3.761746052047518e+00
77	77	5.768452464879202e+00
8	78	-5.803156917363046e+00
25	78	-4.496928597767725e-01
78	78	6.252849777139818e+00
24	79	-2.020279566286383e+00
79	79	2.430293752777235e+00
80	79	-4.100141864908526e-01
8	80	-5.803156917363046e+00
79	80	-4.100141864908526e-01
80	80	6.213171103853898e+00
24	81	-2.969800102755084e+00
81	81	9.054237587492628e+01
82	81	-8.757257577217119e+01
6	82	-7.268075704276536e+00
81	82	-8.757257577217119e+01
82	82	9.484065147644773e+01
23	83	-2.037315470151291e+00
83	83	3.304631763149749e+00
84	83	-1.267316292998458e+00
0	84	-6.218093408199178e+00
83	84	-1.267316292998458e+00
84	84	7.485409701197636e+00
2	85	-5.757118677244413e+00
23	85	-4.100141864908526e-01
85	85	6.167132863735265e+00
22	86	-4.902369315089983e-02
64	86	-6.218093408199178e+00
86	86	6.267117101350078e+00
40	87	-3.123282194792864e+00
54	87	-3.153151732814535e+00
87	87	6.276433927607398e+00
10	88	-2.015438257048995e+01
18	88	-8.904005912259926e+00
88	88	2.905838848274988e+01
1	89	-2.015438257048995e+01
15	89	-8.904005912259926e+00
89	89	2.905838848274988e+01
36	90	-1.082251082251082e-02
59	90	-1.759531823772330e-02
90	90	2.841782906023413e-02
34	91	-2.480361735955572e-02
58	91	-7.168458781362007e-03
91	91	3.197207614091772e-02
12	92	-1.001131278344529e+01
58	92	-1.363636983471356e-02
92	92	1.002494915328001e+01
13	93	-9.090909090909091e-02
14	93	-1.001131278344529e+01
93	93	1.010222187435438e+01
35	94	-1.082251082251082e-02
66	94	-1.759531823772330e-02
94	94	2.841782906023413e-02
33	95	-2.480361735955572e-02
65	95	-7.168458781362007e-03
95	95	3.197207614091772e-02
21	96	-5.291145268393344e+00
48	96	-5.085978465967176e+00
60	96	-9.090909090909091e-02
96	96	1.046803282526961e+01
52	97	-6.160822100101038e+00
63	97	-9.090909090909091e-02
97	97	6.251731191010129e+00
53	98	-5.291145268393344e+00
64	98	-9.090909090909091e-02
98	98	5.382054359302435e+00
17	99	-2.756734702879134e+00
32	99	-9.090909090909090e-03
99	99	2.765825611970043e+00
16	100	-2.340604812283494e+00
31	100	-9.090909090909090e-03
100	100	2.349695721374403e+00
8	101	-9.090909090909091e-02
20	101	-5.085978465967176e+00
101	101	5.176887556876267e+00
19	102	-4.004517095283480e+01
102	102	4.013608004374390e+01
103	102	-9.090909090909091e-02
29	103	-7.251263532670568e+00
102	103	-9.090909090909091e-02
103	103	7.342172623579659e+00
4	104	-1.001131278344529e+01
66	104	-1.363636983471356e-02
104	104	1.002494915328001e+01
2	105	-9.090909090909091e-02
5	105	-1.001131278344529e+01
105	105	1.010222187435438e+01
