1	1	1.352710e+01
2	1	-9.090909e-02
102	1	-6.218093e+00
162	1	-6.218093e+00
1	2	-9.090909e-02
2	2	2.024529e+01
222	2	-2.015438e+01
3	3	5.848028e+00
4	3	-9.090909e-02
163	3	-5.757119e+00
3	4	-9.090909e-02
4	4	1.010222e+01
272	4	-1.001131e+01
5	5	5.844351e+00
148	5	-5.753442e+00
273	5	-9.090909e-02
6	6	1.002495e+01
132	6	-1.363637e-02
273	6	-1.001131e+01
7	7	2.080483e-02
267	7	-7.168459e-03
272	7	-1.363637e-02
8	8	6.309002e+00
164	8	-6.218093e+00
269	8	-9.090909e-02
9	9	6.309002e+00
10	9	-9.090909e-02
158	9	-6.218093e+00
9	10	-9.090909e-02
10	10	5.113032e+00
57	10	-5.022122e+00
11	11	1.164245e+01
12	11	-9.090909e-02
90	11	-5.775773e+00
159	11	-5.775773e+00
11	12	-9.090909e-02
12	12	5.072279e+00
54	12	-4.981370e+00
13	13	5.866682e+00
160	13	-5.775773e+00
268	13	-9.090909e-02
14	14	2.976540e-02
15	14	-1.363637e-02
137	14	-1.612903e-02
14	15	-1.363637e-02
15	15	6.647532e+00
218	15	-6.633895e+00
16	16	3.123169e-02
141	16	-1.759532e-02
265	16	-1.363637e-02
17	17	6.309002e+00
184	17	-6.218093e+00
264	17	-9.090909e-02
18	18	1.184006e+01
19	18	-9.090909e-02
181	18	-5.874578e+00
183	18	-5.874578e+00
18	19	-9.090909e-02
19	19	5.147799e+00
39	19	-5.056890e+00
20	20	5.645601e+00
21	20	-9.090909e-02
180	20	-5.554691e+00
20	21	-9.090909e-02
21	21	5.176888e+00
41	21	-5.085978e+00
22	22	1.060483e+01
211	22	-5.256960e+00
213	22	-5.256960e+00
263	22	-9.090909e-02
23	23	4.965177e+00
24	23	-9.090909e-02
67	23	-4.874268e+00
23	24	-9.090909e-02
24	24	1.010222e+01
259	24	-1.001131e+01
25	25	2.976540e-02
139	25	-1.612903e-02
260	25	-1.363637e-02
26	26	1.002495e+01
129	26	-1.363637e-02
261	26	-1.001131e+01
27	27	1.252710e+01
124	27	-6.218093e+00
150	27	-6.218093e+00
257	27	-9.090909e-02
28	28	6.309002e+00
29	28	-9.090909e-02
99	28	-6.218093e+00
28	29	-9.090909e-02
29	29	1.010222e+01
256	29	-1.001131e+01
30	30	6.309002e+00
31	30	-9.090909e-02
176	30	-6.218093e+00
30	31	-9.090909e-02
31	31	5.113032e+00
46	31	-5.022122e+00
32	32	3.123169e-02
142	32	-1.759532e-02
255	32	-1.363637e-02
33	33	8.849164e+00
248	33	-8.758255e+00
254	33	-9.090909e-02
34	34	9.769249e+00
35	34	-9.090909e-02
199	34	-4.839170e+00
201	34	-4.839170e+00
34	35	-9.090909e-02
35	35	9.454906e+00
250	35	-9.363997e+00
36	36	8.849164e+00
247	36	-8.758255e+00
253	36	-9.090909e-02
37	37	1.183250e+01
202	37	-5.916250e+00
204	37	-5.916250e+00
38	38	4.898958e+00
61	38	-5.629585e-02
263	38	-4.842662e+00
19	39	-5.056890e+00
39	39	5.437605e+00
246	39	-3.807145e-01
40	40	9.168361e+00
243	40	-4.082382e+00
264	40	-5.085978e+00
21	41	-5.085978e+00
41	41	6.916012e+00
240	41	-1.830034e+00
42	42	3.317969e+00
62	42	-1.648169e-01
216	42	-3.153152e+00
43	43	6.958319e+00
45	43	-3.767457e+00
237	43	-3.190861e+00
44	44	9.657784e+00
45	44	-2.122840e+00
255	44	-7.534943e+00
43	45	-3.767457e+00
44	45	-2.122840e+00
45	45	5.890298e+00
31	46	-5.022122e+00
46	46	5.131618e+00
235	46	-1.094959e-01
47	47	3.255603e+00
63	47	-3.102218e+00
232	47	-1.533846e-01
48	48	5.119709e+00
233	48	-7.849663e-02
257	48	-5.041212e+00
49	49	3.202383e+00
214	49	-3.153152e+00
230	49	-4.923101e-02
50	50	9.620693e+00
51	50	-2.175952e+00
64	50	-7.444741e+00
50	51	-2.175952e+00
51	51	1.610203e+01
84	51	-1.392608e+01
52	52	6.430639e+00
64	52	-1.449269e+00
270	52	-4.981370e+00
53	53	1.165278e+01
65	53	-6.059247e+00
66	53	-5.593529e+00
12	54	-4.981370e+00
54	54	5.024930e+00
224	54	-4.356046e-02
55	55	5.099482e+00
229	55	-1.181123e-01
270	55	-4.981370e+00
56	56	9.019882e+00
66	56	-1.158757e-01
222	56	-8.904006e+00
10	57	-5.022122e+00
57	57	5.337084e+00
221	57	-3.149616e-01
58	58	5.147191e+00
219	58	-6.121225e-02
268	58	-5.085978e+00
59	59	6.972207e+00
136	59	-2.659985e+00
251	59	-4.312222e+00
60	60	1.943772e+01
61	60	-8.740495e+00
151	60	-1.069722e+01
38	61	-5.629585e-02
60	61	-8.740495e+00
61	61	8.796791e+00
42	62	-1.648169e-01
62	62	5.250795e+00
264	62	-5.085978e+00
47	63	-3.102218e+00
63	63	4.932252e+00
127	63	-1.830034e+00
50	64	-7.444741e+00
52	64	-1.449269e+00
64	64	8.894010e+00
53	65	-6.059247e+00
65	65	1.222007e+01
269	65	-6.160822e+00
53	66	-5.593529e+00
56	66	-1.158757e-01
66	66	5.709405e+00
23	67	-4.874268e+00
67	67	5.004522e+00
213	67	-1.302538e-01
68	68	1.797132e+00
210	68	-1.743396e+00
212	68	-5.373600e-02
69	69	2.619751e+00
208	69	-2.189075e+00
209	69	-4.306762e-01
70	70	5.767250e+01
206	70	-4.702187e+00
207	70	-5.297031e+01
71	71	1.598483e+00
200	71	-1.437447e+00
202	71	-1.610368e-01
72	72	4.196839e+00
95	72	-4.111352e+00
199	72	-8.548762e-02
73	73	6.792076e+00
188	73	-3.246479e+00
198	73	-3.545596e+00
74	74	1.114332e+00
135	74	-9.325140e-01
198	74	-1.818182e-01
75	75	4.547727e+00
195	75	-2.195881e+00
197	75	-2.351845e+00
76	76	2.386095e+00
190	76	-2.202716e+00
192	76	-1.833789e-01
77	77	2.351788e+00
187	77	-2.170935e+00
189	77	-1.808534e-01
78	78	2.173228e+00
182	78	-2.113200e+00
184	78	-6.002797e-02
79	79	1.710947e+00
179	79	-5.293610e-01
181	79	-1.181586e+00
80	80	5.064461e-01
81	80	-1.818182e-01
175	80	-3.246279e-01
80	81	-1.818182e-01
81	81	4.768217e+00
230	81	-4.586399e+00
82	82	3.633867e+00
174	82	-3.452049e+00
175	82	-1.818182e-01
83	83	6.792076e+00
172	83	-3.246479e+00
173	83	-3.545596e+00
51	84	-1.392608e+01
84	84	1.410790e+01
173	84	-1.818182e-01
85	85	3.440820e-01
170	85	-2.715547e-01
172	85	-7.252736e-02
86	86	6.451411e+00
87	86	-1.818182e-01
165	86	-6.269592e+00
86	87	-1.818182e-01
87	87	3.305100e+00
214	87	-3.123282e+00
88	88	1.267685e+01
101	88	-1.251040e+01
164	88	-1.664492e-01
89	89	3.319730e+00
161	89	-2.037315e+00
162	89	-1.282415e+00
11	90	-5.775773e+00
90	90	5.935285e+00
160	90	-1.595118e-01
91	91	2.289592e+00
157	91	-2.051000e+00
159	91	-2.385917e-01
92	92	1.505796e+01
212	92	-4.111352e+00
262	92	-1.094661e+01
93	93	1.505796e+01
209	93	-4.111352e+00
252	93	-1.094661e+01
94	94	9.301608e+01
154	94	-8.632448e+01
253	94	-6.691604e+00
72	95	-4.111352e+00
95	95	1.505796e+01
254	95	-1.094661e+01
96	96	3.512731e+01
153	96	-2.821312e+00
191	96	-3.230600e+01
97	97	3.512731e+01
152	97	-2.821312e+00
189	97	-3.230600e+01
98	98	5.048377e+00
151	98	-1.818182e-01
192	98	-4.866559e+00
28	99	-6.218093e+00
99	99	6.271731e+00
150	99	-5.363713e-02
100	100	3.512731e+01
149	100	-2.821312e+00
165	100	-3.230600e+01
88	101	-1.251040e+01
101	101	2.703439e+01
271	101	-1.452399e+01
1	102	-6.218093e+00
102	102	7.250721e+00
148	102	-1.032628e+00
103	103	3.439185e+00
146	103	-3.410944e+00
147	103	-2.824133e-02
104	104	3.727415e+00
145	104	-1.818182e-01
146	104	-3.545596e+00
105	105	5.143194e+00
106	105	-1.818182e-01
147	105	-4.961376e+00
105	106	-1.818182e-01
106	106	1.841412e+00
133	106	-1.659594e+00
107	107	9.090909e-03
249	107	-9.090909e-03
108	108	9.090909e-03
250	108	-9.090909e-03
109	109	9.090909e-03
247	109	-9.090909e-03
110	110	9.090909e-03
248	110	-9.090909e-03
111	111	1.240182e-02
144	111	-1.240182e-02
112	112	1.240182e-02
143	112	-1.240182e-02
113	113	1.240182e-02
142	113	-1.240182e-02
114	114	2.480362e-02
267	114	-2.480362e-02
115	115	1.240182e-02
141	115	-1.240182e-02
116	116	1.082251e-02
140	116	-1.082251e-02
117	117	5.411255e-03
139	117	-5.411255e-03
118	118	1.082251e-02
138	118	-1.082251e-02
119	119	1.082251e-02
266	119	-1.082251e-02
120	120	5.411255e-03
137	120	-5.411255e-03
121	121	3.305100e+00
133	121	-1.818182e-01
216	121	-3.123282e+00
122	122	5.061071e-01
123	122	-1.818182e-01
145	122	-3.242889e-01
122	123	-1.818182e-01
123	123	4.768217e+00
238	123	-4.586399e+00
27	124	-6.218093e+00
124	124	6.708756e+00
176	124	-4.906627e-01
125	125	8.834565e+00
126	125	-8.740495e+00
245	125	-9.407072e-02
125	126	-8.740495e+00
126	126	1.046585e+01
151	126	-1.725358e+00
63	127	-1.830034e+00
127	127	4.983186e+00
215	127	-3.153152e+00
128	128	3.123169e-02
138	128	-1.759532e-02
256	128	-1.363637e-02
26	129	-1.363637e-02
129	129	3.123169e-02
144	129	-1.759532e-02
130	130	3.123169e-02
143	130	-1.759532e-02
258	130	-1.363637e-02
131	131	3.123169e-02
140	131	-1.759532e-02
259	131	-1.363637e-02
6	132	-1.363637e-02
132	132	3.123169e-02
266	132	-1.759532e-02
106	133	-1.659594e+00
121	133	-1.818182e-01
133	133	1.841412e+00
134	134	2.685326e+00
135	134	-1.459733e+00
136	134	-1.225594e+00
74	135	-9.325140e-01
134	135	-1.459733e+00
135	135	2.392247e+00
59	136	-2.659985e+00
134	136	-1.225594e+00
136	136	3.885579e+00
14	137	-1.612903e-02
120	137	-5.411255e-03
137	137	2.154029e-02
118	138	-1.082251e-02
128	138	-1.759532e-02
138	138	2.841783e-02
25	139	-1.612903e-02
117	139	-5.411255e-03
139	139	2.154029e-02
116	140	-1.082251e-02
131	140	-1.759532e-02
140	140	2.841783e-02
16	141	-1.759532e-02
115	141	-1.240182e-02
141	141	2.999714e-02
32	142	-1.759532e-02
113	142	-1.240182e-02
142	142	2.999714e-02
112	143	-1.240182e-02
130	143	-1.759532e-02
143	143	2.999714e-02
111	144	-1.240182e-02
129	144	-1.759532e-02
144	144	2.999714e-02
104	145	-1.818182e-01
122	145	-3.242889e-01
145	145	5.061071e-01
103	146	-3.410944e+00
104	146	-3.545596e+00
146	146	6.956540e+00
103	147	-2.824133e-02
105	147	-4.961376e+00
147	147	4.989617e+00
5	148	-5.753442e+00
102	148	-1.032628e+00
148	148	6.786070e+00
100	149	-2.821312e+00
149	149	3.512731e+01
171	149	-3.230600e+01
27	150	-6.218093e+00
99	150	-5.363713e-02
150	150	6.271731e+00
60	151	-1.069722e+01
98	151	-1.818182e-01
126	151	-1.725358e+00
151	151	1.260440e+01
97	152	-2.821312e+00
152	152	3.512731e+01
196	152	-3.230600e+01
96	153	-2.821312e+00
153	153	3.512731e+01
197	153	-3.230600e+01
94	154	-8.632448e+01
154	154	8.654741e+01
208	154	-2.229381e-01
155	155	2.145476e+00
156	155	-2.051000e+00
157	155	-9.447599e-02
155	156	-2.051000e+00
156	156	2.111804e+00
158	156	-6.080395e-02
91	157	-2.051000e+00
155	157	-9.447599e-02
157	157	2.145476e+00
9	158	-6.218093e+00
156	158	-6.080395e-02
158	158	6.278897e+00
11	159	-5.775773e+00
91	159	-2.385917e-01
159	159	6.014365e+00
13	160	-5.775773e+00
90	160	-1.595118e-01
160	160	5.935285e+00
89	161	-2.037315e+00
161	161	2.447330e+00
163	161	-4.100142e-01
1	162	-6.218093e+00
89	162	-1.282415e+00
162	162	7.500508e+00
3	163	-5.757119e+00
161	163	-4.100142e-01
163	163	6.167133e+00
8	164	-6.218093e+00
88	164	-1.664492e-01
164	164	6.384543e+00
86	165	-6.269592e+00
100	165	-3.230600e+01
165	165	3.857559e+01
166	166	2.292987e+00
167	166	-2.196861e+00
168	166	-9.612612e-02
166	167	-2.196861e+00
167	167	2.288910e+00
171	167	-9.204967e-02
166	168	-9.612612e-02
168	168	4.489857e+00
169	168	-4.393731e+00
168	169	-4.393731e+00
169	169	8.773261e+00
170	169	-4.379530e+00
85	170	-2.715547e-01
169	170	-4.379530e+00
170	170	4.651085e+00
149	171	-3.230600e+01
167	171	-9.204967e-02
171	171	3.239805e+01
83	172	-3.246479e+00
85	172	-7.252736e-02
172	172	3.319007e+00
83	173	-3.545596e+00
84	173	-1.818182e-01
173	173	3.727415e+00
82	174	-3.452049e+00
174	174	3.670823e+01
215	174	-3.325618e+01
80	175	-3.246279e-01
82	175	-1.818182e-01
175	175	5.064461e-01
30	176	-6.218093e+00
124	176	-4.906627e-01
176	176	6.708756e+00
177	177	2.965223e+00
178	177	-2.108024e+00
179	177	-8.571992e-01
177	178	-2.108024e+00
178	178	2.883025e+00
180	178	-7.750016e-01
79	179	-5.293610e-01
177	179	-8.571992e-01
179	179	1.386560e+00
20	180	-5.554691e+00
178	180	-7.750016e-01
180	180	6.329693e+00
18	181	-5.874578e+00
79	181	-1.181586e+00
181	181	7.056164e+00
78	182	-2.113200e+00
182	182	2.211666e+00
183	182	-9.846590e-02
18	183	-5.874578e+00
182	183	-9.846590e-02
183	183	5.973044e+00
17	184	-6.218093e+00
78	184	-6.002797e-02
184	184	6.278121e+00
185	185	2.323586e+00
186	185	-2.185286e+00
187	185	-1.382996e-01
185	186	-2.185286e+00
186	186	6.907658e+00
188	186	-4.722372e+00
77	187	-2.170935e+00
185	187	-1.382996e-01
187	187	2.309235e+00
73	188	-3.246479e+00
186	188	-4.722372e+00
188	188	7.968851e+00
77	189	-1.808534e-01
97	189	-3.230600e+01
189	189	3.248686e+01
76	190	-2.202716e+00
190	190	1.026359e+01
191	190	-8.060876e+00
96	191	-3.230600e+01
190	191	-8.060876e+00
191	191	4.036688e+01
76	192	-1.833789e-01
98	192	-4.866559e+00
192	192	5.049938e+00
193	193	3.583135e+00
194	193	-2.192473e+00
195	193	-1.390662e+00
193	194	-2.192473e+00
194	194	3.902907e+00
196	194	-1.710434e+00
75	195	-2.195881e+00
193	195	-1.390662e+00
195	195	3.586543e+00
152	196	-3.230600e+01
194	196	-1.710434e+00
196	196	3.401644e+01
75	197	-2.351845e+00
153	197	-3.230600e+01
197	197	3.465785e+01
73	198	-3.545596e+00
74	198	-1.818182e-01
198	198	3.727415e+00
34	199	-4.839170e+00
72	199	-8.548762e-02
199	199	4.924658e+00
71	200	-1.437447e+00
200	200	4.429515e+00
201	200	-2.992068e+00
34	201	-4.839170e+00
200	201	-2.992068e+00
201	201	7.831238e+00
37	202	-5.916250e+00
71	202	-1.610368e-01
202	202	6.077286e+00
203	203	5.017710e-01
204	203	-3.062721e-01
205	203	-1.954988e-01
37	204	-5.916250e+00
203	204	-3.062721e-01
204	204	6.222522e+00
203	205	-1.954988e-01
205	205	1.648227e+00
206	205	-1.452728e+00
70	206	-4.702187e+00
205	206	-1.452728e+00
206	206	6.154915e+00
70	207	-5.297031e+01
207	207	5.805042e+01
253	207	-5.080113e+00
69	208	-2.189075e+00
154	208	-2.229381e-01
208	208	2.412013e+00
69	209	-4.306762e-01
93	209	-4.111352e+00
209	209	4.542028e+00
68	210	-1.743396e+00
210	210	1.831081e+00
211	210	-8.768469e-02
22	211	-5.256960e+00
210	211	-8.768469e-02
211	211	5.344645e+00
68	212	-5.373600e-02
92	212	-4.111352e+00
212	212	4.165088e+00
22	213	-5.256960e+00
67	213	-1.302538e-01
213	213	5.387214e+00
49	214	-3.153152e+00
87	214	-3.123282e+00
214	214	6.276434e+00
127	215	-3.153152e+00
174	215	-3.325618e+01
215	215	3.640933e+01
42	216	-3.153152e+00
121	216	-3.123282e+00
216	216	6.276434e+00
217	217	7.158580e+00
218	217	-3.917835e+00
219	217	-3.240745e+00
15	218	-6.633895e+00
217	218	-3.917835e+00
218	218	1.055173e+01
58	219	-6.121225e-02
217	219	-3.240745e+00
219	219	3.301957e+00
220	220	8.105876e+00
221	220	-1.412928e+00
265	220	-6.692948e+00
57	221	-3.149616e-01
220	221	-1.412928e+00
221	221	1.727890e+00
2	222	-2.015438e+01
56	222	-8.904006e+00
222	222	2.905839e+01
223	223	5.641853e+00
224	223	-4.509786e+00
225	223	-1.132067e+00
54	224	-4.356046e-02
223	224	-4.509786e+00
224	224	4.553347e+00
223	225	-1.132067e+00
225	225	4.702883e+00
226	225	-3.570816e+00
225	226	-3.570816e+00
226	226	5.292102e+00
227	226	-1.721286e+00
226	227	-1.721286e+00
227	227	5.887241e+00
228	227	-4.165955e+00
227	228	-4.165955e+00
228	228	1.661870e+01
229	228	-1.245274e+01
55	229	-1.181123e-01
228	229	-1.245274e+01
229	229	1.257085e+01
49	230	-4.923101e-02
81	230	-4.586399e+00
230	230	4.635630e+00
231	231	2.186420e+00
232	231	-1.367230e-01
233	231	-2.049697e+00
47	232	-1.533846e-01
231	232	-1.367230e-01
232	232	2.901076e-01
48	233	-7.849663e-02
231	233	-2.049697e+00
233	233	2.128194e+00
234	234	9.568249e+00
235	234	-2.033306e+00
255	234	-7.534943e+00
46	235	-1.094959e-01
234	235	-2.033306e+00
235	235	2.142801e+00
236	236	2.125715e+00
237	236	-2.067008e+00
238	236	-5.870681e-02
43	237	-3.190861e+00
236	237	-2.067008e+00
237	237	5.257870e+00
123	238	-4.586399e+00
236	238	-5.870681e-02
238	238	4.645105e+00
239	239	7.039583e+00
240	239	-3.104636e+00
241	239	-3.934947e+00
41	240	-1.830034e+00
239	240	-3.104636e+00
240	240	4.934669e+00
239	241	-3.934947e+00
241	241	1.059043e+01
260	241	-6.655485e+00
242	242	4.759402e+00
243	242	-3.346474e+00
244	242	-1.412928e+00
40	243	-4.082382e+00
242	243	-3.346474e+00
243	243	7.428856e+00
242	244	-1.412928e+00
244	244	8.105876e+00
258	244	-6.692948e+00
125	245	-9.407072e-02
245	245	1.864854e+00
246	245	-1.770783e+00
39	246	-3.807145e-01
245	246	-1.770783e+00
246	246	2.151497e+00
36	247	-8.758255e+00
109	247	-9.090909e-03
247	247	8.767346e+00
33	248	-8.758255e+00
110	248	-9.090909e-03
248	248	8.767346e+00
107	249	-9.090909e-03
249	249	9.373088e+00
251	249	-9.363997e+00
35	250	-9.363997e+00
108	250	-9.090909e-03
250	250	9.373088e+00
59	251	-4.312222e+00
249	251	-9.363997e+00
251	251	1.376713e+01
252	251	-9.090909e-02
93	252	-1.094661e+01
251	252	-9.090909e-02
252	252	1.103752e+01
36	253	-9.090909e-02
94	253	-6.691604e+00
207	253	-5.080113e+00
253	253	1.186263e+01
33	254	-9.090909e-02
95	254	-1.094661e+01
254	254	1.103752e+01
32	255	-1.363637e-02
44	255	-7.534943e+00
234	255	-7.534943e+00
255	255	1.508352e+01
29	256	-1.001131e+01
128	256	-1.363637e-02
256	256	1.002495e+01
27	257	-9.090909e-02
48	257	-5.041212e+00
257	257	5.132121e+00
130	258	-1.363637e-02
244	258	-6.692948e+00
258	258	6.706584e+00
24	259	-1.001131e+01
131	259	-1.363637e-02
259	259	1.002495e+01
25	260	-1.363637e-02
241	260	-6.655485e+00
260	260	6.669122e+00
26	261	-1.001131e+01
261	261	1.010222e+01
262	261	-9.090909e-02
92	262	-1.094661e+01
261	262	-9.090909e-02
262	262	1.103752e+01
22	263	-9.090909e-02
38	263	-4.842662e+00
263	263	4.933571e+00
17	264	-9.090909e-02
40	264	-5.085978e+00
62	264	-5.085978e+00
264	264	1.026287e+01
16	265	-1.363637e-02
220	265	-6.692948e+00
265	265	6.706584e+00
119	266	-1.082251e-02
132	266	-1.759532e-02
266	266	2.841783e-02
7	267	-7.168459e-03
114	267	-2.480362e-02
267	267	3.197208e-02
13	268	-9.090909e-02
58	268	-5.085978e+00
268	268	5.176888e+00
8	269	-9.090909e-02
65	269	-6.160822e+00
269	269	6.251731e+00
52	270	-4.981370e+00
55	270	-4.981370e+00
270	270	1.005365e+01
271	270	-9.090909e-02
101	271	-1.452399e+01
270	271	-9.090909e-02
271	271	1.461490e+01
4	272	-1.001131e+01
7	272	-1.363637e-02
272	272	1.002495e+01
5	273	-9.090909e-02
6	273	-1.001131e+01
273	273	1.010222e+01
