1	1	8.342173e+00
2	1	-9.090909e-02
30	1	-7.251264e+00
1	2	-9.090909e-02
2	2	4.013608e+01
39	2	-4.004517e+01
3	3	7.362420e+00
44	3	-7.271511e+00
45	3	-9.090909e-02
4	4	1.169722e+01
5	4	-9.090909e-02
33	4	-5.803157e+00
36	4	-5.803157e+00
4	5	-9.090909e-02
5	5	5.176888e+00
24	5	-5.085978e+00
6	6	2.349696e+00
21	6	-9.090909e-03
44	6	-2.340605e+00
7	7	2.765826e+00
23	7	-9.090909e-03
38	7	-2.756735e+00
8	8	6.309002e+00
9	8	-9.090909e-02
15	8	-6.218093e+00
8	9	-9.090909e-02
9	9	4.628629e+00
13	9	-4.537720e+00
10	10	5.171022e+00
31	10	-5.080113e+00
42	10	-9.090909e-02
11	11	5.171022e+00
12	11	-9.090909e-02
18	11	-5.080113e+00
11	12	-9.090909e-02
12	12	9.974383e+00
41	12	-9.883474e+00
9	13	-4.537720e+00
13	13	4.659774e+00
14	13	-1.220547e-01
13	14	-1.220547e-01
14	14	4.659774e+00
42	14	-4.537720e+00
8	15	-6.218093e+00
15	15	6.257442e+00
37	15	-3.934886e-02
16	16	5.768452e+00
29	16	-3.761746e+00
35	16	-2.006706e+00
17	17	2.430294e+00
32	17	-2.020280e+00
33	17	-4.100142e-01
11	18	-5.080113e+00
18	18	5.204881e+00
31	18	-1.247678e-01
19	19	9.484065e+01
34	19	-8.757258e+01
45	19	-7.268076e+00
20	20	9.090909e-03
41	20	-9.090909e-03
6	21	-9.090909e-03
21	21	9.090909e-03
22	22	9.090909e-03
40	22	-9.090909e-03
7	23	-9.090909e-03
23	23	9.090909e-03
5	24	-5.085978e+00
24	24	5.258287e+00
25	24	-1.723086e-01
24	25	-1.723086e-01
25	25	3.228889e+00
26	25	-3.056580e+00
25	26	-3.056580e+00
26	26	3.522117e+00
27	26	-4.655363e-01
26	27	-4.655363e-01
27	27	5.551515e+00
43	27	-5.085978e+00
28	28	6.309002e+00
37	28	-6.218093e+00
43	28	-9.090909e-02
16	29	-3.761746e+00
29	29	9.133432e+01
30	29	-8.757258e+01
1	30	-7.251264e+00
29	30	-8.757258e+01
30	30	9.482384e+01
10	31	-5.080113e+00
18	31	-1.247678e-01
31	31	5.204881e+00
17	32	-2.020280e+00
32	32	4.990080e+00
34	32	-2.969800e+00
4	33	-5.803157e+00
17	33	-4.100142e-01
33	33	6.213171e+00
19	34	-8.757258e+01
32	34	-2.969800e+00
34	34	9.054238e+01
16	35	-2.006706e+00
35	35	2.456399e+00
36	35	-4.496929e-01
4	36	-5.803157e+00
35	36	-4.496929e-01
36	36	6.252850e+00
15	37	-3.934886e-02
28	37	-6.218093e+00
37	37	6.257442e+00
7	38	-2.756735e+00
38	38	1.002825e+01
39	38	-7.271511e+00
2	39	-4.004517e+01
38	39	-7.271511e+00
39	39	4.731668e+01
22	40	-9.090909e-03
40	40	9.381162e+00
42	40	-9.372071e+00
12	41	-9.883474e+00
20	41	-9.090909e-03
41	41	9.892565e+00
10	42	-9.090909e-02
14	42	-4.537720e+00
40	42	-9.372071e+00
42	42	1.400070e+01
27	43	-5.085978e+00
28	43	-9.090909e-02
43	43	5.176888e+00
3	44	-7.271511e+00
6	44	-2.340605e+00
44	44	9.612116e+00
3	45	-9.090909e-02
19	45	-7.268076e+00
45	45	7.358985e+00
