1	1	1.352710e+01
49	1	-6.218093e+00
96	1	-6.218093e+00
144	1	-9.090909e-02
2	2	5.848028e+00
3	2	-9.090909e-02
97	2	-5.757119e+00
2	3	-9.090909e-02
3	3	1.010222e+01
142	3	-1.001131e+01
4	4	5.844351e+00
78	4	-5.753442e+00
143	4	-9.090909e-02
5	5	1.002495e+01
73	5	-1.363637e-02
143	5	-1.001131e+01
6	6	6.309002e+00
94	6	-6.218093e+00
140	6	-9.090909e-02
7	7	1.200525e+01
98	7	-5.957168e+00
100	7	-5.957168e+00
139	7	-9.090909e-02
8	8	6.048361e+00
9	8	-9.090909e-02
34	8	-5.957452e+00
8	9	-9.090909e-02
9	9	5.176888e+00
32	9	-5.085978e+00
10	10	1.002495e+01
70	10	-1.363637e-02
137	10	-1.001131e+01
11	11	3.123169e-02
77	11	-1.759532e-02
134	11	-1.363637e-02
12	12	6.309002e+00
13	12	-9.090909e-02
42	12	-6.218093e+00
12	13	-9.090909e-02
13	13	1.010222e+01
132	13	-1.001131e+01
14	14	6.309002e+00
15	14	-9.090909e-02
91	14	-6.218093e+00
14	15	-9.090909e-02
15	15	4.272910e+00
64	15	-4.182001e+00
16	16	2.080483e-02
76	16	-7.168459e-03
132	16	-1.363637e-02
17	17	1.103752e+01
85	17	-1.094661e+01
131	17	-9.090909e-02
18	18	1.103752e+01
68	18	-9.090909e-02
87	18	-1.094661e+01
19	19	8.555330e+00
50	19	-2.727270e-02
131	19	-8.528057e+00
20	20	8.779912e-01
51	20	-9.090909e-03
129	20	-8.689003e-01
21	21	5.048587e+00
22	21	-3.472391e-02
140	21	-5.013863e+00
21	22	-3.472391e-02
22	22	5.048587e+00
139	22	-5.013863e+00
23	23	1.242810e+00
24	23	-1.158757e-01
141	23	-1.126935e+00
23	24	-1.158757e-01
24	24	9.019882e+00
126	24	-8.904006e+00
25	25	1.879681e+00
26	25	-4.733414e-01
107	25	-1.406339e+00
25	26	-4.733414e-01
26	26	5.487205e+00
140	26	-5.013863e+00
27	27	3.198203e+00
66	27	-4.505174e-02
104	27	-3.153152e+00
28	28	5.239129e+00
61	28	-4.971093e+00
120	28	-2.680354e-01
29	29	1.552944e+00
40	29	-1.406339e+00
125	29	-1.466050e-01
30	30	4.886924e+00
46	30	-4.586399e+00
111	30	-3.005250e-01
31	31	4.097726e+00
68	31	-4.038495e+00
109	31	-5.923118e-02
9	32	-5.085978e+00
32	32	1.177893e+01
127	32	-6.692948e+00
33	33	1.683293e+00
102	33	-1.605510e+00
103	33	-7.778288e-02
8	34	-5.957452e+00
34	34	6.202436e+00
98	34	-2.449846e-01
35	35	3.319730e+00
95	35	-2.037315e+00
96	35	-1.282415e+00
36	36	6.313408e+00
71	36	-6.218093e+00
94	36	-9.531435e-02
37	37	5.848620e-01
38	37	-1.818182e-01
93	37	-4.030438e-01
37	38	-1.818182e-01
38	38	3.305100e+00
105	38	-3.123282e+00
39	39	5.064461e-01
40	39	-1.818182e-01
92	39	-3.246279e-01
29	40	-1.406339e+00
39	40	-1.818182e-01
40	40	1.588157e+00
41	41	3.305100e+00
92	41	-1.818182e-01
104	41	-3.123282e+00
12	42	-6.218093e+00
42	42	6.283176e+00
91	42	-6.508213e-02
43	43	2.580697e-01
59	43	-1.818182e-01
89	43	-7.625148e-02
44	44	4.768217e+00
89	44	-1.818182e-01
108	44	-4.586399e+00
45	45	2.055267e-01
58	45	-1.818182e-01
88	45	-2.370848e-02
30	46	-4.586399e+00
46	46	4.768217e+00
88	46	-1.818182e-01
47	47	3.172906e+00
83	47	-1.605510e+00
86	47	-1.567396e+00
48	48	2.163655e+01
79	48	-1.752520e+01
103	48	-4.111352e+00
1	49	-6.218093e+00
49	49	7.250721e+00
78	49	-1.032628e+00
19	50	-2.727270e-02
50	50	2.727270e-02
20	51	-9.090909e-03
51	51	6.363631e-02
67	51	-2.727270e-02
129	51	-2.727270e-02
52	52	1.240182e-02
77	52	-1.240182e-02
53	53	2.480362e-02
136	53	-2.480362e-02
54	54	2.480362e-02
76	54	-2.480362e-02
55	55	5.411255e-03
75	55	-5.411255e-03
56	56	1.082251e-02
135	56	-1.082251e-02
57	57	5.411255e-03
74	57	-5.411255e-03
45	58	-1.818182e-01
58	58	4.768217e+00
62	58	-4.586399e+00
43	59	-1.818182e-01
59	59	7.142940e+00
90	59	-6.961122e+00
60	60	2.914686e+00
93	60	-1.818182e-01
106	60	-2.732868e+00
28	61	-4.971093e+00
61	61	2.907044e+01
116	61	-4.971093e+00
118	61	-1.912825e+01
58	62	-4.586399e+00
62	62	4.648253e+00
108	62	-6.185439e-02
63	63	5.824068e+00
115	63	-2.056610e+00
117	63	-3.767457e+00
15	64	-4.182001e+00
64	64	6.238611e+00
116	64	-2.056610e+00
65	65	9.480989e+00
117	65	-4.082382e+00
118	65	-5.398606e+00
27	66	-4.505174e-02
66	66	3.198203e+00
105	66	-3.153152e+00
51	67	-2.727270e-02
67	67	3.722260e+01
68	67	-3.719532e+01
18	68	-9.090909e-02
31	68	-4.038495e+00
67	68	-3.719532e+01
68	68	4.578648e+01
130	68	-4.461756e+00
69	69	2.976540e-02
74	69	-1.612903e-02
133	69	-1.363637e-02
10	70	-1.363637e-02
70	70	2.976540e-02
75	70	-1.612903e-02
36	71	-6.218093e+00
71	71	6.309002e+00
141	71	-9.090909e-02
72	72	2.080483e-02
136	72	-7.168459e-03
142	72	-1.363637e-02
5	73	-1.363637e-02
73	73	3.123169e-02
135	73	-1.759532e-02
57	74	-5.411255e-03
69	74	-1.612903e-02
74	74	2.154029e-02
55	75	-5.411255e-03
70	75	-1.612903e-02
75	75	2.154029e-02
16	76	-7.168459e-03
54	76	-2.480362e-02
76	76	3.197208e-02
11	77	-1.759532e-02
52	77	-1.240182e-02
77	77	2.999714e-02
4	78	-5.753442e+00
49	78	-1.032628e+00
78	78	6.786070e+00
48	79	-1.752520e+01
79	79	4.671614e+01
138	79	-2.919094e+01
80	80	3.368830e+00
81	80	-1.763320e+00
82	80	-1.605510e+00
80	81	-1.763320e+00
81	81	5.508926e+01
84	81	-5.332594e+01
80	82	-1.605510e+00
82	82	1.815667e+00
83	82	-2.101564e-01
47	83	-1.605510e+00
82	83	-2.101564e-01
83	83	1.815667e+00
81	84	-5.332594e+01
84	84	5.743729e+01
85	84	-4.111352e+00
17	85	-1.094661e+01
84	85	-4.111352e+00
85	85	1.505796e+01
47	86	-1.567396e+00
86	86	5.678748e+00
87	86	-4.111352e+00
18	87	-1.094661e+01
86	87	-4.111352e+00
87	87	1.505796e+01
45	88	-2.370848e-02
46	88	-1.818182e-01
88	88	2.055267e-01
43	89	-7.625148e-02
44	89	-1.818182e-01
89	89	2.580697e-01
59	90	-6.961122e+00
90	90	1.053756e+01
109	90	-3.576436e+00
14	91	-6.218093e+00
42	91	-6.508213e-02
91	91	6.283176e+00
39	92	-3.246279e-01
41	92	-1.818182e-01
92	92	5.064461e-01
37	93	-4.030438e-01
60	93	-1.818182e-01
93	93	5.848620e-01
6	94	-6.218093e+00
36	94	-9.531435e-02
94	94	6.313408e+00
35	95	-2.037315e+00
95	95	2.447330e+00
97	95	-4.100142e-01
1	96	-6.218093e+00
35	96	-1.282415e+00
96	96	7.500508e+00
2	97	-5.757119e+00
95	97	-4.100142e-01
97	97	6.167133e+00
7	98	-5.957168e+00
34	98	-2.449846e-01
98	98	6.202153e+00
99	99	2.373355e+00
100	99	-1.798623e-01
101	99	-2.193492e+00
7	100	-5.957168e+00
99	100	-1.798623e-01
100	100	6.137030e+00
99	101	-2.193492e+00
101	101	2.375660e+00
102	101	-1.821679e-01
33	102	-1.605510e+00
101	102	-1.821679e-01
102	102	1.787678e+00
33	103	-7.778288e-02
48	103	-4.111352e+00
103	103	4.189135e+00
27	104	-3.153152e+00
41	104	-3.123282e+00
104	104	6.276434e+00
38	105	-3.123282e+00
66	105	-3.153152e+00
105	105	6.276434e+00
60	106	-2.732868e+00
106	106	1.417838e+02
107	106	-1.390509e+02
25	107	-1.406339e+00
106	107	-1.390509e+02
107	107	1.404573e+02
44	108	-4.586399e+00
62	108	-6.185439e-02
108	108	4.648253e+00
31	109	-5.923118e-02
90	109	-3.576436e+00
109	109	3.635667e+00
110	110	1.270453e+01
111	110	-1.064881e+01
112	110	-2.055722e+00
30	111	-3.005250e-01
110	111	-1.064881e+01
111	111	1.094934e+01
110	112	-2.055722e+00
112	112	4.595560e+00
113	112	-2.539837e+00
112	113	-2.539837e+00
113	113	2.616975e+00
114	113	-7.713788e-02
113	114	-7.713788e-02
114	114	1.490066e+00
115	114	-1.412928e+00
63	115	-2.056610e+00
114	115	-1.412928e+00
115	115	3.469539e+00
61	116	-4.971093e+00
64	116	-2.056610e+00
116	116	7.027703e+00
63	117	-3.767457e+00
65	117	-4.082382e+00
117	117	7.849840e+00
61	118	-1.912825e+01
65	118	-5.398606e+00
118	118	2.452686e+01
119	119	2.335699e+00
120	119	-1.470452e+00
121	119	-8.652465e-01
28	120	-2.680354e-01
119	120	-1.470452e+00
120	120	1.738487e+00
119	121	-8.652465e-01
121	121	4.783082e+00
122	121	-3.917835e+00
121	122	-3.917835e+00
122	122	1.055173e+01
133	122	-6.633895e+00
123	123	7.294753e+00
124	123	-3.917835e+00
125	123	-3.376918e+00
123	124	-3.917835e+00
124	124	1.055173e+01
133	124	-6.633895e+00
29	125	-1.466050e-01
123	125	-3.376918e+00
125	125	3.523523e+00
24	126	-8.904006e+00
126	126	2.905839e+01
144	126	-2.015438e+01
32	127	-6.692948e+00
127	127	8.105876e+00
128	127	-1.412928e+00
127	128	-1.412928e+00
128	128	8.105876e+00
134	128	-6.692948e+00
20	129	-8.689003e-01
51	129	-2.727270e-02
129	129	1.645815e+00
130	129	-7.496420e-01
68	130	-4.461756e+00
129	130	-7.496420e-01
130	130	5.211398e+00
17	131	-9.090909e-02
19	131	-8.528057e+00
131	131	8.618966e+00
13	132	-1.001131e+01
16	132	-1.363637e-02
132	132	1.002495e+01
69	133	-1.363637e-02
122	133	-6.633895e+00
124	133	-6.633895e+00
133	133	1.328143e+01
11	134	-1.363637e-02
128	134	-6.692948e+00
134	134	6.706584e+00
56	135	-1.082251e-02
73	135	-1.759532e-02
135	135	2.841783e-02
53	136	-2.480362e-02
72	136	-7.168459e-03
136	136	3.197208e-02
10	137	-1.001131e+01
137	137	1.010222e+01
138	137	-9.090909e-02
79	138	-2.919094e+01
137	138	-9.090909e-02
138	138	2.928185e+01
7	139	-9.090909e-02
22	139	-5.013863e+00
139	139	5.104772e+00
6	140	-9.090909e-02
21	140	-5.013863e+00
26	140	-5.013863e+00
140	140	1.011864e+01
23	141	-1.126935e+00
71	141	-9.090909e-02
141	141	1.217844e+00
3	142	-1.001131e+01
72	142	-1.363637e-02
142	142	1.002495e+01
4	143	-9.090909e-02
5	143	-1.001131e+01
143	143	1.010222e+01
1	144	-9.090909e-02
126	144	-2.015438e+01
144	144	2.024529e+01
