1	1	1.352710e+01
2	1	-9.090909e-02
67	1	-6.218093e+00
77	1	-6.218093e+00
1	2	-9.090909e-02
2	2	2.024529e+01
102	2	-2.015438e+01
3	3	5.848028e+00
78	3	-5.757119e+00
130	3	-9.090909e-02
4	4	5.844351e+00
5	4	-9.090909e-02
56	4	-5.753442e+00
4	5	-9.090909e-02
5	5	1.010222e+01
129	5	-1.001131e+01
6	6	1.002495e+01
63	6	-1.363637e-02
130	6	-1.001131e+01
7	7	6.309002e+00
8	7	-9.090909e-02
79	7	-6.218093e+00
7	8	-9.090909e-02
8	8	5.072279e+00
29	8	-4.981370e+00
9	9	6.309002e+00
10	9	-9.090909e-02
75	9	-6.218093e+00
9	10	-9.090909e-02
10	10	5.113032e+00
31	10	-5.022122e+00
11	11	1.164245e+01
12	11	-9.090909e-02
70	11	-5.775773e+00
74	11	-5.775773e+00
11	12	-9.090909e-02
12	12	5.072279e+00
28	12	-4.981370e+00
13	13	5.866682e+00
44	13	-5.775773e+00
127	13	-9.090909e-02
14	14	2.976540e-02
15	14	-1.363637e-02
65	14	-1.612903e-02
14	15	-1.363637e-02
15	15	6.647532e+00
98	15	-6.633895e+00
16	16	3.123169e-02
66	16	-1.759532e-02
124	16	-1.363637e-02
17	17	8.849164e+00
118	17	-8.758255e+00
123	17	-9.090909e-02
18	18	9.769249e+00
19	18	-9.090909e-02
46	18	-4.839170e+00
93	18	-4.839170e+00
18	19	-9.090909e-02
19	19	9.454906e+00
120	19	-9.363997e+00
20	20	1.186263e+01
21	20	-9.090909e-02
69	20	-6.691604e+00
87	20	-5.080113e+00
20	21	-9.090909e-02
21	21	8.849164e+00
117	21	-8.758255e+00
22	22	9.454906e+00
119	22	-9.363997e+00
122	22	-9.090909e-02
23	23	1.192341e+01
90	23	-5.916250e+00
92	23	-5.916250e+00
121	23	-9.090909e-02
24	24	1.471024e+00
25	24	-5.167585e-02
96	24	-1.419348e+00
24	25	-5.167585e-02
25	25	5.137654e+00
121	25	-5.085978e+00
26	26	5.036152e+00
40	26	-4.586399e+00
116	26	-4.497535e-01
27	27	3.909992e+00
60	27	-3.456392e+00
112	27	-4.535991e-01
12	28	-4.981370e+00
28	28	5.024930e+00
105	28	-4.356046e-02
8	29	-4.981370e+00
29	29	5.099482e+00
110	29	-1.181123e-01
30	30	9.019882e+00
58	30	-1.158757e-01
102	30	-8.904006e+00
10	31	-5.022122e+00
31	31	5.337084e+00
101	31	-3.149616e-01
32	32	5.147191e+00
99	32	-6.121225e-02
127	32	-5.085978e+00
33	33	4.429515e+00
91	33	-1.437447e+00
93	33	-2.992068e+00
34	34	5.797546e-01
89	34	-1.945718e-01
90	34	-3.851828e-01
35	35	2.412797e+00
68	35	-2.237222e-01
84	35	-2.189075e+00
36	36	2.547204e-01
37	36	-1.818182e-01
83	36	-7.290224e-02
36	37	-1.818182e-01
37	37	4.768217e+00
116	37	-4.586399e+00
38	38	2.104755e-01
39	38	-1.818182e-01
80	38	-2.865732e-02
38	39	-1.818182e-01
39	39	4.768217e+00
115	39	-4.586399e+00
26	40	-4.586399e+00
40	40	4.768217e+00
82	40	-1.818182e-01
41	41	6.384543e+00
62	41	-6.218093e+00
79	41	-1.664492e-01
42	42	2.447330e+00
76	42	-2.037315e+00
78	42	-4.100142e-01
43	43	2.111804e+00
73	43	-2.051000e+00
75	43	-6.080395e-02
13	44	-5.775773e+00
44	44	5.935285e+00
70	44	-1.595118e-01
45	45	1.505796e+01
94	45	-4.111352e+00
123	45	-1.094661e+01
18	46	-4.839170e+00
46	46	4.924658e+00
94	46	-8.548762e-02
47	47	1.505796e+01
85	47	-4.111352e+00
122	47	-1.094661e+01
48	48	9.090909e-03
120	48	-9.090909e-03
49	49	9.090909e-03
119	49	-9.090909e-03
50	50	9.090909e-03
118	50	-9.090909e-03
51	51	9.090909e-03
117	51	-9.090909e-03
52	52	2.480362e-02
126	52	-2.480362e-02
53	53	1.240182e-02
66	53	-1.240182e-02
54	54	1.082251e-02
125	54	-1.082251e-02
55	55	5.411255e-03
65	55	-5.411255e-03
4	56	-5.753442e+00
56	56	6.798372e+00
67	56	-1.044930e+00
57	57	3.033510e+00
83	57	-1.818182e-01
95	57	-2.851692e+00
30	58	-1.158757e-01
58	58	5.716987e+00
59	58	-5.601111e+00
58	59	-5.601111e+00
59	59	1.166036e+01
103	59	-6.059247e+00
27	60	-3.456392e+00
60	60	8.203356e+00
61	60	-4.746963e+00
60	61	-4.746963e+00
61	61	1.131796e+01
128	61	-6.570993e+00
41	62	-6.218093e+00
62	62	6.309002e+00
128	62	-9.090909e-02
6	63	-1.363637e-02
63	63	2.080483e-02
126	63	-7.168459e-03
64	64	3.123169e-02
125	64	-1.759532e-02
129	64	-1.363637e-02
14	65	-1.612903e-02
55	65	-5.411255e-03
65	65	2.154029e-02
16	66	-1.759532e-02
53	66	-1.240182e-02
66	66	2.999714e-02
1	67	-6.218093e+00
56	67	-1.044930e+00
67	67	7.263023e+00
35	68	-2.237222e-01
68	68	8.654820e+01
69	68	-8.632448e+01
20	69	-6.691604e+00
68	69	-8.632448e+01
69	69	9.301608e+01
11	70	-5.775773e+00
44	70	-1.595118e-01
70	70	5.935285e+00
71	71	2.145476e+00
72	71	-2.051000e+00
73	71	-9.447599e-02
71	72	-2.051000e+00
72	72	2.289592e+00
74	72	-2.385917e-01
43	73	-2.051000e+00
71	73	-9.447599e-02
73	73	2.145476e+00
11	74	-5.775773e+00
72	74	-2.385917e-01
74	74	6.014365e+00
9	75	-6.218093e+00
43	75	-6.080395e-02
75	75	6.278897e+00
42	76	-2.037315e+00
76	76	3.304632e+00
77	76	-1.267316e+00
1	77	-6.218093e+00
76	77	-1.267316e+00
77	77	7.485410e+00
3	78	-5.757119e+00
42	78	-4.100142e-01
78	78	6.167133e+00
7	79	-6.218093e+00
41	79	-1.664492e-01
79	79	6.384543e+00
38	80	-2.865732e-02
80	80	2.620671e-01
81	80	-2.334098e-01
80	81	-2.334098e-01
81	81	2.599134e-01
82	81	-2.650362e-02
40	82	-1.818182e-01
81	82	-2.650362e-02
82	82	2.083218e-01
36	83	-7.290224e-02
57	83	-1.818182e-01
83	83	2.547204e-01
35	84	-2.189075e+00
84	84	2.619751e+00
85	84	-4.306762e-01
47	85	-4.111352e+00
84	85	-4.306762e-01
85	85	4.542028e+00
86	86	5.748737e+01
87	86	-5.273677e+01
88	86	-4.750594e+00
20	87	-5.080113e+00
86	87	-5.273677e+01
87	87	5.781689e+01
86	88	-4.750594e+00
88	88	6.188040e+00
89	88	-1.437447e+00
34	89	-1.945718e-01
88	89	-1.437447e+00
89	89	1.632018e+00
23	90	-5.916250e+00
34	90	-3.851828e-01
90	90	6.301432e+00
33	91	-1.437447e+00
91	91	1.564060e+00
92	91	-1.266139e-01
23	92	-5.916250e+00
91	92	-1.266139e-01
92	92	6.042863e+00
18	93	-4.839170e+00
33	93	-2.992068e+00
93	93	7.831238e+00
45	94	-4.111352e+00
46	94	-8.548762e-02
94	94	4.196839e+00
57	95	-2.851692e+00
95	95	8.349035e+01
96	95	-8.063866e+01
24	96	-1.419348e+00
95	96	-8.063866e+01
96	96	8.205801e+01
97	97	7.158580e+00
98	97	-3.917835e+00
99	97	-3.240745e+00
15	98	-6.633895e+00
97	98	-3.917835e+00
98	98	1.055173e+01
32	99	-6.121225e-02
97	99	-3.240745e+00
99	99	3.301957e+00
100	100	8.105876e+00
101	100	-1.412928e+00
124	100	-6.692948e+00
31	101	-3.149616e-01
100	101	-1.412928e+00
101	101	1.727890e+00
2	102	-2.015438e+01
30	102	-8.904006e+00
102	102	2.905839e+01
59	103	-6.059247e+00
103	103	1.441975e+01
128	103	-8.360505e+00
104	104	5.641853e+00
105	104	-4.509786e+00
106	104	-1.132067e+00
28	105	-4.356046e-02
104	105	-4.509786e+00
105	105	4.553347e+00
104	106	-1.132067e+00
106	106	4.702883e+00
107	106	-3.570816e+00
106	107	-3.570816e+00
107	107	5.292102e+00
108	107	-1.721286e+00
107	108	-1.721286e+00
108	108	5.887241e+00
109	108	-4.165955e+00
108	109	-4.165955e+00
109	109	1.661870e+01
110	109	-1.245274e+01
29	110	-1.181123e-01
109	110	-1.245274e+01
110	110	1.257085e+01
111	111	3.097469e+00
112	111	-1.044000e+00
113	111	-2.053468e+00
27	112	-4.535991e-01
111	112	-1.044000e+00
112	112	1.497600e+00
111	113	-2.053468e+00
113	113	3.118746e+00
114	113	-1.065278e+00
113	114	-1.065278e+00
114	114	5.172206e+00
115	114	-4.106928e+00
39	115	-4.586399e+00
114	115	-4.106928e+00
115	115	8.693327e+00
26	116	-4.497535e-01
37	116	-4.586399e+00
116	116	5.036152e+00
21	117	-8.758255e+00
51	117	-9.090909e-03
117	117	8.767346e+00
17	118	-8.758255e+00
50	118	-9.090909e-03
118	118	8.767346e+00
22	119	-9.363997e+00
49	119	-9.090909e-03
119	119	9.373088e+00
19	120	-9.363997e+00
48	120	-9.090909e-03
120	120	9.373088e+00
23	121	-9.090909e-02
25	121	-5.085978e+00
121	121	5.176888e+00
22	122	-9.090909e-02
47	122	-1.094661e+01
122	122	1.103752e+01
17	123	-9.090909e-02
45	123	-1.094661e+01
123	123	1.103752e+01
16	124	-1.363637e-02
100	124	-6.692948e+00
124	124	6.706584e+00
54	125	-1.082251e-02
64	125	-1.759532e-02
125	125	2.841783e-02
52	126	-2.480362e-02
63	126	-7.168459e-03
126	126	3.197208e-02
13	127	-9.090909e-02
32	127	-5.085978e+00
127	127	5.176888e+00
61	128	-6.570993e+00
62	128	-9.090909e-02
103	128	-8.360505e+00
128	128	1.502241e+01
5	129	-1.001131e+01
64	129	-1.363637e-02
129	129	1.002495e+01
3	130	-9.090909e-02
6	130	-1.001131e+01
130	130	1.010222e+01
