1	1	6.171022e+00
62	1	-5.080113e+00
95	1	-9.090909e-02
2	2	1.191187e+01
3	2	-9.090909e-02
27	2	-5.910480e+00
63	2	-5.910480e+00
2	3	-9.090909e-02
3	3	4.272910e+00
20	3	-4.182001e+00
4	4	5.116515e+00
5	4	-9.090909e-02
64	4	-5.025605e+00
4	5	-9.090909e-02
5	5	1.036648e+01
92	5	-1.027557e+01
6	6	1.103752e+01
69	6	-1.094661e+01
94	6	-9.090909e-02
7	7	1.103752e+01
74	7	-1.094661e+01
93	7	-9.090909e-02
8	8	1.025114e+01
9	8	-9.090909e-02
70	8	-5.080113e+00
72	8	-5.080113e+00
8	9	-9.090909e-02
9	9	5.176888e+00
18	9	-5.085978e+00
10	10	1.005253e+01
35	10	-9.090909e-03
95	10	-1.004344e+01
11	11	1.005253e+01
34	11	-9.090909e-03
94	11	-1.004344e+01
12	12	8.555330e+00
36	12	-2.727270e-02
93	12	-8.528057e+00
13	13	5.171022e+00
56	13	-5.080113e+00
91	13	-9.090909e-02
14	14	5.171022e+00
15	14	-9.090909e-02
55	14	-5.080113e+00
14	15	-9.090909e-02
15	15	2.349028e+01
90	15	-2.339937e+01
16	16	1.002495e+01
47	16	-1.363637e-02
91	16	-1.001131e+01
17	17	5.022541e+00
44	17	-4.971093e+00
88	17	-5.144800e-02
9	18	-5.085978e+00
18	18	1.171987e+01
87	18	-6.633895e+00
19	19	1.026492e+01
85	19	-4.082382e+00
86	19	-6.182533e+00
3	20	-4.182001e+00
20	20	5.840472e+00
84	20	-1.658471e+00
21	21	4.685152e+00
42	21	-4.586399e+00
79	21	-9.875373e-02
22	22	5.131736e+00
83	22	-1.364279e+00
85	22	-3.767457e+00
23	23	6.063463e+00
76	23	-3.767457e+00
77	23	-2.296006e+00
24	24	3.073535e+01
45	24	-4.038495e+00
89	24	-2.669685e+01
25	25	3.315397e+00
71	25	-1.605510e+00
73	25	-1.709887e+00
26	26	2.289257e+00
67	26	-1.605510e+00
70	26	-6.837467e-01
2	27	-5.910480e+00
27	27	6.092492e+00
64	27	-1.820118e-01
28	28	2.491658e+00
61	28	-2.183030e+00
63	28	-3.086286e-01
29	29	1.819039e+00
54	29	-1.645660e+00
56	29	-1.733790e-01
30	30	3.727415e+00
52	30	-1.818182e-01
53	30	-3.545596e+00
31	31	5.002324e+00
32	31	-4.094786e-02
33	31	-4.961376e+00
31	32	-4.094786e-02
32	32	3.451892e+00
53	32	-3.410944e+00
31	33	-4.961376e+00
33	33	5.143194e+00
51	33	-1.818182e-01
11	34	-9.090909e-03
34	34	9.090909e-03
10	35	-9.090909e-03
35	35	9.090909e-03
12	36	-2.727270e-02
36	36	2.727270e-02
37	37	2.727270e-02
92	37	-2.727270e-02
38	38	1.240182e-02
50	38	-1.240182e-02
39	39	5.411255e-03
49	39	-5.411255e-03
40	40	2.076308e-01
43	40	-1.818182e-01
51	40	-2.581258e-02
41	41	9.443330e-01
42	41	-1.818182e-01
52	41	-7.625148e-01
21	42	-4.586399e+00
41	42	-1.818182e-01
42	42	4.768217e+00
40	43	-1.818182e-01
43	43	3.305100e+00
75	43	-3.123282e+00
17	44	-4.971093e+00
44	44	2.907044e+01
84	44	-4.971093e+00
86	44	-1.912825e+01
24	45	-4.038495e+00
45	45	8.120877e+00
76	45	-4.082382e+00
46	46	3.410228e+00
75	46	-3.153152e+00
77	46	-2.570760e-01
16	47	-1.363637e-02
47	47	3.123169e-02
50	47	-1.759532e-02
48	48	2.976540e-02
49	48	-1.612903e-02
89	48	-1.363637e-02
39	49	-5.411255e-03
48	49	-1.612903e-02
49	49	2.154029e-02
38	50	-1.240182e-02
47	50	-1.759532e-02
50	50	2.999714e-02
33	51	-1.818182e-01
40	51	-2.581258e-02
51	51	2.076308e-01
30	52	-1.818182e-01
41	52	-7.625148e-01
52	52	9.443330e-01
30	53	-3.545596e+00
32	53	-3.410944e+00
53	53	6.956540e+00
29	54	-1.645660e+00
54	54	2.616581e+00
55	54	-9.709209e-01
14	55	-5.080113e+00
54	55	-9.709209e-01
55	55	6.051034e+00
13	56	-5.080113e+00
29	56	-1.733790e-01
56	56	5.253492e+00
57	57	2.438477e+00
58	57	-2.193492e+00
59	57	-2.449846e-01
57	58	-2.193492e+00
58	58	6.533977e+00
62	58	-4.340485e+00
57	59	-2.449846e-01
59	59	2.437563e+00
60	59	-2.192579e+00
59	60	-2.192579e+00
60	60	2.728772e+00
61	60	-5.361930e-01
28	61	-2.183030e+00
60	61	-5.361930e-01
61	61	2.719223e+00
1	62	-5.080113e+00
58	62	-4.340485e+00
62	62	9.420598e+00
2	63	-5.910480e+00
28	63	-3.086286e-01
63	63	6.219109e+00
4	64	-5.025605e+00
27	64	-1.820118e-01
64	64	5.207617e+00
65	65	1.707284e+00
66	65	-1.605510e+00
67	65	-1.017738e-01
65	66	-1.605510e+00
66	66	5.945995e+00
68	66	-4.340485e+00
26	67	-1.605510e+00
65	67	-1.017738e-01
67	67	1.707284e+00
66	68	-4.340485e+00
68	68	8.451837e+00
69	68	-4.111352e+00
6	69	-1.094661e+01
68	69	-4.111352e+00
69	69	1.505796e+01
8	70	-5.080113e+00
26	70	-6.837467e-01
70	70	5.763860e+00
25	71	-1.605510e+00
71	71	1.798153e+00
72	71	-1.926433e-01
8	72	-5.080113e+00
71	72	-1.926433e-01
72	72	5.272757e+00
25	73	-1.709887e+00
73	73	5.821239e+00
74	73	-4.111352e+00
7	74	-1.094661e+01
73	74	-4.111352e+00
74	74	1.505796e+01
43	75	-3.123282e+00
46	75	-3.153152e+00
75	75	6.276434e+00
23	76	-3.767457e+00
45	76	-4.082382e+00
76	76	7.849840e+00
23	77	-2.296006e+00
46	77	-2.570760e-01
77	77	2.553082e+00
78	78	2.313621e+00
79	78	-2.053468e+00
80	78	-2.601524e-01
21	79	-9.875373e-02
78	79	-2.053468e+00
79	79	2.152222e+00
78	80	-2.601524e-01
80	80	2.327161e+00
81	80	-2.067008e+00
80	81	-2.067008e+00
81	81	2.240375e+00
82	81	-1.733664e-01
81	82	-1.733664e-01
82	82	1.595937e+00
83	82	-1.422570e+00
22	83	-1.364279e+00
82	83	-1.422570e+00
83	83	2.786849e+00
20	84	-1.658471e+00
44	84	-4.971093e+00
84	84	6.629564e+00
19	85	-4.082382e+00
22	85	-3.767457e+00
85	85	7.849840e+00
19	86	-6.182533e+00
44	86	-1.912825e+01
86	86	2.531078e+01
18	87	-6.633895e+00
87	87	8.689622e+00
88	87	-2.055727e+00
17	88	-5.144800e-02
87	88	-2.055727e+00
88	88	2.107175e+00
24	89	-2.669685e+01
48	89	-1.363637e-02
89	89	6.675566e+01
90	89	-4.004517e+01
15	90	-2.339937e+01
89	90	-4.004517e+01
90	90	6.344454e+01
13	91	-9.090909e-02
16	91	-1.001131e+01
91	91	1.010222e+01
5	92	-1.027557e+01
37	92	-2.727270e-02
92	92	1.030284e+01
7	93	-9.090909e-02
12	93	-8.528057e+00
93	93	8.618966e+00
6	94	-9.090909e-02
11	94	-1.004344e+01
94	94	1.013435e+01
1	95	-9.090909e-02
10	95	-1.004344e+01
95	95	1.013435e+01
