1	1	1.352710e+01
2	1	-9.090909e-02
56	1	-6.218093e+00
71	1	-6.218093e+00
1	2	-9.090909e-02
2	2	2.038242e+01
86	2	-2.029151e+01
3	3	5.848028e+00
72	3	-5.757119e+00
97	3	-9.090909e-02
4	4	5.844351e+00
5	4	-9.090909e-02
46	4	-5.753442e+00
4	5	-9.090909e-02
5	5	1.010222e+01
96	5	-1.001131e+01
6	6	1.002495e+01
50	6	-1.363637e-02
97	6	-1.001131e+01
7	7	6.037556e+00
73	7	-5.946647e+00
95	7	-9.090909e-02
8	8	6.037556e+00
9	8	-9.090909e-02
31	8	-5.946647e+00
8	9	-9.090909e-02
9	9	5.104772e+00
20	9	-5.013863e+00
10	10	1.200525e+01
11	10	-9.090909e-02
39	10	-5.957168e+00
60	10	-5.957168e+00
10	11	-9.090909e-02
11	11	5.104772e+00
19	11	-5.013863e+00
12	12	6.048361e+00
62	12	-5.957452e+00
94	12	-9.090909e-02
13	13	2.928185e+01
14	13	-9.090909e-02
55	13	-2.919094e+01
13	14	-9.090909e-02
14	14	1.010222e+01
91	14	-1.001131e+01
15	15	3.123169e-02
16	15	-1.363637e-02
53	15	-1.759532e-02
15	16	-1.363637e-02
16	16	6.706584e+00
76	16	-6.692948e+00
17	17	7.390978e+00
18	17	-9.090909e-02
69	17	-7.300069e+00
17	18	-9.090909e-02
18	18	5.460873e+00
27	18	-5.369964e+00
11	19	-5.013863e+00
19	19	5.048587e+00
20	19	-3.472391e-02
9	20	-5.013863e+00
19	20	-3.472391e-02
20	20	5.048587e+00
21	21	9.084024e+00
26	21	-1.175856e-01
86	21	-8.966439e+00
22	22	3.301810e+00
74	22	-3.153152e+00
83	22	-1.486584e-01
23	23	5.785052e+01
78	23	-4.422587e+00
79	23	-5.342794e+01
24	24	1.603722e+01
77	24	-1.226976e+01
78	24	-3.767457e+00
25	25	1.229001e+01
48	25	-6.087650e+00
95	25	-6.202358e+00
21	26	-1.175856e-01
26	26	5.636228e+00
48	26	-5.518642e+00
18	27	-5.369964e+00
27	27	1.162250e+01
81	27	-6.252540e+00
28	28	1.340894e+01
80	28	-8.038973e+00
89	28	-5.369964e+00
29	29	2.005659e+01
79	29	-4.038495e+00
89	29	-1.601809e+01
30	30	1.177893e+01
75	30	-6.692948e+00
94	30	-5.085978e+00
8	31	-5.946647e+00
31	31	6.043034e+00
73	31	-9.638740e-02
32	32	2.447330e+00
70	32	-2.037315e+00
72	32	-4.100142e-01
33	33	6.900062e+00
66	33	-2.197875e+00
68	33	-4.702187e+00
34	34	3.507591e-01
35	34	-1.818182e-01
63	34	-1.689409e-01
34	35	-1.818182e-01
35	35	4.768217e+00
47	35	-4.586399e+00
36	36	3.305100e+00
63	36	-1.818182e-01
74	36	-3.123282e+00
37	37	2.373355e+00
59	37	-2.193492e+00
60	37	-1.798623e-01
38	38	9.487265e+01
67	38	-8.757258e+01
90	38	-7.300069e+00
10	39	-5.957168e+00
39	39	6.202153e+00
62	39	-2.449846e-01
40	40	9.090909e-03
88	40	-9.090909e-03
41	41	9.090909e-03
87	41	-9.090909e-03
42	42	2.480362e-02
93	42	-2.480362e-02
43	43	1.240182e-02
53	43	-1.240182e-02
44	44	1.082251e-02
92	44	-1.082251e-02
45	45	5.411255e-03
52	45	-5.411255e-03
4	46	-5.753442e+00
46	46	6.798372e+00
56	46	-1.044930e+00
35	47	-4.586399e+00
47	47	5.887291e+00
77	47	-1.300893e+00
25	48	-6.087650e+00
26	48	-5.518642e+00
48	48	1.160629e+01
49	49	2.976540e-02
52	49	-1.612903e-02
91	49	-1.363637e-02
6	50	-1.363637e-02
50	50	2.080483e-02
93	50	-7.168459e-03
51	51	3.123169e-02
92	51	-1.759532e-02
96	51	-1.363637e-02
45	52	-5.411255e-03
49	52	-1.612903e-02
52	52	2.154029e-02
15	53	-1.759532e-02
43	53	-1.240182e-02
53	53	2.999714e-02
54	54	2.163655e+01
55	54	-1.752520e+01
61	54	-4.111352e+00
13	55	-2.919094e+01
54	55	-1.752520e+01
55	55	4.671614e+01
1	56	-6.218093e+00
46	56	-1.044930e+00
56	56	7.263023e+00
57	57	1.787678e+00
58	57	-1.605510e+00
59	57	-1.821679e-01
57	58	-1.605510e+00
58	58	1.683293e+00
61	58	-7.778288e-02
37	59	-2.193492e+00
57	59	-1.821679e-01
59	59	2.375660e+00
10	60	-5.957168e+00
37	60	-1.798623e-01
60	60	6.137030e+00
54	61	-4.111352e+00
58	61	-7.778288e-02
61	61	4.189135e+00
12	62	-5.957452e+00
39	62	-2.449846e-01
62	62	6.202436e+00
34	63	-1.689409e-01
36	63	-1.818182e-01
63	63	3.507591e-01
64	64	2.401190e+00
65	64	-2.197875e+00
66	64	-2.033153e-01
64	65	-2.197875e+00
65	65	5.332661e+00
67	65	-3.134786e+00
33	66	-2.197875e+00
64	66	-2.033153e-01
66	66	2.401190e+00
38	67	-8.757258e+01
65	67	-3.134786e+00
67	67	9.070736e+01
33	68	-4.702187e+00
68	68	9.227476e+01
69	68	-8.757258e+01
17	69	-7.300069e+00
68	69	-8.757258e+01
69	69	9.487265e+01
32	70	-2.037315e+00
70	70	3.304632e+00
71	70	-1.267316e+00
1	71	-6.218093e+00
70	71	-1.267316e+00
71	71	7.485410e+00
3	72	-5.757119e+00
32	72	-4.100142e-01
72	72	6.167133e+00
7	73	-5.946647e+00
31	73	-9.638740e-02
73	73	6.043034e+00
22	74	-3.153152e+00
36	74	-3.123282e+00
74	74	6.276434e+00
30	75	-6.692948e+00
75	75	8.105876e+00
76	75	-1.412928e+00
16	76	-6.692948e+00
75	76	-1.412928e+00
76	76	8.105876e+00
24	77	-1.226976e+01
47	77	-1.300893e+00
77	77	1.357065e+01
23	78	-4.422587e+00
24	78	-3.767457e+00
78	78	8.190044e+00
23	79	-5.342794e+01
29	79	-4.038495e+00
79	79	5.746643e+01
28	80	-8.038973e+00
80	80	9.419329e+00
88	80	-1.380356e+00
27	81	-6.252540e+00
81	81	7.742667e+00
87	81	-1.490126e+00
82	82	4.072201e+00
83	82	-1.871772e+00
84	82	-2.200428e+00
22	83	-1.486584e-01
82	83	-1.871772e+00
83	83	2.020431e+00
82	84	-2.200428e+00
84	84	6.238923e+00
85	84	-4.038495e+00
84	85	-4.038495e+00
85	85	3.073535e+01
97	85	-2.669685e+01
2	86	-2.029151e+01
21	86	-8.966439e+00
86	86	2.925795e+01
41	87	-9.090909e-03
81	87	-1.490126e+00
87	87	1.499217e+00
40	88	-9.090909e-03
80	88	-1.380356e+00
88	88	1.389447e+00
28	89	-5.369964e+00
29	89	-1.601809e+01
89	89	2.147897e+01
90	89	-9.090909e-02
38	90	-7.300069e+00
89	90	-9.090909e-02
90	90	7.390978e+00
14	91	-1.001131e+01
49	91	-1.363637e-02
91	91	1.002495e+01
44	92	-1.082251e-02
51	92	-1.759532e-02
92	92	2.841783e-02
42	93	-2.480362e-02
50	93	-7.168459e-03
93	93	3.197208e-02
12	94	-9.090909e-02
30	94	-5.085978e+00
94	94	5.176888e+00
7	95	-9.090909e-02
25	95	-6.202358e+00
95	95	6.293267e+00
5	96	-1.001131e+01
51	96	-1.363637e-02
96	96	1.002495e+01
3	97	-9.090909e-02
6	97	-1.001131e+01
85	97	-2.669685e+01
97	97	3.679907e+01
