1	1	1.352710e+01
2	1	-9.090909e-02
104	1	-6.218093e+00
106	1	-6.218093e+00
1	2	-9.090909e-02
2	2	2.024529e+01
128	2	-2.015438e+01
3	3	5.848028e+00
4	3	-9.090909e-02
105	3	-5.757119e+00
3	4	-9.090909e-02
4	4	1.010222e+01
143	4	-1.001131e+01
5	5	5.568380e+00
107	5	-5.477471e+00
144	5	-9.090909e-02
6	6	1.002495e+01
77	6	-1.363637e-02
144	6	-1.001131e+01
7	7	7.342173e+00
8	7	-9.090909e-02
79	7	-7.251264e+00
7	8	-9.090909e-02
8	8	4.013608e+01
124	8	-4.004517e+01
9	9	7.362420e+00
19	9	-7.271511e+00
142	9	-9.090909e-02
10	10	1.169722e+01
88	10	-5.803157e+00
91	10	-5.803157e+00
141	10	-9.090909e-02
11	11	1.252710e+01
12	11	-9.090909e-02
80	11	-6.218093e+00
93	11	-6.218093e+00
11	12	-9.090909e-02
12	12	2.024529e+01
125	12	-2.015438e+01
13	13	5.848028e+00
94	13	-5.757119e+00
134	13	-9.090909e-02
14	14	5.844351e+00
15	14	-9.090909e-02
47	14	-5.753442e+00
14	15	-9.090909e-02
15	15	1.010222e+01
133	15	-1.001131e+01
16	16	1.002495e+01
68	16	-1.363637e-02
134	16	-1.001131e+01
17	17	1.011017e+01
127	17	-1.206159e+00
128	17	-8.904006e+00
18	18	9.019882e+00
56	18	-1.158757e-01
125	18	-8.904006e+00
9	19	-7.271511e+00
19	19	9.612116e+00
140	19	-2.340605e+00
20	20	1.002825e+01
124	20	-7.271511e+00
139	20	-2.756735e+00
21	21	5.258287e+00
55	21	-1.723086e-01
141	21	-5.085978e+00
22	22	5.316385e+00
59	22	-2.523965e-02
70	22	-5.291145e+00
23	23	6.267117e+00
75	23	-6.218093e+00
118	23	-4.902369e-02
24	24	3.961277e+00
115	24	-2.197957e+00
117	24	-1.763320e+00
25	25	2.607361e-01
53	25	-1.818182e-01
111	25	-7.891788e-02
26	26	9.148910e+00
106	26	-7.965969e+00
107	26	-1.182941e+00
27	27	3.319730e+00
103	27	-2.037315e+00
104	27	-1.282415e+00
28	28	3.234241e+01
82	28	-3.230600e+01
101	28	-3.640401e-02
29	29	2.216954e-01
48	29	-1.818182e-01
100	29	-3.987718e-02
30	30	2.947663e+00
97	30	-5.965697e-01
99	30	-2.351093e+00
31	31	2.447330e+00
92	31	-2.037315e+00
94	31	-4.100142e-01
32	32	5.768452e+00
78	32	-3.761746e+00
90	32	-2.006706e+00
33	33	2.430294e+00
87	33	-2.020280e+00
88	33	-4.100142e-01
34	34	6.237775e+00
73	34	-6.218093e+00
86	34	-1.968128e-02
35	35	3.512731e+01
85	35	-2.821312e+00
111	35	-3.230600e+01
36	36	3.512731e+01
84	36	-2.821312e+00
110	36	-3.230600e+01
37	37	3.512731e+01
83	37	-2.821312e+00
101	37	-3.230600e+01
38	38	3.512731e+01
82	38	-2.821312e+00
99	38	-3.230600e+01
39	39	3.512731e+01
81	39	-2.821312e+00
98	39	-3.230600e+01
40	40	9.484065e+01
89	40	-8.757258e+01
142	40	-7.268076e+00
41	41	9.090909e-03
140	41	-9.090909e-03
42	42	9.090909e-03
139	42	-9.090909e-03
43	43	2.480362e-02
136	43	-2.480362e-02
44	44	2.480362e-02
132	44	-2.480362e-02
45	45	1.082251e-02
135	45	-1.082251e-02
46	46	1.082251e-02
131	46	-1.082251e-02
14	47	-5.753442e+00
47	47	6.798372e+00
80	47	-1.044930e+00
29	48	-1.818182e-01
48	48	4.768217e+00
63	48	-4.586399e+00
49	49	3.305100e+00
50	49	-1.818182e-01
119	49	-3.123282e+00
49	50	-1.818182e-01
50	50	3.097689e-01
102	50	-1.279507e-01
51	51	6.533064e+00
108	51	-2.192579e+00
110	51	-4.340485e+00
52	52	3.305100e+00
109	52	-1.818182e-01
121	52	-3.123282e+00
25	53	-1.818182e-01
53	53	4.768217e+00
126	53	-4.586399e+00
54	54	4.004277e+00
55	54	-3.056580e+00
61	54	-9.476966e-01
21	55	-1.723086e-01
54	55	-3.056580e+00
55	55	3.228889e+00
18	56	-1.158757e-01
56	56	3.172456e+00
57	56	-3.056580e+00
56	57	-3.056580e+00
57	57	3.382169e+00
62	57	-3.255887e-01
58	58	4.766195e+00
64	58	-4.661874e+00
127	58	-1.043208e-01
22	59	-2.523965e-02
59	59	5.316385e+00
138	59	-5.291145e+00
60	60	1.493717e+01
64	60	-5.218716e+00
122	60	-9.718456e+00
54	61	-9.476966e-01
61	61	6.033675e+00
72	61	-5.085978e+00
57	62	-3.255887e-01
62	62	2.946511e+00
120	62	-2.620923e+00
48	63	-4.586399e+00
63	63	4.672274e+00
126	63	-8.587524e-02
58	64	-4.661874e+00
60	64	-5.218716e+00
64	64	9.880591e+00
65	65	4.911192e+00
129	65	-1.143734e+00
130	65	-3.767457e+00
66	66	3.263327e+00
121	66	-3.153152e+00
129	66	-1.101755e-01
67	67	8.461082e+00
123	67	-4.038495e+00
130	67	-4.422587e+00
16	68	-1.363637e-02
68	68	2.080483e-02
132	68	-7.168459e-03
69	69	3.123169e-02
131	69	-1.759532e-02
133	69	-1.363637e-02
22	70	-5.291145e+00
70	70	5.382054e+00
71	70	-9.090909e-02
70	71	-9.090909e-02
71	71	6.309002e+00
86	71	-6.218093e+00
61	72	-5.085978e+00
72	72	5.176888e+00
73	72	-9.090909e-02
34	73	-6.218093e+00
72	73	-9.090909e-02
73	73	6.309002e+00
74	74	6.309002e+00
118	74	-6.218093e+00
137	74	-9.090909e-02
23	75	-6.218093e+00
75	75	6.309002e+00
138	75	-9.090909e-02
76	76	2.080483e-02
136	76	-7.168459e-03
143	76	-1.363637e-02
6	77	-1.363637e-02
77	77	3.123169e-02
135	77	-1.759532e-02
32	78	-3.761746e+00
78	78	9.133432e+01
79	78	-8.757258e+01
7	79	-7.251264e+00
78	79	-8.757258e+01
79	79	9.482384e+01
11	80	-6.218093e+00
47	80	-1.044930e+00
80	80	7.263023e+00
39	81	-2.821312e+00
81	81	3.512731e+01
100	81	-3.230600e+01
28	82	-3.230600e+01
38	82	-2.821312e+00
82	82	3.512731e+01
37	83	-2.821312e+00
83	83	3.512731e+01
102	83	-3.230600e+01
36	84	-2.821312e+00
84	84	3.512731e+01
116	84	-3.230600e+01
35	85	-2.821312e+00
85	85	3.512731e+01
117	85	-3.230600e+01
34	86	-1.968128e-02
71	86	-6.218093e+00
86	86	6.237775e+00
33	87	-2.020280e+00
87	87	4.990080e+00
89	87	-2.969800e+00
10	88	-5.803157e+00
33	88	-4.100142e-01
88	88	6.213171e+00
40	89	-8.757258e+01
87	89	-2.969800e+00
89	89	9.054238e+01
32	90	-2.006706e+00
90	90	2.456399e+00
91	90	-4.496929e-01
10	91	-5.803157e+00
90	91	-4.496929e-01
91	91	6.252850e+00
31	92	-2.037315e+00
92	92	3.304632e+00
93	92	-1.267316e+00
11	93	-6.218093e+00
92	93	-1.267316e+00
93	93	7.485410e+00
13	94	-5.757119e+00
31	94	-4.100142e-01
94	94	6.167133e+00
95	95	9.749362e-01
96	95	-5.965697e-01
97	95	-3.783665e-01
95	96	-5.965697e-01
96	96	2.947663e+00
98	96	-2.351093e+00
30	97	-5.965697e-01
95	97	-3.783665e-01
97	97	9.749362e-01
39	98	-3.230600e+01
96	98	-2.351093e+00
98	98	3.465710e+01
30	99	-2.351093e+00
38	99	-3.230600e+01
99	99	3.465710e+01
29	100	-3.987718e-02
81	100	-3.230600e+01
100	100	3.234588e+01
28	101	-3.640401e-02
37	101	-3.230600e+01
101	101	3.234241e+01
50	102	-1.279507e-01
83	102	-3.230600e+01
102	102	3.243395e+01
27	103	-2.037315e+00
103	103	2.447330e+00
105	103	-4.100142e-01
1	104	-6.218093e+00
27	104	-1.282415e+00
104	104	7.500508e+00
3	105	-5.757119e+00
103	105	-4.100142e-01
105	105	6.167133e+00
1	106	-6.218093e+00
26	106	-7.965969e+00
106	106	1.418406e+01
5	107	-5.477471e+00
26	107	-1.182941e+00
107	107	6.660412e+00
51	108	-2.192579e+00
108	108	7.876237e+00
109	108	-5.683659e+00
52	109	-1.818182e-01
108	109	-5.683659e+00
109	109	5.865477e+00
36	110	-3.230600e+01
51	110	-4.340485e+00
110	110	3.664649e+01
25	111	-7.891788e-02
35	111	-3.230600e+01
111	111	3.238492e+01
112	112	4.466189e+00
113	112	-2.272696e+00
114	112	-2.193492e+00
112	113	-2.272696e+00
113	113	5.273068e+00
116	113	-3.000372e+00
112	114	-2.193492e+00
114	114	2.381693e+00
115	114	-1.882002e-01
24	115	-2.197957e+00
114	115	-1.882002e-01
115	115	2.386157e+00
84	116	-3.230600e+01
113	116	-3.000372e+00
116	116	3.530637e+01
24	117	-1.763320e+00
85	117	-3.230600e+01
117	117	3.406932e+01
23	118	-4.902369e-02
74	118	-6.218093e+00
118	118	6.267117e+00
49	119	-3.123282e+00
119	119	2.106836e+01
120	119	-1.794507e+01
62	120	-2.620923e+00
119	120	-1.794507e+01
120	120	2.056600e+01
52	121	-3.123282e+00
66	121	-3.153152e+00
121	121	6.276434e+00
60	122	-9.718456e+00
122	122	2.573655e+01
123	122	-1.601809e+01
67	123	-4.038495e+00
122	123	-1.601809e+01
123	123	1.001469e+02
137	123	-8.009034e+01
8	124	-4.004517e+01
20	124	-7.271511e+00
124	124	4.731668e+01
12	125	-2.015438e+01
18	125	-8.904006e+00
125	125	2.905839e+01
53	126	-4.586399e+00
63	126	-8.587524e-02
126	126	4.672274e+00
17	127	-1.206159e+00
58	127	-1.043208e-01
127	127	1.310480e+00
2	128	-2.015438e+01
17	128	-8.904006e+00
128	128	2.905839e+01
65	129	-1.143734e+00
66	129	-1.101755e-01
129	129	1.253910e+00
65	130	-3.767457e+00
67	130	-4.422587e+00
130	130	8.190044e+00
46	131	-1.082251e-02
69	131	-1.759532e-02
131	131	2.841783e-02
44	132	-2.480362e-02
68	132	-7.168459e-03
132	132	3.197208e-02
15	133	-1.001131e+01
69	133	-1.363637e-02
133	133	1.002495e+01
13	134	-9.090909e-02
16	134	-1.001131e+01
134	134	1.010222e+01
45	135	-1.082251e-02
77	135	-1.759532e-02
135	135	2.841783e-02
43	136	-2.480362e-02
76	136	-7.168459e-03
136	136	3.197208e-02
74	137	-9.090909e-02
123	137	-8.009034e+01
137	137	8.018125e+01
59	138	-5.291145e+00
75	138	-9.090909e-02
138	138	5.382054e+00
20	139	-2.756735e+00
42	139	-9.090909e-03
139	139	2.765826e+00
19	140	-2.340605e+00
41	140	-9.090909e-03
140	140	2.349696e+00
10	141	-9.090909e-02
21	141	-5.085978e+00
141	141	5.176888e+00
9	142	-9.090909e-02
40	142	-7.268076e+00
142	142	7.358985e+00
4	143	-1.001131e+01
76	143	-1.363637e-02
143	143	1.002495e+01
5	144	-9.090909e-02
6	144	-1.001131e+01
144	144	1.010222e+01
