1	1	7.309002e+00
2	1	-9.090909e-02
25	1	-6.218093e+00
1	2	-9.090909e-02
2	2	1.010222e+01
61	2	-1.001131e+01
3	3	6.309002e+00
4	3	-9.090909e-02
36	3	-6.218093e+00
3	4	-9.090909e-02
4	4	5.113032e+00
13	4	-5.022122e+00
5	5	2.976540e-02
34	5	-1.612903e-02
61	5	-1.363637e-02
6	6	3.123169e-02
35	6	-1.759532e-02
60	6	-1.363637e-02
7	7	1.013435e+01
54	7	-1.004344e+01
59	7	-9.090909e-02
8	8	1.025114e+01
42	8	-5.080113e+00
44	8	-5.080113e+00
58	8	-9.090909e-02
9	9	1.025114e+01
10	9	-9.090909e-02
39	9	-5.080113e+00
41	9	-5.080113e+00
9	10	-9.090909e-02
10	10	1.016892e+01
53	10	-1.007801e+01
11	11	9.974383e+00
55	11	-9.883474e+00
57	11	-9.090909e-02
12	12	6.416432e+00
17	12	-1.830034e+00
24	12	-4.586399e+00
4	13	-5.022122e+00
13	13	5.109327e+00
47	13	-8.720449e-02
14	14	3.281512e+00
18	14	-3.102218e+00
50	14	-1.792940e-01
15	15	7.873244e+00
52	15	-3.063679e+00
58	15	-4.809565e+00
16	16	3.254721e+00
17	16	-3.102218e+00
52	16	-1.525030e-01
12	17	-1.830034e+00
16	17	-3.102218e+00
17	17	4.932252e+00
14	18	-3.102218e+00
18	18	3.513622e+00
51	18	-4.114041e-01
19	19	2.257545e+00
43	19	-2.165679e+00
45	19	-9.186617e-02
20	20	2.593033e+00
40	20	-2.162298e+00
42	20	-4.307356e-01
21	21	4.249485e+00
27	21	-4.111352e+00
39	21	-1.381336e-01
22	22	6.192310e-01
23	22	-1.818182e-01
38	22	-4.374128e-01
22	23	-1.818182e-01
23	23	4.768217e+00
51	23	-4.586399e+00
12	24	-4.586399e+00
24	24	4.768217e+00
37	24	-1.818182e-01
1	25	-6.218093e+00
25	25	6.244168e+00
36	25	-2.607494e-02
26	26	1.505796e+01
45	26	-4.111352e+00
59	26	-1.094661e+01
21	27	-4.111352e+00
27	27	1.505796e+01
57	27	-1.094661e+01
28	28	9.090909e-03
56	28	-9.090909e-03
29	29	9.090909e-03
55	29	-9.090909e-03
30	30	9.090909e-03
54	30	-9.090909e-03
31	31	9.090909e-03
53	31	-9.090909e-03
32	32	1.240182e-02
35	32	-1.240182e-02
33	33	5.411255e-03
34	33	-5.411255e-03
5	34	-1.612903e-02
33	34	-5.411255e-03
34	34	2.154029e-02
6	35	-1.759532e-02
32	35	-1.240182e-02
35	35	2.999714e-02
3	36	-6.218093e+00
25	36	-2.607494e-02
36	36	6.244168e+00
24	37	-1.818182e-01
37	37	2.501153e-01
38	37	-6.829715e-02
22	38	-4.374128e-01
37	38	-6.829715e-02
38	38	5.057099e-01
9	39	-5.080113e+00
21	39	-1.381336e-01
39	39	5.218247e+00
20	40	-2.162298e+00
40	40	2.242423e+00
41	40	-8.012499e-02
9	41	-5.080113e+00
40	41	-8.012499e-02
41	41	5.160238e+00
8	42	-5.080113e+00
20	42	-4.307356e-01
42	42	5.510849e+00
19	43	-2.165679e+00
43	43	5.335080e+00
44	43	-3.169401e+00
8	44	-5.080113e+00
43	44	-3.169401e+00
44	44	8.249515e+00
19	45	-9.186617e-02
26	45	-4.111352e+00
45	45	4.203218e+00
46	46	8.105876e+00
47	46	-1.412928e+00
60	46	-6.692948e+00
13	47	-8.720449e-02
46	47	-1.412928e+00
47	47	1.500133e+00
48	48	4.759402e+00
49	48	-1.412928e+00
50	48	-3.346474e+00
48	49	-1.412928e+00
49	49	8.105876e+00
60	49	-6.692948e+00
14	50	-1.792940e-01
48	50	-3.346474e+00
50	50	3.525768e+00
18	51	-4.114041e-01
23	51	-4.586399e+00
51	51	4.997803e+00
15	52	-3.063679e+00
16	52	-1.525030e-01
52	52	3.216182e+00
10	53	-1.007801e+01
31	53	-9.090909e-03
53	53	1.008710e+01
7	54	-1.004344e+01
30	54	-9.090909e-03
54	54	1.005253e+01
11	55	-9.883474e+00
29	55	-9.090909e-03
55	55	9.892565e+00
28	56	-9.090909e-03
56	56	9.892565e+00
58	56	-9.883474e+00
11	57	-9.090909e-02
27	57	-1.094661e+01
57	57	1.103752e+01
8	58	-9.090909e-02
15	58	-4.809565e+00
56	58	-9.883474e+00
58	58	1.478395e+01
7	59	-9.090909e-02
26	59	-1.094661e+01
59	59	1.103752e+01
6	60	-1.363637e-02
46	60	-6.692948e+00
49	60	-6.692948e+00
60	60	1.339953e+01
2	61	-1.001131e+01
5	61	-1.363637e-02
61	61	1.002495e+01
