1	1	8.358985e+00
2	1	-9.090909e-02
82	1	-7.268076e+00
1	2	-9.090909e-02
2	2	7.362420e+00
17	2	-7.271511e+00
3	3	1.108784e+01
77	3	-5.498463e+00
79	3	-5.498463e+00
111	3	-9.090909e-02
4	4	6.309002e+00
5	4	-9.090909e-02
55	4	-6.218093e+00
4	5	-9.090909e-02
5	5	5.176888e+00
21	5	-5.085978e+00
6	6	1.184006e+01
7	6	-9.090909e-02
56	6	-5.874578e+00
59	6	-5.874578e+00
6	7	-9.090909e-02
7	7	5.147799e+00
15	7	-5.056890e+00
8	8	5.401471e+00
9	8	-9.090909e-02
60	8	-5.310562e+00
8	9	-9.090909e-02
9	9	5.176888e+00
23	9	-5.085978e+00
10	10	1.060483e+01
35	10	-5.256960e+00
85	10	-5.256960e+00
108	10	-9.090909e-02
11	11	1.010222e+01
103	11	-1.001131e+01
107	11	-9.090909e-02
12	12	4.965177e+00
86	12	-4.874268e+00
106	12	-9.090909e-02
13	13	2.976540e-02
49	13	-1.612903e-02
105	13	-1.363637e-02
14	14	1.002495e+01
48	14	-1.363637e-02
106	14	-1.001131e+01
7	15	-5.056890e+00
15	15	5.437605e+00
102	15	-3.807145e-01
16	16	4.876743e+00
101	16	-3.408072e-02
108	16	-4.842662e+00
2	17	-7.271511e+00
17	17	9.612116e+00
110	17	-2.340605e+00
18	18	1.002825e+01
24	18	-7.271511e+00
109	18	-2.756735e+00
19	19	7.875550e+00
90	19	-3.767457e+00
97	19	-4.108092e+00
20	20	7.747174e+00
26	20	-4.971093e+00
95	20	-2.776081e+00
5	21	-5.085978e+00
21	21	9.168361e+00
93	21	-4.082382e+00
22	22	1.699582e+01
90	22	-1.061420e+01
91	22	-6.381621e+00
9	23	-5.085978e+00
23	23	6.916012e+00
89	23	-1.830034e+00
18	24	-7.271511e+00
24	24	4.731668e+01
112	24	-4.004517e+01
25	25	6.017051e+00
45	25	-9.310727e-01
111	25	-5.085978e+00
20	26	-4.971093e+00
26	26	2.907044e+01
88	26	-4.971093e+00
91	26	-1.912825e+01
27	27	1.831081e+00
83	27	-1.743396e+00
85	27	-8.768469e-02
28	28	4.990080e+00
80	28	-2.020280e+00
81	28	-2.969800e+00
29	29	2.444524e+00
76	29	-1.996151e+00
77	29	-4.483722e-01
30	30	2.464272e+00
43	30	-1.818182e-01
74	30	-2.282454e+00
31	31	4.768217e+00
75	31	-1.818182e-01
100	31	-4.586399e+00
32	32	3.330216e+00
57	32	-2.181391e+00
60	32	-1.148824e+00
33	33	2.211666e+00
54	33	-2.113200e+00
56	33	-9.846590e-02
34	34	1.505796e+01
84	34	-4.111352e+00
107	34	-1.094661e+01
10	35	-5.256960e+00
35	35	5.387214e+00
86	35	-1.302538e-01
36	36	9.486000e+01
53	36	-8.761247e+01
113	36	-7.247532e+00
37	37	9.090909e-03
110	37	-9.090909e-03
38	38	9.090909e-03
109	38	-9.090909e-03
39	39	1.240182e-02
52	39	-1.240182e-02
40	40	1.240182e-02
51	40	-1.240182e-02
41	41	1.082251e-02
50	41	-1.082251e-02
42	42	5.411255e-03
49	42	-5.411255e-03
30	43	-1.818182e-01
43	43	6.170416e+00
87	43	-5.988598e+00
44	44	8.419954e+00
45	44	-4.209977e+00
87	44	-4.209977e+00
25	45	-9.310727e-01
44	45	-4.209977e+00
45	45	5.141049e+00
46	46	3.123169e-02
52	46	-1.759532e-02
103	46	-1.363637e-02
47	47	3.123169e-02
51	47	-1.759532e-02
104	47	-1.363637e-02
14	48	-1.363637e-02
48	48	3.123169e-02
50	48	-1.759532e-02
13	49	-1.612903e-02
42	49	-5.411255e-03
49	49	2.154029e-02
41	50	-1.082251e-02
48	50	-1.759532e-02
50	50	2.841783e-02
40	51	-1.240182e-02
47	51	-1.759532e-02
51	51	2.999714e-02
39	52	-1.240182e-02
46	52	-1.759532e-02
52	52	2.999714e-02
36	53	-8.761247e+01
53	53	9.140157e+01
76	53	-3.789099e+00
33	54	-2.113200e+00
54	54	2.173228e+00
55	54	-6.002797e-02
4	55	-6.218093e+00
54	55	-6.002797e-02
55	55	6.278121e+00
6	56	-5.874578e+00
33	56	-9.846590e-02
56	56	5.973044e+00
32	57	-2.181391e+00
57	57	4.294591e+00
58	57	-2.113200e+00
57	58	-2.113200e+00
58	58	2.375775e+00
59	58	-2.625747e-01
6	59	-5.874578e+00
58	59	-2.625747e-01
59	59	6.137152e+00
8	60	-5.310562e+00
32	60	-1.148824e+00
60	60	6.459386e+00
61	61	5.122644e+00
62	61	-2.977954e+00
63	61	-2.144689e+00
61	62	-2.977954e+00
62	62	3.919662e+00
75	62	-9.417083e-01
61	63	-2.144689e+00
63	63	3.981098e+00
64	63	-1.836409e+00
63	64	-1.836409e+00
64	64	3.981098e+00
65	64	-2.144689e+00
64	65	-2.144689e+00
65	65	2.215666e+00
66	65	-7.097635e-02
65	66	-7.097635e-02
66	66	2.256993e+00
67	66	-2.186017e+00
66	67	-2.186017e+00
67	67	2.529667e+00
68	67	-3.436497e-01
67	68	-3.436497e-01
68	68	2.531384e+00
69	68	-2.187734e+00
68	69	-2.187734e+00
69	69	2.501005e+00
70	69	-3.132714e-01
69	70	-3.132714e-01
70	70	2.500230e+00
71	70	-2.186959e+00
70	71	-2.186959e+00
71	71	2.222762e+00
72	71	-3.580341e-02
71	72	-3.580341e-02
72	72	2.228382e+00
73	72	-2.192579e+00
72	73	-2.192579e+00
73	73	2.537041e+00
74	73	-3.444629e-01
30	74	-2.282454e+00
73	74	-3.444629e-01
74	74	2.626917e+00
31	75	-1.818182e-01
62	75	-9.417083e-01
75	75	1.123526e+00
29	76	-1.996151e+00
53	76	-3.789099e+00
76	76	5.785250e+00
3	77	-5.498463e+00
29	77	-4.483722e-01
77	77	5.946835e+00
78	78	6.002372e+00
79	78	-5.559818e+00
80	78	-4.425542e-01
3	79	-5.498463e+00
78	79	-5.559818e+00
79	79	1.105828e+01
28	80	-2.020280e+00
78	80	-4.425542e-01
80	80	2.462834e+00
28	81	-2.969800e+00
81	81	9.054238e+01
82	81	-8.757258e+01
1	82	-7.268076e+00
81	82	-8.757258e+01
82	82	9.484065e+01
27	83	-1.743396e+00
83	83	1.797132e+00
84	83	-5.373600e-02
34	84	-4.111352e+00
83	84	-5.373600e-02
84	84	4.165088e+00
10	85	-5.256960e+00
27	85	-8.768469e-02
85	85	5.344645e+00
12	86	-4.874268e+00
35	86	-1.302538e-01
86	86	5.004522e+00
43	87	-5.988598e+00
44	87	-4.209977e+00
87	87	1.019857e+01
26	88	-4.971093e+00
88	88	1.203683e+01
89	88	-7.065740e+00
23	89	-1.830034e+00
88	89	-7.065740e+00
89	89	8.895773e+00
19	90	-3.767457e+00
22	90	-1.061420e+01
90	90	1.438166e+01
22	91	-6.381621e+00
26	91	-1.912825e+01
91	91	2.550987e+01
92	92	4.759402e+00
93	92	-3.346474e+00
94	92	-1.412928e+00
21	93	-4.082382e+00
92	93	-3.346474e+00
93	93	7.428856e+00
92	94	-1.412928e+00
94	94	8.105876e+00
104	94	-6.692948e+00
20	95	-2.776081e+00
95	95	7.368103e+00
105	95	-4.592022e+00
96	96	7.626280e+00
97	96	-2.307103e+00
98	96	-5.319177e+00
19	97	-4.108092e+00
96	97	-2.307103e+00
97	97	6.415195e+00
96	98	-5.319177e+00
98	98	8.699486e+00
99	98	-3.380308e+00
98	99	-3.380308e+00
99	99	5.007163e+00
100	99	-1.626855e+00
31	100	-4.586399e+00
99	100	-1.626855e+00
100	100	6.213253e+00
16	101	-3.408072e-02
101	101	1.804864e+00
102	101	-1.770783e+00
15	102	-3.807145e-01
101	102	-1.770783e+00
102	102	2.151497e+00
11	103	-1.001131e+01
46	103	-1.363637e-02
103	103	1.002495e+01
47	104	-1.363637e-02
94	104	-6.692948e+00
104	104	6.706584e+00
13	105	-1.363637e-02
95	105	-4.592022e+00
105	105	4.605658e+00
12	106	-9.090909e-02
14	106	-1.001131e+01
106	106	1.010222e+01
11	107	-9.090909e-02
34	107	-1.094661e+01
107	107	1.103752e+01
10	108	-9.090909e-02
16	108	-4.842662e+00
108	108	4.933571e+00
18	109	-2.756735e+00
38	109	-9.090909e-03
109	109	2.765826e+00
17	110	-2.340605e+00
37	110	-9.090909e-03
110	110	2.349696e+00
3	111	-9.090909e-02
25	111	-5.085978e+00
111	111	5.176888e+00
24	112	-4.004517e+01
112	112	4.013608e+01
113	112	-9.090909e-02
36	113	-7.247532e+00
112	113	-9.090909e-02
113	113	7.338441e+00
