1	1	1.352710e+01
2	1	-9.090909e-02
73	1	-6.218093e+00
94	1	-6.218093e+00
1	2	-9.090909e-02
2	2	2.024529e+01
110	2	-2.015438e+01
3	3	5.848028e+00
95	3	-5.757119e+00
123	3	-9.090909e-02
4	4	5.844351e+00
5	4	-9.090909e-02
57	4	-5.753442e+00
4	5	-9.090909e-02
5	5	1.010222e+01
122	5	-1.001131e+01
6	6	1.002495e+01
65	6	-1.363637e-02
123	6	-1.001131e+01
7	7	6.123910e+00
96	7	-6.033001e+00
121	7	-9.090909e-02
8	8	6.123910e+00
9	8	-9.090909e-02
32	8	-6.033001e+00
8	9	-9.090909e-02
9	9	5.104772e+00
21	9	-5.013863e+00
10	10	1.200525e+01
49	10	-5.957168e+00
87	10	-5.957168e+00
120	10	-9.090909e-02
11	11	6.048361e+00
89	11	-5.957452e+00
119	11	-9.090909e-02
12	12	2.928185e+01
13	12	-9.090909e-02
72	12	-2.919094e+01
12	13	-9.090909e-02
13	13	1.010222e+01
116	13	-1.001131e+01
14	14	3.123169e-02
15	14	-1.363637e-02
68	14	-1.759532e-02
14	15	-1.363637e-02
15	15	6.706584e+00
102	15	-6.692948e+00
16	16	7.342173e+00
17	16	-9.090909e-02
70	16	-7.251264e+00
16	17	-9.090909e-02
17	17	4.013608e+01
100	17	-4.004517e+01
18	18	7.362420e+00
26	18	-7.271511e+00
115	18	-9.090909e-02
19	19	1.169722e+01
76	19	-5.803157e+00
79	19	-5.803157e+00
114	19	-9.090909e-02
20	20	5.508607e+00
111	20	-1.409104e+00
120	20	-4.099503e+00
9	21	-5.013863e+00
21	21	5.049294e+00
111	21	-3.543071e-02
22	22	9.019882e+00
28	22	-1.158757e-01
110	22	-8.904006e+00
23	23	6.219375e+00
25	23	-3.767457e+00
109	23	-2.451918e+00
24	24	4.720347e+00
47	24	-4.586399e+00
105	24	-1.339486e-01
23	25	-3.767457e+00
25	25	7.849840e+00
103	25	-4.082382e+00
18	26	-7.271511e+00
26	26	9.612116e+00
113	26	-2.340605e+00
27	27	1.002825e+01
100	27	-7.271511e+00
112	27	-2.756735e+00
22	28	-1.158757e-01
28	28	5.716987e+00
63	28	-5.601111e+00
29	29	2.012723e+01
98	29	-1.608873e+01
103	29	-4.038495e+00
30	30	1.177893e+01
101	30	-6.692948e+00
119	30	-5.085978e+00
31	31	5.627520e+00
99	31	-5.415417e-01
114	31	-5.085978e+00
8	32	-6.033001e+00
32	32	6.128671e+00
96	32	-9.567089e-02
33	33	2.447330e+00
93	33	-2.037315e+00
95	33	-4.100142e-01
34	34	4.165765e+00
38	34	-4.075478e+00
92	34	-9.028693e-02
35	35	5.956351e+00
36	35	-1.880873e+00
91	35	-4.075478e+00
35	36	-1.880873e+00
36	36	5.956351e+00
92	36	-4.075478e+00
37	37	5.956351e+00
38	37	-1.880873e+00
90	37	-4.075478e+00
34	38	-4.075478e+00
37	38	-1.880873e+00
38	38	5.956351e+00
39	39	8.291009e-01
40	39	-1.818182e-01
91	39	-6.472827e-01
39	40	-1.818182e-01
40	40	4.768217e+00
108	40	-4.586399e+00
41	41	1.064477e+00
42	41	-1.818182e-01
90	41	-8.826593e-01
41	42	-1.818182e-01
42	42	4.768217e+00
107	42	-4.586399e+00
43	43	8.622788e+00
86	43	-5.032687e-01
87	43	-8.119519e+00
44	44	5.768452e+00
69	44	-3.761746e+00
78	44	-2.006706e+00
45	45	2.430294e+00
75	45	-2.020280e+00
76	45	-4.100142e-01
46	46	2.163507e-01
47	46	-1.818182e-01
74	46	-3.453253e-02
24	47	-4.586399e+00
46	47	-1.818182e-01
47	47	4.768217e+00
48	48	3.461259e+00
74	48	-1.818182e-01
97	48	-3.279441e+00
10	49	-5.957168e+00
49	49	6.202153e+00
89	49	-2.449846e-01
50	50	9.484065e+01
77	50	-8.757258e+01
115	50	-7.268076e+00
51	51	9.090909e-03
113	51	-9.090909e-03
52	52	9.090909e-03
112	52	-9.090909e-03
53	53	2.480362e-02
118	53	-2.480362e-02
54	54	1.240182e-02
68	54	-1.240182e-02
55	55	1.082251e-02
117	55	-1.082251e-02
56	56	5.411255e-03
67	56	-5.411255e-03
4	57	-5.753442e+00
57	57	6.798372e+00
73	57	-1.044930e+00
58	58	2.409934e+01
60	58	-1.912825e+01
62	58	-4.971093e+00
59	59	1.222007e+01
63	59	-6.059247e+00
121	59	-6.160822e+00
58	60	-1.912825e+01
60	60	2.095828e+01
61	60	-1.830034e+00
60	61	-1.830034e+00
61	61	7.545855e+00
97	61	-5.715821e+00
58	62	-4.971093e+00
62	62	1.291233e+01
99	62	-7.941235e+00
28	63	-5.601111e+00
59	63	-6.059247e+00
63	63	1.166036e+01
64	64	2.976540e-02
67	64	-1.612903e-02
116	64	-1.363637e-02
6	65	-1.363637e-02
65	65	2.080483e-02
118	65	-7.168459e-03
66	66	3.123169e-02
117	66	-1.759532e-02
122	66	-1.363637e-02
56	67	-5.411255e-03
64	67	-1.612903e-02
67	67	2.154029e-02
14	68	-1.759532e-02
54	68	-1.240182e-02
68	68	2.999714e-02
44	69	-3.761746e+00
69	69	9.133432e+01
70	69	-8.757258e+01
16	70	-7.251264e+00
69	70	-8.757258e+01
70	70	9.482384e+01
71	71	2.163655e+01
72	71	-1.752520e+01
88	71	-4.111352e+00
12	72	-2.919094e+01
71	72	-1.752520e+01
72	72	4.671614e+01
1	73	-6.218093e+00
57	73	-1.044930e+00
73	73	7.263023e+00
46	74	-3.453253e-02
48	74	-1.818182e-01
74	74	2.163507e-01
45	75	-2.020280e+00
75	75	4.990080e+00
77	75	-2.969800e+00
19	76	-5.803157e+00
45	76	-4.100142e-01
76	76	6.213171e+00
50	77	-8.757258e+01
75	77	-2.969800e+00
77	77	9.054238e+01
44	78	-2.006706e+00
78	78	2.456399e+00
79	78	-4.496929e-01
19	79	-5.803157e+00
78	79	-4.496929e-01
79	79	6.252850e+00
80	80	1.429580e+00
81	80	-4.348129e-01
82	80	-9.947675e-01
80	81	-4.348129e-01
81	81	5.355166e-01
88	81	-1.007037e-01
80	82	-9.947675e-01
82	82	2.585144e+00
83	82	-1.590376e+00
82	83	-1.590376e+00
83	83	1.772531e+00
84	83	-1.821547e-01
83	84	-1.821547e-01
84	84	2.370975e+00
85	84	-2.188821e+00
84	85	-2.188821e+00
85	85	2.455639e+00
86	85	-2.668182e-01
43	86	-5.032687e-01
85	86	-2.668182e-01
86	86	7.700869e-01
10	87	-5.957168e+00
43	87	-8.119519e+00
87	87	1.407669e+01
71	88	-4.111352e+00
81	88	-1.007037e-01
88	88	4.212056e+00
11	89	-5.957452e+00
49	89	-2.449846e-01
89	89	6.202436e+00
37	90	-4.075478e+00
41	90	-8.826593e-01
90	90	4.958137e+00
35	91	-4.075478e+00
39	91	-6.472827e-01
91	91	4.722761e+00
34	92	-9.028693e-02
36	92	-4.075478e+00
92	92	4.165765e+00
33	93	-2.037315e+00
93	93	3.304632e+00
94	93	-1.267316e+00
1	94	-6.218093e+00
93	94	-1.267316e+00
94	94	7.485410e+00
3	95	-5.757119e+00
33	95	-4.100142e-01
95	95	6.167133e+00
7	96	-6.033001e+00
32	96	-9.567089e-02
96	96	6.128671e+00
48	97	-3.279441e+00
61	97	-5.715821e+00
97	97	8.995262e+00
29	98	-1.608873e+01
98	98	5.131104e+01
120	98	-3.522231e+01
31	99	-5.415417e-01
62	99	-7.941235e+00
99	99	8.482777e+00
17	100	-4.004517e+01
27	100	-7.271511e+00
100	100	4.731668e+01
30	101	-6.692948e+00
101	101	8.105876e+00
102	101	-1.412928e+00
15	102	-6.692948e+00
101	102	-1.412928e+00
102	102	8.105876e+00
25	103	-4.082382e+00
29	103	-4.038495e+00
103	103	8.120877e+00
104	104	2.364574e+00
105	104	-2.029287e+00
106	104	-3.352869e-01
24	105	-1.339486e-01
104	105	-2.029287e+00
105	105	2.163235e+00
104	106	-3.352869e-01
106	106	2.254124e+00
107	106	-1.918837e+00
42	107	-4.586399e+00
106	107	-1.918837e+00
107	107	6.505236e+00
40	108	-4.586399e+00
108	108	9.394507e+00
109	108	-4.808108e+00
23	109	-2.451918e+00
108	109	-4.808108e+00
109	109	7.260026e+00
2	110	-2.015438e+01
22	110	-8.904006e+00
110	110	2.905839e+01
20	111	-1.409104e+00
21	111	-3.543071e-02
111	111	1.444534e+00
27	112	-2.756735e+00
52	112	-9.090909e-03
112	112	2.765826e+00
26	113	-2.340605e+00
51	113	-9.090909e-03
113	113	2.349696e+00
19	114	-9.090909e-02
31	114	-5.085978e+00
114	114	5.176888e+00
18	115	-9.090909e-02
50	115	-7.268076e+00
115	115	7.358985e+00
13	116	-1.001131e+01
64	116	-1.363637e-02
116	116	1.002495e+01
55	117	-1.082251e-02
66	117	-1.759532e-02
117	117	2.841783e-02
53	118	-2.480362e-02
65	118	-7.168459e-03
118	118	3.197208e-02
11	119	-9.090909e-02
30	119	-5.085978e+00
119	119	5.176888e+00
10	120	-9.090909e-02
20	120	-4.099503e+00
98	120	-3.522231e+01
120	120	3.941272e+01
7	121	-9.090909e-02
59	121	-6.160822e+00
121	121	6.251731e+00
5	122	-1.001131e+01
66	122	-1.363637e-02
122	122	1.002495e+01
3	123	-9.090909e-02
6	123	-1.001131e+01
123	123	1.010222e+01
