1	1	8.358985e+00
2	1	-9.090909e-02
53	1	-7.268076e+00
1	2	-9.090909e-02
2	2	7.362420e+00
8	2	-7.271511e+00
3	3	1.169722e+01
49	3	-5.803157e+00
51	3	-5.803157e+00
73	3	-9.090909e-02
4	4	5.171022e+00
5	4	-9.090909e-02
39	4	-5.080113e+00
4	5	-9.090909e-02
5	5	1.010222e+01
69	5	-1.001131e+01
6	6	5.171022e+00
40	6	-5.080113e+00
70	6	-9.090909e-02
7	7	1.603173e+01
34	7	-1.363637e-02
70	7	-1.601809e+01
2	8	-7.271511e+00
8	8	9.612116e+00
72	8	-2.340605e+00
9	9	1.002825e+01
16	9	-7.271511e+00
71	9	-2.756735e+00
10	10	5.845557e+00
64	10	-3.767457e+00
67	10	-2.078099e+00
11	11	3.397057e+00
19	11	-3.102218e+00
68	11	-2.948391e-01
12	12	7.360819e+00
64	12	-4.833627e+00
65	12	-2.527193e+00
13	13	4.220623e+00
54	13	-3.153152e+00
58	13	-1.067472e+00
14	14	6.179776e+00
63	14	-2.412318e+00
65	14	-3.767457e+00
15	15	1.080420e+01
55	15	-3.306539e+00
56	15	-7.497657e+00
9	16	-7.271511e+00
16	16	4.731668e+01
74	16	-4.004517e+01
17	17	5.258287e+00
31	17	-1.723086e-01
73	17	-5.085978e+00
18	18	4.290790e+00
19	18	-1.234210e+00
31	18	-3.056580e+00
11	19	-3.102218e+00
18	19	-1.234210e+00
19	19	4.336428e+00
20	20	4.990080e+00
50	20	-2.020280e+00
52	20	-2.969800e+00
21	21	2.456399e+00
48	21	-2.006706e+00
49	21	-4.496929e-01
22	22	2.796110e-01
23	22	-1.818182e-01
46	22	-9.779282e-02
22	23	-1.818182e-01
23	23	1.588157e+00
32	23	-1.406339e+00
24	24	3.305100e+00
47	24	-1.818182e-01
54	24	-3.123282e+00
25	25	2.616581e+00
38	25	-1.645660e+00
40	25	-9.709209e-01
26	26	9.482384e+01
37	26	-8.757258e+01
75	26	-7.251264e+00
27	27	9.090909e-03
72	27	-9.090909e-03
28	28	9.090909e-03
71	28	-9.090909e-03
29	29	1.240182e-02
36	29	-1.240182e-02
30	30	5.411255e-03
35	30	-5.411255e-03
17	31	-1.723086e-01
18	31	-3.056580e+00
31	31	3.228889e+00
23	32	-1.406339e+00
32	32	1.554998e+00
55	32	-1.486584e-01
33	33	3.123169e-02
36	33	-1.759532e-02
69	33	-1.363637e-02
7	34	-1.363637e-02
34	34	2.976540e-02
35	34	-1.612903e-02
30	35	-5.411255e-03
34	35	-1.612903e-02
35	35	2.154029e-02
29	36	-1.240182e-02
33	36	-1.759532e-02
36	36	2.999714e-02
26	37	-8.757258e+01
37	37	9.133432e+01
48	37	-3.761746e+00
25	38	-1.645660e+00
38	38	1.819039e+00
39	38	-1.733790e-01
4	39	-5.080113e+00
38	39	-1.733790e-01
39	39	5.253492e+00
6	40	-5.080113e+00
25	40	-9.709209e-01
40	40	6.051034e+00
41	41	3.576044e+00
42	41	-1.544580e+00
43	41	-2.031463e+00
41	42	-1.544580e+00
42	42	2.105899e+00
47	42	-5.613184e-01
41	43	-2.031463e+00
43	43	4.227094e+00
44	43	-2.195631e+00
43	44	-2.195631e+00
44	44	2.647067e+00
45	44	-4.514367e-01
44	45	-4.514367e-01
45	45	2.621397e+00
46	45	-2.169960e+00
22	46	-9.779282e-02
45	46	-2.169960e+00
46	46	2.267753e+00
24	47	-1.818182e-01
42	47	-5.613184e-01
47	47	7.431366e-01
21	48	-2.006706e+00
37	48	-3.761746e+00
48	48	5.768452e+00
3	49	-5.803157e+00
21	49	-4.496929e-01
49	49	6.252850e+00
20	50	-2.020280e+00
50	50	2.430294e+00
51	50	-4.100142e-01
3	51	-5.803157e+00
50	51	-4.100142e-01
51	51	6.213171e+00
20	52	-2.969800e+00
52	52	9.054238e+01
53	52	-8.757258e+01
1	53	-7.268076e+00
52	53	-8.757258e+01
53	53	9.484065e+01
13	54	-3.153152e+00
24	54	-3.123282e+00
54	54	6.276434e+00
15	55	-3.306539e+00
32	55	-1.486584e-01
55	55	3.455198e+00
15	56	-7.497657e+00
56	56	3.419451e+01
70	56	-2.669685e+01
57	57	1.893283e+00
58	57	-2.097667e-01
59	57	-1.683516e+00
13	58	-1.067472e+00
57	58	-2.097667e-01
58	58	1.277238e+00
57	59	-1.683516e+00
59	59	1.807929e+00
60	59	-1.244132e-01
59	60	-1.244132e-01
60	60	1.875270e+00
61	60	-1.750857e+00
60	61	-1.750857e+00
61	61	1.910009e+00
62	61	-1.591520e-01
61	62	-1.591520e-01
62	62	1.820260e+00
63	62	-1.661107e+00
14	63	-2.412318e+00
62	63	-1.661107e+00
63	63	4.073426e+00
10	64	-3.767457e+00
12	64	-4.833627e+00
64	64	8.601084e+00
12	65	-2.527193e+00
14	65	-3.767457e+00
65	65	6.294650e+00
66	66	1.176128e+00
67	66	-1.175856e-01
68	66	-1.058543e+00
10	67	-2.078099e+00
66	67	-1.175856e-01
67	67	2.195685e+00
11	68	-2.948391e-01
66	68	-1.058543e+00
68	68	1.353382e+00
5	69	-1.001131e+01
33	69	-1.363637e-02
69	69	1.002495e+01
6	70	-9.090909e-02
7	70	-1.601809e+01
56	70	-2.669685e+01
70	70	4.280586e+01
9	71	-2.756735e+00
28	71	-9.090909e-03
71	71	2.765826e+00
8	72	-2.340605e+00
27	72	-9.090909e-03
72	72	2.349696e+00
3	73	-9.090909e-02
17	73	-5.085978e+00
73	73	5.176888e+00
16	74	-4.004517e+01
74	74	4.013608e+01
75	74	-9.090909e-02
26	75	-7.251264e+00
74	75	-9.090909e-02
75	75	7.342173e+00
