1	1	1.343619e+01
39	1	-6.218093e+00
102	1	-6.218093e+00
2	2	5.848028e+00
103	2	-5.757119e+00
138	2	-9.090909e-02
3	3	5.844351e+00
85	3	-5.753442e+00
137	3	-9.090909e-02
4	4	1.002495e+01
70	4	-1.363637e-02
137	4	-1.001131e+01
5	5	1.243619e+01
41	5	-6.218093e+00
96	5	-6.218093e+00
6	6	5.848028e+00
97	6	-5.757119e+00
133	6	-9.090909e-02
7	7	5.844351e+00
83	7	-5.753442e+00
132	7	-9.090909e-02
8	8	1.002495e+01
68	8	-1.363637e-02
132	8	-1.001131e+01
9	9	1.252710e+01
10	9	-9.090909e-02
82	9	-6.218093e+00
87	9	-6.218093e+00
9	10	-9.090909e-02
10	10	2.024529e+01
112	10	-2.015438e+01
11	11	5.848028e+00
88	11	-5.757119e+00
128	11	-9.090909e-02
12	12	5.844351e+00
13	12	-9.090909e-02
60	12	-5.753442e+00
12	13	-9.090909e-02
13	13	1.010222e+01
127	13	-1.001131e+01
14	14	1.002495e+01
65	14	-1.363637e-02
128	14	-1.001131e+01
15	15	8.555330e+00
47	15	-2.727270e-02
123	15	-8.528057e+00
16	16	1.645815e+00
48	16	-2.727270e-02
119	16	-7.496420e-01
120	16	-8.689003e-01
17	17	6.372724e+00
25	17	-4.038495e+00
117	17	-2.334229e+00
18	18	3.267207e+00
26	18	-6.394107e-01
105	18	-2.627796e+00
19	19	6.372724e+00
28	19	-4.038495e+00
114	19	-2.334229e+00
20	20	9.019882e+00
27	20	-1.158757e-01
112	20	-8.904006e+00
21	21	8.634895e+00
23	21	-3.456392e+00
111	21	-5.178503e+00
22	22	4.940206e+00
57	22	-4.586399e+00
110	22	-3.538070e-01
21	23	-3.456392e+00
23	23	6.025026e+00
109	23	-2.568634e+00
24	24	1.216922e+01
62	24	-4.971093e+00
108	24	-7.198128e+00
17	25	-4.038495e+00
25	25	3.073535e+01
138	25	-2.669685e+01
18	26	-6.394107e-01
26	26	3.695991e+00
27	26	-3.056580e+00
20	27	-1.158757e-01
26	27	-3.056580e+00
27	27	3.172456e+00
19	28	-4.038495e+00
28	28	3.073535e+01
133	28	-2.669685e+01
29	29	3.319730e+00
101	29	-2.037315e+00
102	29	-1.282415e+00
30	30	4.803693e-01
31	30	-1.818182e-01
100	30	-2.985511e-01
30	31	-1.818182e-01
31	31	3.163128e+00
104	31	-2.981310e+00
32	32	5.956351e+00
35	32	-4.075478e+00
61	32	-1.880873e+00
33	33	1.793996e+00
34	33	-1.818182e-01
99	33	-1.612178e+00
33	34	-1.818182e-01
34	34	4.768217e+00
115	34	-4.586399e+00
32	35	-4.075478e+00
35	35	4.088215e+00
98	35	-1.273730e-02
36	36	3.319730e+00
95	36	-2.037315e+00
96	36	-1.282415e+00
37	37	5.508926e+01
92	37	-1.763320e+00
94	37	-5.332594e+01
38	38	2.447330e+00
86	38	-2.037315e+00
88	38	-4.100142e-01
1	39	-6.218093e+00
39	39	7.250721e+00
85	39	-1.032628e+00
40	40	3.512731e+01
84	40	-2.821312e+00
98	40	-3.230600e+01
5	41	-6.218093e+00
41	41	7.250721e+00
83	41	-1.032628e+00
42	42	1.505796e+01
94	42	-4.111352e+00
124	42	-1.094661e+01
43	43	1.505796e+01
93	43	-4.111352e+00
122	43	-1.094661e+01
44	44	5.027141e+00
59	44	-4.961376e+00
81	44	-6.576481e-02
45	45	5.143194e+00
80	45	-1.818182e-01
81	45	-4.961376e+00
46	46	3.303082e-01
59	46	-1.818182e-01
79	46	-1.484900e-01
15	47	-2.727270e-02
47	47	2.727270e-02
16	48	-2.727270e-02
48	48	6.363631e-02
64	48	-2.727270e-02
120	48	-9.090909e-03
49	49	2.480362e-02
135	49	-2.480362e-02
50	50	2.480362e-02
130	50	-2.480362e-02
51	51	2.480362e-02
126	51	-2.480362e-02
52	52	1.082251e-02
134	52	-1.082251e-02
53	53	1.082251e-02
129	53	-1.082251e-02
54	54	1.082251e-02
125	54	-1.082251e-02
55	55	2.069643e-01
56	55	-1.818182e-01
77	55	-2.514616e-02
55	56	-1.818182e-01
56	56	4.768217e+00
118	56	-4.586399e+00
22	57	-4.586399e+00
57	57	4.768217e+00
78	57	-1.818182e-01
58	58	1.120540e+01
63	58	-1.102358e+01
79	58	-1.818182e-01
44	59	-4.961376e+00
46	59	-1.818182e-01
59	59	5.143194e+00
12	60	-5.753442e+00
60	60	6.798372e+00
82	60	-1.044930e+00
32	61	-1.880873e+00
61	61	5.956351e+00
100	61	-4.075478e+00
24	62	-4.971093e+00
62	62	2.409934e+01
106	62	-1.912825e+01
58	63	-1.102358e+01
63	63	1.355078e+01
106	63	-2.527193e+00
48	64	-2.727270e-02
64	64	3.722260e+01
121	64	-3.719532e+01
14	65	-1.363637e-02
65	65	2.080483e-02
126	65	-7.168459e-03
66	66	3.123169e-02
125	66	-1.759532e-02
127	66	-1.363637e-02
67	67	2.080483e-02
130	67	-7.168459e-03
131	67	-1.363637e-02
8	68	-1.363637e-02
68	68	3.123169e-02
129	68	-1.759532e-02
69	69	2.080483e-02
135	69	-7.168459e-03
136	69	-1.363637e-02
4	70	-1.363637e-02
70	70	3.123169e-02
134	70	-1.759532e-02
71	71	6.546936e+00
72	71	-4.365764e+00
73	71	-2.181173e+00
71	72	-4.365764e+00
72	72	6.729154e+00
80	72	-2.363390e+00
71	73	-2.181173e+00
73	73	4.206206e+00
74	73	-2.025033e+00
73	74	-2.025033e+00
74	74	4.206206e+00
75	74	-2.181173e+00
74	75	-2.181173e+00
75	75	3.598695e+00
76	75	-1.417523e+00
75	76	-1.417523e+00
76	76	3.601644e+00
77	76	-2.184121e+00
55	77	-2.514616e-02
76	77	-2.184121e+00
77	77	2.209268e+00
57	78	-1.818182e-01
78	78	2.012755e-01
79	78	-1.945733e-02
46	79	-1.484900e-01
58	79	-1.818182e-01
78	79	-1.945733e-02
79	79	3.497655e-01
45	80	-1.818182e-01
72	80	-2.363390e+00
80	80	2.545208e+00
44	81	-6.576481e-02
45	81	-4.961376e+00
81	81	5.027141e+00
9	82	-6.218093e+00
60	82	-1.044930e+00
82	82	7.263023e+00
7	83	-5.753442e+00
41	83	-1.032628e+00
83	83	6.786070e+00
40	84	-2.821312e+00
84	84	3.512731e+01
99	84	-3.230600e+01
3	85	-5.753442e+00
39	85	-1.032628e+00
85	85	6.786070e+00
38	86	-2.037315e+00
86	86	3.304632e+00
87	86	-1.267316e+00
9	87	-6.218093e+00
86	87	-1.267316e+00
87	87	7.485410e+00
11	88	-5.757119e+00
38	88	-4.100142e-01
88	88	6.167133e+00
89	89	1.815667e+00
90	89	-1.605510e+00
91	89	-2.101564e-01
89	90	-1.605510e+00
90	90	3.172906e+00
93	90	-1.567396e+00
89	91	-2.101564e-01
91	91	1.815667e+00
92	91	-1.605510e+00
37	92	-1.763320e+00
91	92	-1.605510e+00
92	92	3.368830e+00
43	93	-4.111352e+00
90	93	-1.567396e+00
93	93	5.678748e+00
37	94	-5.332594e+01
42	94	-4.111352e+00
94	94	5.743729e+01
36	95	-2.037315e+00
95	95	2.447330e+00
97	95	-4.100142e-01
5	96	-6.218093e+00
36	96	-1.282415e+00
96	96	7.500508e+00
6	97	-5.757119e+00
95	97	-4.100142e-01
97	97	6.167133e+00
35	98	-1.273730e-02
40	98	-3.230600e+01
98	98	3.231874e+01
33	99	-1.612178e+00
84	99	-3.230600e+01
99	99	3.391818e+01
30	100	-2.985511e-01
61	100	-4.075478e+00
100	100	4.374029e+00
29	101	-2.037315e+00
101	101	2.447330e+00
103	101	-4.100142e-01
1	102	-6.218093e+00
29	102	-1.282415e+00
102	102	7.500508e+00
2	103	-5.757119e+00
101	103	-4.100142e-01
103	103	6.167133e+00
31	104	-2.981310e+00
104	104	2.162950e+01
105	104	-1.864819e+01
18	105	-2.627796e+00
104	105	-1.864819e+01
105	105	2.127599e+01
62	106	-1.912825e+01
63	106	-2.527193e+00
106	106	2.165544e+01
107	107	4.591317e+00
108	107	-5.528222e-01
121	107	-4.038495e+00
24	108	-7.198128e+00
107	108	-5.528222e-01
108	108	7.750951e+00
23	109	-2.568634e+00
109	109	4.645770e+00
110	109	-2.077137e+00
22	110	-3.538070e-01
109	110	-2.077137e+00
110	110	2.430944e+00
21	111	-5.178503e+00
111	111	1.058707e+01
132	111	-5.408563e+00
10	112	-2.015438e+01
20	112	-8.904006e+00
112	112	2.905839e+01
113	113	3.495666e+00
114	113	-3.338185e+00
115	113	-1.574808e-01
19	114	-2.334229e+00
113	114	-3.338185e+00
114	114	5.672414e+00
34	115	-4.586399e+00
113	115	-1.574808e-01
115	115	4.743879e+00
116	116	3.638021e+00
117	116	-3.338185e+00
118	116	-2.998366e-01
17	117	-2.334229e+00
116	117	-3.338185e+00
117	117	5.672414e+00
56	118	-4.586399e+00
116	118	-2.998366e-01
118	118	4.886235e+00
16	119	-7.496420e-01
119	119	5.211398e+00
121	119	-4.461756e+00
16	120	-8.689003e-01
48	120	-9.090909e-03
120	120	8.779912e-01
64	121	-3.719532e+01
107	121	-4.038495e+00
119	121	-4.461756e+00
121	121	4.578648e+01
122	121	-9.090909e-02
43	122	-1.094661e+01
121	122	-9.090909e-02
122	122	1.103752e+01
15	123	-8.528057e+00
123	123	8.618966e+00
124	123	-9.090909e-02
42	124	-1.094661e+01
123	124	-9.090909e-02
124	124	1.103752e+01
54	125	-1.082251e-02
66	125	-1.759532e-02
125	125	2.841783e-02
51	126	-2.480362e-02
65	126	-7.168459e-03
126	126	3.197208e-02
13	127	-1.001131e+01
66	127	-1.363637e-02
127	127	1.002495e+01
11	128	-9.090909e-02
14	128	-1.001131e+01
128	128	1.010222e+01
53	129	-1.082251e-02
68	129	-1.759532e-02
129	129	2.841783e-02
50	130	-2.480362e-02
67	130	-7.168459e-03
130	130	3.197208e-02
67	131	-1.363637e-02
131	131	1.002495e+01
133	131	-1.001131e+01
7	132	-9.090909e-02
8	132	-1.001131e+01
111	132	-5.408563e+00
132	132	1.551078e+01
6	133	-9.090909e-02
28	133	-2.669685e+01
131	133	-1.001131e+01
133	133	3.679907e+01
52	134	-1.082251e-02
70	134	-1.759532e-02
134	134	2.841783e-02
49	135	-2.480362e-02
69	135	-7.168459e-03
135	135	3.197208e-02
69	136	-1.363637e-02
136	136	1.002495e+01
138	136	-1.001131e+01
3	137	-9.090909e-02
4	137	-1.001131e+01
137	137	1.010222e+01
2	138	-9.090909e-02
25	138	-2.669685e+01
136	138	-1.001131e+01
138	138	3.679907e+01
