1	1	7.309002e+00
51	1	-6.218093e+00
70	1	-9.090909e-02
2	2	6.309002e+00
22	2	-6.218093e+00
69	2	-9.090909e-02
3	3	1.002495e+01
36	3	-1.363637e-02
70	3	-1.001131e+01
4	4	1.013435e+01
62	4	-1.004344e+01
67	4	-9.090909e-02
5	5	1.025114e+01
41	5	-5.080113e+00
44	5	-5.080113e+00
66	5	-9.090909e-02
6	6	1.025114e+01
7	6	-9.090909e-02
24	6	-5.080113e+00
45	6	-5.080113e+00
6	7	-9.090909e-02
7	7	1.016892e+01
61	7	-1.007801e+01
8	8	9.974383e+00
63	8	-9.883474e+00
65	8	-9.090909e-02
9	9	3.758810e+00
50	9	-3.576436e+00
57	9	-1.823746e-01
10	10	5.109327e+00
59	10	-8.720449e-02
69	10	-5.022122e+00
11	11	4.681508e+00
32	11	-4.586399e+00
55	11	-9.510947e-02
12	12	1.264451e+01
14	12	-4.971093e+00
54	12	-7.673419e+00
13	13	7.873244e+00
53	13	-3.063679e+00
66	13	-4.809565e+00
12	14	-4.971093e+00
14	14	2.409934e+01
33	14	-1.912825e+01
15	15	1.969377e-01
16	15	-1.818182e-01
47	15	-1.511956e-02
15	16	-1.818182e-01
16	16	1.271183e+01
50	16	-1.253001e+01
17	17	4.768217e+00
49	17	-1.818182e-01
55	17	-4.586399e+00
18	18	2.242423e+00
43	18	-2.162298e+00
45	18	-8.012499e-02
19	19	5.335080e+00
40	19	-2.165679e+00
41	19	-3.169401e+00
20	20	2.333962e-01
32	20	-1.818182e-01
39	20	-5.157803e-02
21	21	3.461259e+00
39	21	-1.818182e-01
52	21	-3.279441e+00
2	22	-6.218093e+00
22	22	6.244168e+00
51	22	-2.607494e-02
23	23	1.505796e+01
46	23	-4.111352e+00
65	23	-1.094661e+01
6	24	-5.080113e+00
24	24	5.218247e+00
46	24	-1.381336e-01
25	25	1.505796e+01
42	25	-4.111352e+00
67	25	-1.094661e+01
26	26	9.090909e-03
63	26	-9.090909e-03
27	27	9.090909e-03
64	27	-9.090909e-03
28	28	9.090909e-03
61	28	-9.090909e-03
29	29	9.090909e-03
62	29	-9.090909e-03
30	30	1.240182e-02
38	30	-1.240182e-02
31	31	5.411255e-03
37	31	-5.411255e-03
11	32	-4.586399e+00
20	32	-1.818182e-01
32	32	4.768217e+00
14	33	-1.912825e+01
33	33	2.109384e+01
34	33	-1.965594e+00
33	34	-1.965594e+00
34	34	7.681415e+00
52	34	-5.715821e+00
35	35	3.123169e-02
38	35	-1.759532e-02
68	35	-1.363637e-02
3	36	-1.363637e-02
36	36	2.976540e-02
37	36	-1.612903e-02
31	37	-5.411255e-03
36	37	-1.612903e-02
37	37	2.154029e-02
30	38	-1.240182e-02
35	38	-1.759532e-02
38	38	2.999714e-02
20	39	-5.157803e-02
21	39	-1.818182e-01
39	39	2.333962e-01
19	40	-2.165679e+00
40	40	2.257545e+00
42	40	-9.186617e-02
5	41	-5.080113e+00
19	41	-3.169401e+00
41	41	8.249515e+00
25	42	-4.111352e+00
40	42	-9.186617e-02
42	42	4.203218e+00
18	43	-2.162298e+00
43	43	2.593033e+00
44	43	-4.307356e-01
5	44	-5.080113e+00
43	44	-4.307356e-01
44	44	5.510849e+00
6	45	-5.080113e+00
18	45	-8.012499e-02
45	45	5.160238e+00
23	46	-4.111352e+00
24	46	-1.381336e-01
46	46	4.249485e+00
15	47	-1.511956e-02
47	47	2.083295e+00
48	47	-2.068175e+00
47	48	-2.068175e+00
48	48	2.530627e+00
49	48	-4.624513e-01
17	49	-1.818182e-01
48	49	-4.624513e-01
49	49	6.442695e-01
9	50	-3.576436e+00
16	50	-1.253001e+01
50	50	1.610644e+01
1	51	-6.218093e+00
22	51	-2.607494e-02
51	51	6.244168e+00
21	52	-3.279441e+00
34	52	-5.715821e+00
52	52	8.995262e+00
13	53	-3.063679e+00
53	53	3.434805e+00
54	53	-3.711264e-01
12	54	-7.673419e+00
53	54	-3.711264e-01
54	54	8.044546e+00
11	55	-9.510947e-02
17	55	-4.586399e+00
55	55	4.681508e+00
56	56	4.759402e+00
57	56	-3.346474e+00
58	56	-1.412928e+00
9	57	-1.823746e-01
56	57	-3.346474e+00
57	57	3.528848e+00
56	58	-1.412928e+00
58	58	8.105876e+00
68	58	-6.692948e+00
10	59	-8.720449e-02
59	59	1.500133e+00
60	59	-1.412928e+00
59	60	-1.412928e+00
60	60	8.105876e+00
68	60	-6.692948e+00
7	61	-1.007801e+01
28	61	-9.090909e-03
61	61	1.008710e+01
4	62	-1.004344e+01
29	62	-9.090909e-03
62	62	1.005253e+01
8	63	-9.883474e+00
26	63	-9.090909e-03
63	63	9.892565e+00
27	64	-9.090909e-03
64	64	9.892565e+00
66	64	-9.883474e+00
8	65	-9.090909e-02
23	65	-1.094661e+01
65	65	1.103752e+01
5	66	-9.090909e-02
13	66	-4.809565e+00
64	66	-9.883474e+00
66	66	1.478395e+01
4	67	-9.090909e-02
25	67	-1.094661e+01
67	67	1.103752e+01
35	68	-1.363637e-02
58	68	-6.692948e+00
60	68	-6.692948e+00
68	68	1.339953e+01
2	69	-9.090909e-02
10	69	-5.022122e+00
69	69	5.113032e+00
1	70	-9.090909e-02
3	70	-1.001131e+01
70	70	1.010222e+01
