1	1	8.358985e+00
2	1	-9.090909e-02
37	1	-7.268076e+00
1	2	-9.090909e-02
2	2	7.362420e+00
54	2	-7.271511e+00
3	3	9.747567e+00
4	3	-9.090909e-02
32	3	-4.828329e+00
34	3	-4.828329e+00
3	4	-9.090909e-02
4	4	5.176888e+00
17	4	-5.085978e+00
5	5	2.237096e+00
26	5	-9.090909e-03
54	5	-2.228005e+00
6	6	2.765826e+00
28	6	-9.090909e-03
42	6	-2.756735e+00
7	7	5.916208e+00
23	7	-5.825299e+00
53	7	-9.090909e-02
8	8	5.912478e+00
9	8	-9.090909e-02
38	8	-5.821569e+00
8	9	-9.090909e-02
9	9	5.176888e+00
12	9	-5.085978e+00
10	10	5.171022e+00
11	10	-9.090909e-02
41	10	-5.080113e+00
10	11	-9.090909e-02
11	11	9.974383e+00
50	11	-9.883474e+00
9	12	-5.085978e+00
12	12	5.213553e+00
44	12	-1.275746e-01
13	13	1.876549e+01
47	13	-1.869631e+00
48	13	-1.689586e+01
14	14	6.087318e+00
15	14	-1.001340e+00
53	14	-5.085978e+00
14	15	-1.001340e+00
15	15	4.057920e+00
16	15	-3.056580e+00
15	16	-3.056580e+00
16	16	3.228889e+00
17	16	-1.723086e-01
4	17	-5.085978e+00
16	17	-1.723086e-01
17	17	5.258287e+00
18	18	4.731668e+01
42	18	-7.271511e+00
55	18	-4.004517e+01
19	19	1.977514e+00
39	19	-1.867159e+00
41	19	-1.103546e-01
20	20	1.347525e+01
35	20	-1.050545e+01
36	20	-2.969800e+00
21	21	1.870793e+00
31	21	-1.239153e+00
32	21	-6.316401e-01
22	22	8.968053e+01
40	22	-8.298893e+01
52	22	-6.691604e+00
7	23	-5.825299e+00
23	23	5.916740e+00
38	23	-9.144111e-02
24	24	9.482384e+01
29	24	-8.757258e+01
56	24	-7.251264e+00
25	25	9.090909e-03
50	25	-9.090909e-03
5	26	-9.090909e-03
26	26	9.090909e-03
27	27	9.090909e-03
49	27	-9.090909e-03
6	28	-9.090909e-03
28	28	9.090909e-03
24	29	-8.757258e+01
29	29	9.133432e+01
30	29	-3.761746e+00
29	30	-3.761746e+00
30	30	5.768452e+00
31	30	-2.006706e+00
21	31	-1.239153e+00
30	31	-2.006706e+00
31	31	3.245859e+00
3	32	-4.828329e+00
21	32	-6.316401e-01
32	32	5.459969e+00
33	33	2.589012e+00
34	33	-3.669078e-01
35	33	-2.222104e+00
3	34	-4.828329e+00
33	34	-3.669078e-01
34	34	5.195237e+00
20	35	-1.050545e+01
33	35	-2.222104e+00
35	35	1.272755e+01
20	36	-2.969800e+00
36	36	9.054238e+01
37	36	-8.757258e+01
1	37	-7.268076e+00
36	37	-8.757258e+01
37	37	9.484065e+01
8	38	-5.821569e+00
23	38	-9.144111e-02
38	38	5.913010e+00
19	39	-1.867159e+00
39	39	2.483090e+00
40	39	-6.159304e-01
22	40	-8.298893e+01
39	40	-6.159304e-01
40	40	8.360486e+01
10	41	-5.080113e+00
19	41	-1.103546e-01
41	41	5.190468e+00
6	42	-2.756735e+00
18	42	-7.271511e+00
42	42	1.002825e+01
43	43	2.545807e+00
44	43	-2.045136e+00
45	43	-5.006709e-01
12	44	-1.275746e-01
43	44	-2.045136e+00
44	44	2.172711e+00
43	45	-5.006709e-01
45	45	1.908344e+00
46	45	-1.407674e+00
45	46	-1.407674e+00
46	46	2.004293e+00
47	46	-5.966196e-01
13	47	-1.869631e+00
46	47	-5.966196e-01
47	47	2.466250e+00
13	48	-1.689586e+01
48	48	2.443029e+01
51	48	-7.534432e+00
27	49	-9.090909e-03
49	49	8.485319e+00
51	49	-8.476228e+00
11	50	-9.883474e+00
25	50	-9.090909e-03
50	50	9.892565e+00
48	51	-7.534432e+00
49	51	-8.476228e+00
51	51	1.610157e+01
52	51	-9.090909e-02
22	52	-6.691604e+00
51	52	-9.090909e-02
52	52	6.782513e+00
7	53	-9.090909e-02
14	53	-5.085978e+00
53	53	5.176888e+00
2	54	-7.271511e+00
5	54	-2.228005e+00
54	54	9.499516e+00
18	55	-4.004517e+01
55	55	4.013608e+01
56	55	-9.090909e-02
24	56	-7.251264e+00
55	56	-9.090909e-02
56	56	7.342173e+00
