1	1	1.352710e+01
2	1	-9.090909e-02
36	1	-6.218093e+00
77	1	-6.218093e+00
1	2	-9.090909e-02
2	2	2.024529e+01
94	2	-2.015438e+01
3	3	5.848028e+00
4	3	-9.090909e-02
78	3	-5.757119e+00
3	4	-9.090909e-02
4	4	1.010222e+01
106	4	-1.001131e+01
5	5	5.844351e+00
58	5	-5.753442e+00
107	5	-9.090909e-02
6	6	1.002495e+01
53	6	-1.363637e-02
107	6	-1.001131e+01
7	7	6.037556e+00
79	7	-5.946647e+00
105	7	-9.090909e-02
8	8	6.239647e+00
9	8	-9.090909e-02
80	8	-6.148738e+00
8	9	-9.090909e-02
9	9	5.104772e+00
20	9	-5.013863e+00
10	10	1.200525e+01
11	10	-9.090909e-02
60	10	-5.957168e+00
62	10	-5.957168e+00
10	11	-9.090909e-02
11	11	5.104772e+00
19	11	-5.013863e+00
12	12	6.048361e+00
35	12	-5.957452e+00
104	12	-9.090909e-02
13	13	2.928185e+01
57	13	-2.919094e+01
103	13	-9.090909e-02
14	14	1.002495e+01
51	14	-1.363637e-02
103	14	-1.001131e+01
15	15	3.123169e-02
16	15	-1.363637e-02
55	15	-1.759532e-02
15	16	-1.363637e-02
16	16	6.706584e+00
85	16	-6.692948e+00
17	17	8.555330e+00
39	17	-2.727270e-02
99	17	-8.528057e+00
18	18	1.645815e+00
40	18	-2.727270e-02
95	18	-7.496420e-01
96	18	-8.689003e-01
11	19	-5.013863e+00
19	19	5.048587e+00
20	19	-3.472391e-02
9	20	-5.013863e+00
19	20	-3.472391e-02
20	20	5.048587e+00
21	21	1.151279e+01
26	21	-6.103031e+00
27	21	-5.409762e+00
22	22	9.044405e+00
92	22	-1.403995e-01
94	22	-8.904006e+00
23	23	2.687027e+00
82	23	-2.627796e+00
90	23	-5.923118e-02
24	24	6.412023e+00
25	24	-3.767457e+00
89	24	-2.644565e+00
24	25	-3.767457e+00
25	25	7.849840e+00
86	25	-4.082382e+00
21	26	-6.103031e+00
26	26	1.233022e+01
105	26	-6.227193e+00
21	27	-5.409762e+00
27	27	8.416811e+00
93	27	-3.007049e+00
28	28	1.485062e+01
83	28	-8.216724e+00
84	28	-6.633895e+00
29	29	7.676371e-01
79	29	-6.558753e-01
80	29	-1.117618e-01
30	30	3.319730e+00
76	30	-2.037315e+00
77	30	-1.282415e+00
31	31	5.615697e+01
73	31	-2.831033e+00
75	31	-5.332594e+01
32	32	3.296455e-01
33	32	-1.818182e-01
66	32	-1.478273e-01
32	33	-1.818182e-01
33	33	4.768217e+00
88	33	-4.586399e+00
34	34	1.683293e+00
64	34	-1.605510e+00
65	34	-7.778288e-02
12	35	-5.957452e+00
35	35	6.202436e+00
60	35	-2.449846e-01
1	36	-6.218093e+00
36	36	7.250721e+00
58	36	-1.032628e+00
37	37	1.505796e+01
75	37	-4.111352e+00
100	37	-1.094661e+01
38	38	1.505796e+01
74	38	-4.111352e+00
98	38	-1.094661e+01
17	39	-2.727270e-02
39	39	2.727270e-02
18	40	-2.727270e-02
40	40	6.363631e-02
50	40	-2.727270e-02
96	40	-9.090909e-03
41	41	2.480362e-02
102	41	-2.480362e-02
42	42	1.240182e-02
55	42	-1.240182e-02
43	43	1.082251e-02
101	43	-1.082251e-02
44	44	5.411255e-03
54	44	-5.411255e-03
45	45	3.163128e+00
59	45	-1.818182e-01
81	45	-2.981310e+00
46	46	4.768217e+00
47	46	-1.818182e-01
49	46	-4.586399e+00
46	47	-1.818182e-01
47	47	6.029098e-01
59	47	-4.210916e-01
48	48	4.768217e+00
68	48	-1.818182e-01
87	48	-4.586399e+00
46	49	-4.586399e+00
49	49	4.707565e+00
87	49	-1.211667e-01
40	50	-2.727270e-02
50	50	3.722260e+01
97	50	-3.719532e+01
14	51	-1.363637e-02
51	51	2.976540e-02
54	51	-1.612903e-02
52	52	2.080483e-02
102	52	-7.168459e-03
106	52	-1.363637e-02
6	53	-1.363637e-02
53	53	3.123169e-02
101	53	-1.759532e-02
44	54	-5.411255e-03
51	54	-1.612903e-02
54	54	2.154029e-02
15	55	-1.759532e-02
42	55	-1.240182e-02
55	55	2.999714e-02
56	56	2.163655e+01
57	56	-1.752520e+01
65	56	-4.111352e+00
13	57	-2.919094e+01
56	57	-1.752520e+01
57	57	4.671614e+01
5	58	-5.753442e+00
36	58	-1.032628e+00
58	58	6.786070e+00
45	59	-1.818182e-01
47	59	-4.210916e-01
59	59	6.029098e-01
10	60	-5.957168e+00
35	60	-2.449846e-01
60	60	6.202153e+00
61	61	2.373355e+00
62	61	-1.798623e-01
63	61	-2.193492e+00
10	62	-5.957168e+00
61	62	-1.798623e-01
62	62	6.137030e+00
61	63	-2.193492e+00
63	63	2.375660e+00
64	63	-1.821679e-01
34	64	-1.605510e+00
63	64	-1.821679e-01
64	64	1.787678e+00
34	65	-7.778288e-02
56	65	-4.111352e+00
65	65	4.189135e+00
32	66	-1.478273e-01
66	66	2.345784e+00
67	66	-2.197957e+00
66	67	-2.197957e+00
67	67	2.271428e+00
68	67	-7.347161e-02
48	68	-1.818182e-01
67	68	-7.347161e-02
68	68	2.552898e-01
69	69	1.815667e+00
70	69	-1.605510e+00
71	69	-2.101564e-01
69	70	-1.605510e+00
70	70	3.173132e+00
74	70	-1.567622e+00
69	71	-2.101564e-01
71	71	1.815667e+00
72	71	-1.605510e+00
71	72	-1.605510e+00
72	72	6.308383e+00
73	72	-4.702873e+00
31	73	-2.831033e+00
72	73	-4.702873e+00
73	73	7.533905e+00
38	74	-4.111352e+00
70	74	-1.567622e+00
74	74	5.678974e+00
31	75	-5.332594e+01
37	75	-4.111352e+00
75	75	5.743729e+01
30	76	-2.037315e+00
76	76	2.447330e+00
78	76	-4.100142e-01
1	77	-6.218093e+00
30	77	-1.282415e+00
77	77	7.500508e+00
3	78	-5.757119e+00
76	78	-4.100142e-01
78	78	6.167133e+00
7	79	-5.946647e+00
29	79	-6.558753e-01
79	79	6.602522e+00
8	80	-6.148738e+00
29	80	-1.117618e-01
80	80	6.260500e+00
45	81	-2.981310e+00
81	81	2.162950e+01
82	81	-1.864819e+01
23	82	-2.627796e+00
81	82	-1.864819e+01
82	82	2.127599e+01
28	83	-8.216724e+00
83	83	2.560363e+01
86	83	-4.038495e+00
104	83	-1.334841e+01
28	84	-6.633895e+00
84	84	8.046824e+00
85	84	-1.412928e+00
16	85	-6.692948e+00
84	85	-1.412928e+00
85	85	8.105876e+00
25	86	-4.082382e+00
83	86	-4.038495e+00
86	86	8.120877e+00
48	87	-4.586399e+00
49	87	-1.211667e-01
87	87	4.707565e+00
33	88	-4.586399e+00
88	88	4.904226e+00
89	88	-3.178276e-01
24	89	-2.644565e+00
88	89	-3.178276e-01
89	89	2.962393e+00
23	90	-5.923118e-02
90	90	4.097726e+00
97	90	-4.038495e+00
91	91	3.826403e+00
92	91	-1.346355e+00
93	91	-2.480048e+00
22	92	-1.403995e-01
91	92	-1.346355e+00
92	92	1.486755e+00
27	93	-3.007049e+00
91	93	-2.480048e+00
93	93	5.487097e+00
2	94	-2.015438e+01
22	94	-8.904006e+00
94	94	2.905839e+01
18	95	-7.496420e-01
95	95	5.211398e+00
97	95	-4.461756e+00
18	96	-8.689003e-01
40	96	-9.090909e-03
96	96	8.779912e-01
50	97	-3.719532e+01
90	97	-4.038495e+00
95	97	-4.461756e+00
97	97	4.578648e+01
98	97	-9.090909e-02
38	98	-1.094661e+01
97	98	-9.090909e-02
98	98	1.103752e+01
17	99	-8.528057e+00
99	99	8.618966e+00
100	99	-9.090909e-02
37	100	-1.094661e+01
99	100	-9.090909e-02
100	100	1.103752e+01
43	101	-1.082251e-02
53	101	-1.759532e-02
101	101	2.841783e-02
41	102	-2.480362e-02
52	102	-7.168459e-03
102	102	3.197208e-02
13	103	-9.090909e-02
14	103	-1.001131e+01
103	103	1.010222e+01
12	104	-9.090909e-02
83	104	-1.334841e+01
104	104	1.343932e+01
7	105	-9.090909e-02
26	105	-6.227193e+00
105	105	6.318102e+00
4	106	-1.001131e+01
52	106	-1.363637e-02
106	106	1.002495e+01
5	107	-9.090909e-02
6	107	-1.001131e+01
107	107	1.010222e+01
