1	1	1.352710e+01
2	1	-9.090909e-02
61	1	-6.218093e+00
70	1	-6.218093e+00
1	2	-9.090909e-02
2	2	2.024529e+01
84	2	-2.015438e+01
3	3	5.848028e+00
71	3	-5.757119e+00
98	3	-9.090909e-02
4	4	5.844351e+00
5	4	-9.090909e-02
48	4	-5.753442e+00
4	5	-9.090909e-02
5	5	1.010222e+01
97	5	-1.001131e+01
6	6	1.002495e+01
55	6	-1.363637e-02
98	6	-1.001131e+01
7	7	6.309002e+00
37	7	-6.218093e+00
95	7	-9.090909e-02
8	8	1.200525e+01
9	8	-9.090909e-02
41	8	-5.957168e+00
66	8	-5.957168e+00
8	9	-9.090909e-02
9	9	5.104772e+00
24	9	-5.013863e+00
10	10	6.048361e+00
68	10	-5.957452e+00
94	10	-9.090909e-02
11	11	2.928185e+01
12	11	-9.090909e-02
60	11	-2.919094e+01
11	12	-9.090909e-02
12	12	1.010222e+01
91	12	-1.001131e+01
13	13	3.123169e-02
14	13	-1.363637e-02
58	13	-1.759532e-02
13	14	-1.363637e-02
14	14	6.706584e+00
83	14	-6.692948e+00
15	15	7.358985e+00
16	15	-9.090909e-02
80	15	-7.268076e+00
15	16	-9.090909e-02
16	16	7.362420e+00
18	16	-7.271511e+00
17	17	1.169722e+01
76	17	-5.803157e+00
78	17	-5.803157e+00
88	17	-9.090909e-02
16	18	-7.271511e+00
18	18	9.612116e+00
87	18	-2.340605e+00
19	19	1.002825e+01
27	19	-7.271511e+00
86	19	-2.756735e+00
20	20	4.989153e+00
21	20	-1.836001e+00
81	20	-3.153152e+00
20	21	-1.836001e+00
21	21	4.938219e+00
31	21	-3.102218e+00
22	22	5.487205e+00
23	22	-4.733414e-01
95	22	-5.013863e+00
22	23	-4.733414e-01
23	23	1.879681e+00
49	23	-1.406339e+00
9	24	-5.013863e+00
24	24	5.048587e+00
25	24	-3.472391e-02
24	25	-3.472391e-02
25	25	5.048587e+00
95	25	-5.013863e+00
26	26	9.019882e+00
50	26	-1.158757e-01
84	26	-8.904006e+00
19	27	-7.271511e+00
27	27	4.731668e+01
89	27	-4.004517e+01
28	28	5.264069e+00
85	28	-1.780906e-01
88	28	-5.085978e+00
29	29	8.382982e+00
30	29	-3.056580e+00
85	29	-5.326402e+00
29	30	-3.056580e+00
30	30	4.121858e+00
31	30	-1.065278e+00
21	31	-3.102218e+00
30	31	-1.065278e+00
31	31	4.167496e+00
32	32	1.177893e+01
82	32	-6.692948e+00
94	32	-5.085978e+00
33	33	4.990080e+00
77	33	-2.020280e+00
79	33	-2.969800e+00
34	34	2.456399e+00
75	34	-2.006706e+00
76	34	-4.496929e-01
35	35	2.261089e-01
49	35	-1.818182e-01
74	35	-4.429071e-02
36	36	5.227125e+00
73	36	-5.045307e+00
74	36	-1.818182e-01
7	37	-6.218093e+00
37	37	6.313408e+00
72	37	-9.531435e-02
38	38	2.447330e+00
69	38	-2.037315e+00
71	38	-4.100142e-01
39	39	2.373355e+00
65	39	-2.193492e+00
66	39	-1.798623e-01
40	40	9.482384e+01
62	40	-8.757258e+01
90	40	-7.251264e+00
8	41	-5.957168e+00
41	41	6.202153e+00
68	41	-2.449846e-01
42	42	9.090909e-03
87	42	-9.090909e-03
43	43	9.090909e-03
86	43	-9.090909e-03
44	44	2.480362e-02
93	44	-2.480362e-02
45	45	1.240182e-02
58	45	-1.240182e-02
46	46	1.082251e-02
92	46	-1.082251e-02
47	47	5.411255e-03
57	47	-5.411255e-03
4	48	-5.753442e+00
48	48	6.798372e+00
61	48	-1.044930e+00
23	49	-1.406339e+00
35	49	-1.818182e-01
49	49	1.588157e+00
26	50	-1.158757e-01
50	50	5.716987e+00
52	50	-5.601111e+00
51	51	1.222007e+01
52	51	-6.059247e+00
96	51	-6.160822e+00
50	52	-5.601111e+00
51	52	-6.059247e+00
52	52	1.166036e+01
53	53	2.976540e-02
57	53	-1.612903e-02
91	53	-1.363637e-02
54	54	6.309002e+00
72	54	-6.218093e+00
96	54	-9.090909e-02
6	55	-1.363637e-02
55	55	2.080483e-02
93	55	-7.168459e-03
56	56	3.123169e-02
92	56	-1.759532e-02
97	56	-1.363637e-02
47	57	-5.411255e-03
53	57	-1.612903e-02
57	57	2.154029e-02
13	58	-1.759532e-02
45	58	-1.240182e-02
58	58	2.999714e-02
59	59	2.163655e+01
60	59	-1.752520e+01
67	59	-4.111352e+00
11	60	-2.919094e+01
59	60	-1.752520e+01
60	60	4.671614e+01
1	61	-6.218093e+00
48	61	-1.044930e+00
61	61	7.263023e+00
40	62	-8.757258e+01
62	62	9.133432e+01
75	62	-3.761746e+00
63	63	1.787678e+00
64	63	-1.605510e+00
65	63	-1.821679e-01
63	64	-1.605510e+00
64	64	1.683293e+00
67	64	-7.778288e-02
39	65	-2.193492e+00
63	65	-1.821679e-01
65	65	2.375660e+00
8	66	-5.957168e+00
39	66	-1.798623e-01
66	66	6.137030e+00
59	67	-4.111352e+00
64	67	-7.778288e-02
67	67	4.189135e+00
10	68	-5.957452e+00
41	68	-2.449846e-01
68	68	6.202436e+00
38	69	-2.037315e+00
69	69	3.304632e+00
70	69	-1.267316e+00
1	70	-6.218093e+00
69	70	-1.267316e+00
70	70	7.485410e+00
3	71	-5.757119e+00
38	71	-4.100142e-01
71	71	6.167133e+00
37	72	-9.531435e-02
54	72	-6.218093e+00
72	72	6.313408e+00
36	73	-5.045307e+00
73	73	1.335938e+01
81	73	-8.314072e+00
35	74	-4.429071e-02
36	74	-1.818182e-01
74	74	2.261089e-01
34	75	-2.006706e+00
62	75	-3.761746e+00
75	75	5.768452e+00
17	76	-5.803157e+00
34	76	-4.496929e-01
76	76	6.252850e+00
33	77	-2.020280e+00
77	77	2.430294e+00
78	77	-4.100142e-01
17	78	-5.803157e+00
77	78	-4.100142e-01
78	78	6.213171e+00
33	79	-2.969800e+00
79	79	9.054238e+01
80	79	-8.757258e+01
15	80	-7.268076e+00
79	80	-8.757258e+01
80	80	9.484065e+01
20	81	-3.153152e+00
73	81	-8.314072e+00
81	81	1.146722e+01
32	82	-6.692948e+00
82	82	8.105876e+00
83	82	-1.412928e+00
14	83	-6.692948e+00
82	83	-1.412928e+00
83	83	8.105876e+00
2	84	-2.015438e+01
26	84	-8.904006e+00
84	84	2.905839e+01
28	85	-1.780906e-01
29	85	-5.326402e+00
85	85	5.504492e+00
19	86	-2.756735e+00
43	86	-9.090909e-03
86	86	2.765826e+00
18	87	-2.340605e+00
42	87	-9.090909e-03
87	87	2.349696e+00
17	88	-9.090909e-02
28	88	-5.085978e+00
88	88	5.176888e+00
27	89	-4.004517e+01
89	89	4.013608e+01
90	89	-9.090909e-02
40	90	-7.251264e+00
89	90	-9.090909e-02
90	90	7.342173e+00
12	91	-1.001131e+01
53	91	-1.363637e-02
91	91	1.002495e+01
46	92	-1.082251e-02
56	92	-1.759532e-02
92	92	2.841783e-02
44	93	-2.480362e-02
55	93	-7.168459e-03
93	93	3.197208e-02
10	94	-9.090909e-02
32	94	-5.085978e+00
94	94	5.176888e+00
7	95	-9.090909e-02
22	95	-5.013863e+00
25	95	-5.013863e+00
95	95	1.011864e+01
51	96	-6.160822e+00
54	96	-9.090909e-02
96	96	6.251731e+00
5	97	-1.001131e+01
56	97	-1.363637e-02
97	97	1.002495e+01
3	98	-9.090909e-02
6	98	-1.001131e+01
98	98	1.010222e+01
