1	1	6.017284e+00
34	1	-4.926375e+00
57	1	-9.090909e-02
2	2	5.017284e+00
33	2	-4.926375e+00
56	2	-9.090909e-02
3	3	1.609104e+01
31	3	-1.363637e-02
56	3	-1.607740e+01
4	4	2.080483e-02
5	4	-1.363637e-02
54	4	-7.168459e-03
4	5	-1.363637e-02
5	5	9.096371e+00
57	5	-9.082735e+00
6	6	6.309002e+00
7	6	-9.090909e-02
35	6	-6.218093e+00
6	7	-9.090909e-02
7	7	5.072949e+00
11	7	-4.982040e+00
8	8	6.309002e+00
23	8	-6.218093e+00
55	8	-9.090909e-02
9	9	3.009586e+01
27	9	-9.090909e-03
52	9	-3.008677e+01
10	10	3.206170e+00
39	10	-3.153152e+00
44	10	-5.301805e-02
7	11	-4.982040e+00
11	11	5.006727e+00
16	11	-2.468727e-02
12	12	3.326147e+00
13	12	-2.239286e-01
17	12	-3.102218e+00
12	13	-2.239286e-01
13	13	5.309907e+00
55	13	-5.085978e+00
14	14	3.337046e+00
26	14	-3.102218e+00
51	14	-2.348278e-01
15	15	3.202183e+00
16	15	-3.056580e+00
42	15	-1.456028e-01
11	16	-2.468727e-02
15	16	-3.056580e+00
16	16	3.081268e+00
12	17	-3.102218e+00
17	17	3.282732e+00
41	17	-1.805136e-01
18	18	1.030504e+01
38	18	-8.009034e+00
40	18	-2.296006e+00
19	19	2.168873e-01
20	19	-1.818182e-01
37	19	-3.506914e-02
19	20	-1.818182e-01
20	20	4.768217e+00
50	20	-4.586399e+00
21	21	2.631243e-01
22	21	-1.818182e-01
36	21	-8.130610e-02
21	22	-1.818182e-01
22	22	4.768217e+00
42	22	-4.586399e+00
8	23	-6.218093e+00
23	23	6.314384e+00
35	23	-9.629088e-02
24	24	2.000328e+00
32	24	-2.101768e-01
34	24	-1.790151e+00
25	25	5.048377e+00
26	25	-1.818182e-01
37	25	-4.866559e+00
14	26	-3.102218e+00
25	26	-1.818182e-01
26	26	3.284036e+00
9	27	-9.090909e-03
27	27	9.090909e-03
28	28	2.480362e-02
54	28	-2.480362e-02
29	29	1.082251e-02
53	29	-1.082251e-02
30	30	3.305100e+00
36	30	-1.818182e-01
39	30	-3.123282e+00
3	31	-1.363637e-02
31	31	3.123169e-02
53	31	-1.759532e-02
24	32	-2.101768e-01
32	32	2.311657e+00
33	32	-2.101480e+00
2	33	-4.926375e+00
32	33	-2.101480e+00
33	33	7.027856e+00
1	34	-4.926375e+00
24	34	-1.790151e+00
34	34	6.716527e+00
6	35	-6.218093e+00
23	35	-9.629088e-02
35	35	6.314384e+00
21	36	-8.130610e-02
30	36	-1.818182e-01
36	36	2.631243e-01
19	37	-3.506914e-02
25	37	-4.866559e+00
37	37	4.901628e+00
18	38	-8.009034e+00
38	38	3.480468e+01
56	38	-2.679564e+01
10	39	-3.153152e+00
30	39	-3.123282e+00
39	39	6.276434e+00
18	40	-2.296006e+00
40	40	5.642479e+00
41	40	-3.346474e+00
17	41	-1.805136e-01
40	41	-3.346474e+00
41	41	3.526987e+00
15	42	-1.456028e-01
22	42	-4.586399e+00
42	42	4.732001e+00
43	43	2.153559e+00
44	43	-7.406310e-01
45	43	-1.412928e+00
10	44	-5.301805e-02
43	44	-7.406310e-01
44	44	7.936491e-01
43	45	-1.412928e+00
45	45	1.486484e+00
46	45	-7.355591e-02
45	46	-7.355591e-02
46	46	1.486484e+00
47	46	-1.412928e+00
46	47	-1.412928e+00
47	47	1.705149e+00
48	47	-2.922208e-01
47	48	-2.922208e-01
48	48	1.705149e+00
49	48	-1.412928e+00
48	49	-1.412928e+00
49	49	1.483349e+00
50	49	-7.042055e-02
20	50	-4.586399e+00
49	50	-7.042055e-02
50	50	4.656819e+00
14	51	-2.348278e-01
51	51	1.791500e+00
52	51	-1.556672e+00
9	52	-3.008677e+01
51	52	-1.556672e+00
52	52	3.164344e+01
29	53	-1.082251e-02
31	53	-1.759532e-02
53	53	2.841783e-02
4	54	-7.168459e-03
28	54	-2.480362e-02
54	54	3.197208e-02
8	55	-9.090909e-02
13	55	-5.085978e+00
55	55	5.176888e+00
2	56	-9.090909e-02
3	56	-1.607740e+01
38	56	-2.679564e+01
56	56	4.296396e+01
1	57	-9.090909e-02
5	57	-9.082735e+00
57	57	9.173644e+00
