1	1	1.352710e+01
2	1	-9.090909e-02
31	1	-6.218093e+00
57	1	-6.218093e+00
1	2	-9.090909e-02
2	2	2.024529e+01
81	2	-2.015438e+01
3	3	5.848028e+00
4	3	-9.090909e-02
58	3	-5.757119e+00
3	4	-9.090909e-02
4	4	1.010222e+01
95	4	-1.001131e+01
5	5	5.844351e+00
55	5	-5.753442e+00
96	5	-9.090909e-02
6	6	1.002495e+01
51	6	-1.363637e-02
96	6	-1.001131e+01
7	7	5.171022e+00
67	7	-5.080113e+00
92	7	-9.090909e-02
8	8	1.074716e+01
9	8	-9.090909e-02
59	8	-5.910480e+00
66	8	-4.745769e+00
8	9	-9.090909e-02
9	9	4.272910e+00
21	9	-4.182001e+00
10	10	5.116515e+00
11	10	-9.090909e-02
29	10	-5.025605e+00
10	11	-9.090909e-02
11	11	1.036648e+01
89	11	-1.027557e+01
12	12	1.103752e+01
77	12	-1.094661e+01
91	12	-9.090909e-02
13	13	1.103752e+01
70	13	-1.094661e+01
90	13	-9.090909e-02
14	14	1.025114e+01
49	14	-9.090909e-02
71	14	-5.080113e+00
75	14	-5.080113e+00
15	15	1.005253e+01
37	15	-9.090909e-03
92	15	-1.004344e+01
16	16	1.005253e+01
36	16	-9.090909e-03
91	16	-1.004344e+01
17	17	8.555330e+00
38	17	-2.727270e-02
90	17	-8.528057e+00
18	18	5.022541e+00
46	18	-4.971093e+00
88	18	-5.144800e-02
19	19	1.171987e+01
49	19	-5.085978e+00
87	19	-6.633895e+00
20	20	5.131736e+00
83	20	-1.364279e+00
86	20	-3.767457e+00
9	21	-4.182001e+00
21	21	5.840472e+00
82	21	-1.658471e+00
22	22	1.642282e+00
24	22	-2.017911e-01
79	22	-1.440490e+00
23	23	9.019882e+00
25	23	-1.158757e-01
81	23	-8.904006e+00
22	24	-2.017911e-01
24	24	3.258371e+00
25	24	-3.056580e+00
23	25	-1.158757e-01
24	25	-3.056580e+00
25	25	3.172456e+00
26	26	5.945995e+00
74	26	-1.605510e+00
76	26	-4.340485e+00
27	27	1.798153e+00
68	27	-1.605510e+00
71	27	-1.926433e-01
28	28	6.533977e+00
65	28	-2.193492e+00
67	28	-4.340485e+00
10	29	-5.025605e+00
29	29	5.207617e+00
59	29	-1.820118e-01
30	30	3.319730e+00
56	30	-2.037315e+00
57	30	-1.282415e+00
1	31	-6.218093e+00
31	31	7.250721e+00
55	31	-1.032628e+00
32	32	3.727415e+00
53	32	-1.818182e-01
54	32	-3.545596e+00
33	33	4.984906e+00
34	33	-4.961376e+00
45	33	-2.353052e-02
33	34	-4.961376e+00
34	34	5.143194e+00
35	34	-1.818182e-01
34	35	-1.818182e-01
35	35	9.443330e-01
52	35	-7.625148e-01
16	36	-9.090909e-03
36	36	9.090909e-03
15	37	-9.090909e-03
37	37	9.090909e-03
17	38	-2.727270e-02
38	38	2.727270e-02
39	39	2.727270e-02
89	39	-2.727270e-02
40	40	2.480362e-02
94	40	-2.480362e-02
41	41	1.082251e-02
93	41	-1.082251e-02
42	42	2.374421e+00
43	42	-1.818182e-01
53	42	-2.192603e+00
42	43	-1.818182e-01
43	43	3.305100e+00
80	43	-3.123282e+00
44	44	3.163128e+00
52	44	-1.818182e-01
78	44	-2.981310e+00
33	45	-2.353052e-02
45	45	3.434474e+00
54	45	-3.410944e+00
18	46	-4.971093e+00
46	46	2.907044e+01
82	46	-4.971093e+00
85	46	-1.912825e+01
47	47	1.213933e+01
80	47	-3.153152e+00
84	47	-8.986179e+00
48	48	1.026492e+01
85	48	-6.182533e+00
86	48	-4.082382e+00
14	49	-9.090909e-02
19	49	-5.085978e+00
49	49	5.176888e+00
50	50	2.080483e-02
94	50	-7.168459e-03
95	50	-1.363637e-02
6	51	-1.363637e-02
51	51	3.123169e-02
93	51	-1.759532e-02
35	52	-7.625148e-01
44	52	-1.818182e-01
52	52	9.443330e-01
32	53	-1.818182e-01
42	53	-2.192603e+00
53	53	2.374421e+00
32	54	-3.545596e+00
45	54	-3.410944e+00
54	54	6.956540e+00
5	55	-5.753442e+00
31	55	-1.032628e+00
55	55	6.786070e+00
30	56	-2.037315e+00
56	56	2.447330e+00
58	56	-4.100142e-01
1	57	-6.218093e+00
30	57	-1.282415e+00
57	57	7.500508e+00
3	58	-5.757119e+00
56	58	-4.100142e-01
58	58	6.167133e+00
8	59	-5.910480e+00
29	59	-1.820118e-01
59	59	6.092492e+00
60	60	2.623244e+00
61	60	-4.402145e-01
62	60	-2.183030e+00
60	61	-4.402145e-01
61	61	1.289926e+00
66	61	-8.497115e-01
60	62	-2.183030e+00
62	62	2.719223e+00
63	62	-5.361930e-01
62	63	-5.361930e-01
63	63	2.728772e+00
64	63	-2.192579e+00
63	64	-2.192579e+00
64	64	2.437563e+00
65	64	-2.449846e-01
28	65	-2.193492e+00
64	65	-2.449846e-01
65	65	2.438477e+00
8	66	-4.745769e+00
61	66	-8.497115e-01
66	66	5.595481e+00
7	67	-5.080113e+00
28	67	-4.340485e+00
67	67	9.420598e+00
27	68	-1.605510e+00
68	68	3.315397e+00
69	68	-1.709887e+00
68	69	-1.709887e+00
69	69	5.821239e+00
70	69	-4.111352e+00
13	70	-1.094661e+01
69	70	-4.111352e+00
70	70	1.505796e+01
14	71	-5.080113e+00
27	71	-1.926433e-01
71	71	5.272757e+00
72	72	1.707284e+00
73	72	-1.605510e+00
74	72	-1.017738e-01
72	73	-1.605510e+00
73	73	2.289257e+00
75	73	-6.837467e-01
26	74	-1.605510e+00
72	74	-1.017738e-01
74	74	1.707284e+00
14	75	-5.080113e+00
73	75	-6.837467e-01
75	75	5.763860e+00
26	76	-4.340485e+00
76	76	8.451837e+00
77	76	-4.111352e+00
12	77	-1.094661e+01
76	77	-4.111352e+00
77	77	1.505796e+01
44	78	-2.981310e+00
78	78	1.391847e+02
79	78	-1.362034e+02
22	79	-1.440490e+00
78	79	-1.362034e+02
79	79	1.376439e+02
43	80	-3.123282e+00
47	80	-3.153152e+00
80	80	6.276434e+00
2	81	-2.015438e+01
23	81	-8.904006e+00
81	81	2.905839e+01
21	82	-1.658471e+00
46	82	-4.971093e+00
82	82	6.629564e+00
20	83	-1.364279e+00
83	83	2.786849e+00
84	83	-1.422570e+00
47	84	-8.986179e+00
83	84	-1.422570e+00
84	84	1.040875e+01
46	85	-1.912825e+01
48	85	-6.182533e+00
85	85	2.531078e+01
20	86	-3.767457e+00
48	86	-4.082382e+00
86	86	7.849840e+00
19	87	-6.633895e+00
87	87	8.689622e+00
88	87	-2.055727e+00
18	88	-5.144800e-02
87	88	-2.055727e+00
88	88	2.107175e+00
11	89	-1.027557e+01
39	89	-2.727270e-02
89	89	1.030284e+01
13	90	-9.090909e-02
17	90	-8.528057e+00
90	90	8.618966e+00
12	91	-9.090909e-02
16	91	-1.004344e+01
91	91	1.013435e+01
7	92	-9.090909e-02
15	92	-1.004344e+01
92	92	1.013435e+01
41	93	-1.082251e-02
51	93	-1.759532e-02
93	93	2.841783e-02
40	94	-2.480362e-02
50	94	-7.168459e-03
94	94	3.197208e-02
4	95	-1.001131e+01
50	95	-1.363637e-02
95	95	1.002495e+01
5	96	-9.090909e-02
6	96	-1.001131e+01
96	96	1.010222e+01
