1	1	1.352710e+01
2	1	-9.090909e-02
68	1	-6.218093e+00
78	1	-6.218093e+00
1	2	-9.090909e-02
2	2	2.024529e+01
100	2	-2.015438e+01
3	3	5.848028e+00
79	3	-5.757119e+00
123	3	-9.090909e-02
4	4	5.844351e+00
5	4	-9.090909e-02
52	4	-5.753442e+00
4	5	-9.090909e-02
5	5	1.010222e+01
122	5	-1.001131e+01
6	6	1.002495e+01
64	6	-1.363637e-02
123	6	-1.001131e+01
7	7	6.309002e+00
80	7	-6.218093e+00
121	7	-9.090909e-02
8	8	6.309002e+00
9	8	-9.090909e-02
76	8	-6.218093e+00
8	9	-9.090909e-02
9	9	5.113032e+00
29	9	-5.022122e+00
10	10	1.164245e+01
11	10	-9.090909e-02
71	10	-5.775773e+00
75	10	-5.775773e+00
10	11	-9.090909e-02
11	11	5.072279e+00
26	11	-4.981370e+00
12	12	5.866682e+00
40	12	-5.775773e+00
119	12	-9.090909e-02
13	13	2.976540e-02
14	13	-1.363637e-02
66	13	-1.612903e-02
13	14	-1.363637e-02
14	14	6.647532e+00
96	14	-6.633895e+00
15	15	3.123169e-02
67	15	-1.759532e-02
116	15	-1.363637e-02
16	16	8.849164e+00
110	16	-8.758255e+00
115	16	-9.090909e-02
17	17	9.769249e+00
18	17	-9.090909e-02
42	17	-4.839170e+00
92	17	-4.839170e+00
17	18	-9.090909e-02
18	18	9.454906e+00
112	18	-9.363997e+00
19	19	1.186263e+01
20	19	-9.090909e-02
70	19	-6.691604e+00
86	19	-5.080113e+00
19	20	-9.090909e-02
20	20	8.849164e+00
109	20	-8.758255e+00
21	21	9.454906e+00
111	21	-9.363997e+00
114	21	-9.090909e-02
22	22	1.192341e+01
89	22	-5.916250e+00
91	22	-5.916250e+00
113	22	-9.090909e-02
23	23	1.471024e+00
24	23	-5.167585e-02
56	23	-1.419348e+00
23	24	-5.167585e-02
24	24	5.137654e+00
113	24	-5.085978e+00
25	25	5.507085e+00
32	25	-5.257154e-01
121	25	-4.981370e+00
11	26	-4.981370e+00
26	26	5.024930e+00
102	26	-4.356046e-02
27	27	5.099482e+00
107	27	-1.181123e-01
121	27	-4.981370e+00
28	28	9.019882e+00
58	28	-1.158757e-01
100	28	-8.904006e+00
9	29	-5.022122e+00
29	29	5.337084e+00
99	29	-3.149616e-01
30	30	5.147191e+00
97	30	-6.121225e-02
119	30	-5.085978e+00
31	31	3.187636e+00
32	31	-3.102218e+00
61	31	-8.541752e-02
25	32	-5.257154e-01
31	32	-3.102218e+00
32	32	3.627933e+00
33	33	4.429515e+00
90	33	-1.437447e+00
92	33	-2.992068e+00
34	34	5.797546e-01
88	34	-1.945718e-01
89	34	-3.851828e-01
35	35	2.412797e+00
69	35	-2.237222e-01
83	35	-2.189075e+00
36	36	3.412143e-01
54	36	-1.818182e-01
81	36	-1.593961e-01
37	37	3.305100e+00
81	37	-1.818182e-01
94	37	-3.123282e+00
38	38	2.447330e+00
77	38	-2.037315e+00
79	38	-4.100142e-01
39	39	2.111804e+00
74	39	-2.051000e+00
76	39	-6.080395e-02
12	40	-5.775773e+00
40	40	5.935285e+00
71	40	-1.595118e-01
41	41	1.505796e+01
93	41	-4.111352e+00
115	41	-1.094661e+01
17	42	-4.839170e+00
42	42	4.924658e+00
93	42	-8.548762e-02
43	43	1.505796e+01
84	43	-4.111352e+00
114	43	-1.094661e+01
44	44	9.090909e-03
112	44	-9.090909e-03
45	45	9.090909e-03
111	45	-9.090909e-03
46	46	9.090909e-03
110	46	-9.090909e-03
47	47	9.090909e-03
109	47	-9.090909e-03
48	48	2.480362e-02
118	48	-2.480362e-02
49	49	1.240182e-02
67	49	-1.240182e-02
50	50	1.082251e-02
117	50	-1.082251e-02
51	51	5.411255e-03
66	51	-5.411255e-03
4	52	-5.753442e+00
52	52	6.798372e+00
68	52	-1.044930e+00
53	53	6.384543e+00
63	53	-6.218093e+00
80	53	-1.664492e-01
36	54	-1.818182e-01
54	54	4.768217e+00
62	54	-4.586399e+00
55	55	4.768217e+00
82	55	-1.818182e-01
108	55	-4.586399e+00
23	56	-1.419348e+00
56	56	1.601166e+00
57	56	-1.818182e-01
56	57	-1.818182e-01
57	57	1.122251e+00
82	57	-9.404330e-01
28	58	-1.158757e-01
58	58	5.716987e+00
60	58	-5.601111e+00
59	59	1.222007e+01
60	59	-6.059247e+00
120	59	-6.160822e+00
58	60	-5.601111e+00
59	60	-6.059247e+00
60	60	1.166036e+01
31	61	-8.541752e-02
61	61	3.238569e+00
94	61	-3.153152e+00
54	62	-4.586399e+00
62	62	4.649729e+00
108	62	-6.333042e-02
53	63	-6.218093e+00
63	63	6.309002e+00
120	63	-9.090909e-02
6	64	-1.363637e-02
64	64	2.080483e-02
118	64	-7.168459e-03
65	65	3.123169e-02
117	65	-1.759532e-02
122	65	-1.363637e-02
13	66	-1.612903e-02
51	66	-5.411255e-03
66	66	2.154029e-02
15	67	-1.759532e-02
49	67	-1.240182e-02
67	67	2.999714e-02
1	68	-6.218093e+00
52	68	-1.044930e+00
68	68	7.263023e+00
35	69	-2.237222e-01
69	69	8.654820e+01
70	69	-8.632448e+01
19	70	-6.691604e+00
69	70	-8.632448e+01
70	70	9.301608e+01
10	71	-5.775773e+00
40	71	-1.595118e-01
71	71	5.935285e+00
72	72	2.145476e+00
73	72	-2.051000e+00
74	72	-9.447599e-02
72	73	-2.051000e+00
73	73	2.289592e+00
75	73	-2.385917e-01
39	74	-2.051000e+00
72	74	-9.447599e-02
74	74	2.145476e+00
10	75	-5.775773e+00
73	75	-2.385917e-01
75	75	6.014365e+00
8	76	-6.218093e+00
39	76	-6.080395e-02
76	76	6.278897e+00
38	77	-2.037315e+00
77	77	3.304632e+00
78	77	-1.267316e+00
1	78	-6.218093e+00
77	78	-1.267316e+00
78	78	7.485410e+00
3	79	-5.757119e+00
38	79	-4.100142e-01
79	79	6.167133e+00
7	80	-6.218093e+00
53	80	-1.664492e-01
80	80	6.384543e+00
36	81	-1.593961e-01
37	81	-1.818182e-01
81	81	3.412143e-01
55	82	-1.818182e-01
57	82	-9.404330e-01
82	82	1.122251e+00
35	83	-2.189075e+00
83	83	2.619751e+00
84	83	-4.306762e-01
43	84	-4.111352e+00
83	84	-4.306762e-01
84	84	4.542028e+00
85	85	5.748737e+01
86	85	-5.273677e+01
87	85	-4.750594e+00
19	86	-5.080113e+00
85	86	-5.273677e+01
86	86	5.781689e+01
85	87	-4.750594e+00
87	87	6.188040e+00
88	87	-1.437447e+00
34	88	-1.945718e-01
87	88	-1.437447e+00
88	88	1.632018e+00
22	89	-5.916250e+00
34	89	-3.851828e-01
89	89	6.301432e+00
33	90	-1.437447e+00
90	90	1.564060e+00
91	90	-1.266139e-01
22	91	-5.916250e+00
90	91	-1.266139e-01
91	91	6.042863e+00
17	92	-4.839170e+00
33	92	-2.992068e+00
92	92	7.831238e+00
41	93	-4.111352e+00
42	93	-8.548762e-02
93	93	4.196839e+00
37	94	-3.123282e+00
61	94	-3.153152e+00
94	94	6.276434e+00
95	95	7.158580e+00
96	95	-3.917835e+00
97	95	-3.240745e+00
14	96	-6.633895e+00
95	96	-3.917835e+00
96	96	1.055173e+01
30	97	-6.121225e-02
95	97	-3.240745e+00
97	97	3.301957e+00
98	98	8.105876e+00
99	98	-1.412928e+00
116	98	-6.692948e+00
29	99	-3.149616e-01
98	99	-1.412928e+00
99	99	1.727890e+00
2	100	-2.015438e+01
28	100	-8.904006e+00
100	100	2.905839e+01
101	101	5.641853e+00
102	101	-4.509786e+00
103	101	-1.132067e+00
26	102	-4.356046e-02
101	102	-4.509786e+00
102	102	4.553347e+00
101	103	-1.132067e+00
103	103	4.702883e+00
104	103	-3.570816e+00
103	104	-3.570816e+00
104	104	5.292102e+00
105	104	-1.721286e+00
104	105	-1.721286e+00
105	105	5.887241e+00
106	105	-4.165955e+00
105	106	-4.165955e+00
106	106	1.661870e+01
107	106	-1.245274e+01
27	107	-1.181123e-01
106	107	-1.245274e+01
107	107	1.257085e+01
55	108	-4.586399e+00
62	108	-6.333042e-02
108	108	4.649729e+00
20	109	-8.758255e+00
47	109	-9.090909e-03
109	109	8.767346e+00
16	110	-8.758255e+00
46	110	-9.090909e-03
110	110	8.767346e+00
21	111	-9.363997e+00
45	111	-9.090909e-03
111	111	9.373088e+00
18	112	-9.363997e+00
44	112	-9.090909e-03
112	112	9.373088e+00
22	113	-9.090909e-02
24	113	-5.085978e+00
113	113	5.176888e+00
21	114	-9.090909e-02
43	114	-1.094661e+01
114	114	1.103752e+01
16	115	-9.090909e-02
41	115	-1.094661e+01
115	115	1.103752e+01
15	116	-1.363637e-02
98	116	-6.692948e+00
116	116	6.706584e+00
50	117	-1.082251e-02
65	117	-1.759532e-02
117	117	2.841783e-02
48	118	-2.480362e-02
64	118	-7.168459e-03
118	118	3.197208e-02
12	119	-9.090909e-02
30	119	-5.085978e+00
119	119	5.176888e+00
59	120	-6.160822e+00
63	120	-9.090909e-02
120	120	6.251731e+00
7	121	-9.090909e-02
25	121	-4.981370e+00
27	121	-4.981370e+00
121	121	1.005365e+01
5	122	-1.001131e+01
65	122	-1.363637e-02
122	122	1.002495e+01
3	123	-9.090909e-02
6	123	-1.001131e+01
123	123	1.010222e+01
