1	1	1.352710e+01
2	1	-9.090909e-02
66	1	-6.218093e+00
76	1	-6.218093e+00
1	2	-9.090909e-02
2	2	2.024529e+01
90	2	-2.015438e+01
3	3	5.848028e+00
77	3	-5.757119e+00
104	3	-9.090909e-02
4	4	5.844351e+00
5	4	-9.090909e-02
46	4	-5.753442e+00
4	5	-9.090909e-02
5	5	1.010222e+01
103	5	-1.001131e+01
6	6	1.002495e+01
54	6	-1.363637e-02
104	6	-1.001131e+01
7	7	6.309002e+00
78	7	-6.218093e+00
102	7	-9.090909e-02
8	8	6.309002e+00
28	8	-6.218093e+00
101	8	-9.090909e-02
9	9	1.200525e+01
10	9	-9.090909e-02
33	9	-5.957168e+00
72	9	-5.957168e+00
9	10	-9.090909e-02
10	10	5.104772e+00
21	10	-5.013863e+00
11	11	6.048361e+00
74	11	-5.957452e+00
100	11	-9.090909e-02
12	12	2.928185e+01
13	12	-9.090909e-02
65	12	-2.919094e+01
12	13	-9.090909e-02
13	13	1.010222e+01
97	13	-1.001131e+01
14	14	3.123169e-02
15	14	-1.363637e-02
62	14	-1.759532e-02
14	15	-1.363637e-02
15	15	6.706584e+00
87	15	-6.692948e+00
16	16	8.555330e+00
39	16	-2.727270e-02
95	16	-8.528057e+00
17	17	8.779912e-01
40	17	-9.090909e-03
92	17	-8.689003e-01
18	18	3.635667e+00
60	18	-3.576436e+00
91	18	-5.923118e-02
19	19	5.487205e+00
20	19	-4.733414e-01
101	19	-5.013863e+00
19	20	-4.733414e-01
20	20	1.879681e+00
48	20	-1.406339e+00
10	21	-5.013863e+00
21	21	5.048587e+00
22	21	-3.472391e-02
21	22	-3.472391e-02
22	22	5.048587e+00
101	22	-5.013863e+00
23	23	9.061021e+00
89	23	-1.570150e-01
90	23	-8.904006e+00
24	24	1.229001e+01
50	24	-6.087650e+00
102	24	-6.202358e+00
25	25	1.177893e+01
86	25	-6.692948e+00
100	25	-5.085978e+00
26	26	3.172906e+00
83	26	-1.605510e+00
85	26	-1.567396e+00
27	27	3.870045e-01
48	27	-1.818182e-01
79	27	-2.051863e-01
8	28	-6.218093e+00
28	28	6.313408e+00
78	28	-9.531435e-02
29	29	2.447330e+00
75	29	-2.037315e+00
77	29	-4.100142e-01
30	30	2.373355e+00
71	30	-2.193492e+00
72	30	-1.798623e-01
31	31	1.505796e+01
85	31	-4.111352e+00
94	31	-1.094661e+01
32	32	1.505796e+01
84	32	-4.111352e+00
96	32	-1.094661e+01
9	33	-5.957168e+00
33	33	6.202153e+00
74	33	-2.449846e-01
34	34	5.042216e+00
37	34	-4.961376e+00
63	34	-8.084009e-02
35	35	5.143194e+00
36	35	-1.818182e-01
63	35	-4.961376e+00
35	36	-1.818182e-01
36	36	2.267794e-01
67	36	-4.496120e-02
34	37	-4.961376e+00
37	37	5.143194e+00
38	37	-1.818182e-01
37	38	-1.818182e-01
38	38	3.951392e+00
58	38	-3.769574e+00
16	39	-2.727270e-02
39	39	2.727270e-02
17	40	-9.090909e-03
40	40	6.363631e-02
51	40	-2.727270e-02
92	40	-2.727270e-02
41	41	2.480362e-02
99	41	-2.480362e-02
42	42	1.240182e-02
62	42	-1.240182e-02
43	43	1.082251e-02
98	43	-1.082251e-02
44	44	5.411255e-03
61	44	-5.411255e-03
45	45	7.142940e+00
59	45	-1.818182e-01
60	45	-6.961122e+00
4	46	-5.753442e+00
46	46	6.798372e+00
66	46	-1.044930e+00
47	47	3.512731e+01
67	47	-3.230600e+01
68	47	-2.821312e+00
20	48	-1.406339e+00
27	48	-1.818182e-01
48	48	1.588157e+00
49	49	6.068174e+00
50	49	-5.518642e+00
88	49	-5.495321e-01
24	50	-6.087650e+00
49	50	-5.518642e+00
50	50	1.160629e+01
40	51	-2.727270e-02
51	51	3.722260e+01
52	51	-3.719532e+01
51	52	-3.719532e+01
52	52	4.578648e+01
91	52	-4.038495e+00
93	52	-4.461756e+00
94	52	-9.090909e-02
53	53	2.976540e-02
61	53	-1.612903e-02
97	53	-1.363637e-02
6	54	-1.363637e-02
54	54	2.080483e-02
99	54	-7.168459e-03
55	55	3.123169e-02
98	55	-1.759532e-02
103	55	-1.363637e-02
56	56	2.372272e+00
57	56	-2.185286e+00
58	56	-1.869858e-01
56	57	-2.185286e+00
57	57	2.303580e+00
59	57	-1.182941e-01
38	58	-3.769574e+00
56	58	-1.869858e-01
58	58	3.956559e+00
45	59	-1.818182e-01
57	59	-1.182941e-01
59	59	3.001122e-01
18	60	-3.576436e+00
45	60	-6.961122e+00
60	60	1.053756e+01
44	61	-5.411255e-03
53	61	-1.612903e-02
61	61	2.154029e-02
14	62	-1.759532e-02
42	62	-1.240182e-02
62	62	2.999714e-02
34	63	-8.084009e-02
35	63	-4.961376e+00
63	63	5.042216e+00
64	64	2.163655e+01
65	64	-1.752520e+01
73	64	-4.111352e+00
12	65	-2.919094e+01
64	65	-1.752520e+01
65	65	4.671614e+01
1	66	-6.218093e+00
46	66	-1.044930e+00
66	66	7.263023e+00
36	67	-4.496120e-02
47	67	-3.230600e+01
67	67	3.235096e+01
47	68	-2.821312e+00
68	68	3.512731e+01
79	68	-3.230600e+01
69	69	1.787678e+00
70	69	-1.605510e+00
71	69	-1.821679e-01
69	70	-1.605510e+00
70	70	1.683293e+00
73	70	-7.778288e-02
30	71	-2.193492e+00
69	71	-1.821679e-01
71	71	2.375660e+00
9	72	-5.957168e+00
30	72	-1.798623e-01
72	72	6.137030e+00
64	73	-4.111352e+00
70	73	-7.778288e-02
73	73	4.189135e+00
11	74	-5.957452e+00
33	74	-2.449846e-01
74	74	6.202436e+00
29	75	-2.037315e+00
75	75	3.304632e+00
76	75	-1.267316e+00
1	76	-6.218093e+00
75	76	-1.267316e+00
76	76	7.485410e+00
3	77	-5.757119e+00
29	77	-4.100142e-01
77	77	6.167133e+00
7	78	-6.218093e+00
28	78	-9.531435e-02
78	78	6.313408e+00
27	79	-2.051863e-01
68	79	-3.230600e+01
79	79	3.251119e+01
80	80	3.368830e+00
81	80	-1.763320e+00
82	80	-1.605510e+00
80	81	-1.763320e+00
81	81	5.508926e+01
84	81	-5.332594e+01
80	82	-1.605510e+00
82	82	1.815667e+00
83	82	-2.101564e-01
26	83	-1.605510e+00
82	83	-2.101564e-01
83	83	1.815667e+00
32	84	-4.111352e+00
81	84	-5.332594e+01
84	84	5.743729e+01
26	85	-1.567396e+00
31	85	-4.111352e+00
85	85	5.678748e+00
25	86	-6.692948e+00
86	86	8.105876e+00
87	86	-1.412928e+00
15	87	-6.692948e+00
86	87	-1.412928e+00
87	87	8.105876e+00
49	88	-5.495321e-01
88	88	2.813784e+00
89	88	-2.264252e+00
23	89	-1.570150e-01
88	89	-2.264252e+00
89	89	2.421267e+00
2	90	-2.015438e+01
23	90	-8.904006e+00
90	90	2.905839e+01
18	91	-5.923118e-02
52	91	-4.038495e+00
91	91	4.097726e+00
17	92	-8.689003e-01
40	92	-2.727270e-02
92	92	1.645815e+00
93	92	-7.496420e-01
52	93	-4.461756e+00
92	93	-7.496420e-01
93	93	5.211398e+00
31	94	-1.094661e+01
52	94	-9.090909e-02
94	94	1.103752e+01
16	95	-8.528057e+00
95	95	8.618966e+00
96	95	-9.090909e-02
32	96	-1.094661e+01
95	96	-9.090909e-02
96	96	1.103752e+01
13	97	-1.001131e+01
53	97	-1.363637e-02
97	97	1.002495e+01
43	98	-1.082251e-02
55	98	-1.759532e-02
98	98	2.841783e-02
41	99	-2.480362e-02
54	99	-7.168459e-03
99	99	3.197208e-02
11	100	-9.090909e-02
25	100	-5.085978e+00
100	100	5.176888e+00
8	101	-9.090909e-02
19	101	-5.013863e+00
22	101	-5.013863e+00
101	101	1.011864e+01
7	102	-9.090909e-02
24	102	-6.202358e+00
102	102	6.293267e+00
5	103	-1.001131e+01
55	103	-1.363637e-02
103	103	1.002495e+01
3	104	-9.090909e-02
6	104	-1.001131e+01
104	104	1.010222e+01
