1	1	1.352710e+01
2	1	-9.090909e-02
62	1	-6.218093e+00
86	1	-6.218093e+00
1	2	-9.090909e-02
2	2	2.024529e+01
100	2	-2.015438e+01
3	3	5.848028e+00
87	3	-5.757119e+00
111	3	-9.090909e-02
4	4	5.844351e+00
5	4	-9.090909e-02
48	4	-5.753442e+00
4	5	-9.090909e-02
5	5	1.010222e+01
110	5	-1.001131e+01
6	6	1.002495e+01
54	6	-1.363637e-02
111	6	-1.001131e+01
7	7	6.309002e+00
8	7	-9.090909e-02
29	7	-6.218093e+00
7	8	-9.090909e-02
8	8	5.104772e+00
20	8	-5.013863e+00
9	9	1.200525e+01
10	9	-9.090909e-02
40	9	-5.957168e+00
81	9	-5.957168e+00
9	10	-9.090909e-02
10	10	5.104772e+00
19	10	-5.013863e+00
11	11	6.048361e+00
83	11	-5.957452e+00
108	11	-9.090909e-02
12	12	2.928185e+01
13	12	-9.090909e-02
61	12	-2.919094e+01
12	13	-9.090909e-02
13	13	1.010222e+01
105	13	-1.001131e+01
14	14	3.123169e-02
15	14	-1.363637e-02
57	14	-1.759532e-02
14	15	-1.363637e-02
15	15	6.706584e+00
92	15	-6.692948e+00
16	16	7.342173e+00
17	16	-9.090909e-02
59	16	-7.251264e+00
16	17	-9.090909e-02
17	17	4.013608e+01
90	17	-4.004517e+01
18	18	1.160631e+01
74	18	-5.803157e+00
77	18	-5.803157e+00
10	19	-5.013863e+00
19	19	5.048587e+00
20	19	-3.472391e-02
8	20	-5.013863e+00
19	20	-3.472391e-02
20	20	5.048587e+00
21	21	9.019882e+00
49	21	-1.158757e-01
100	21	-8.904006e+00
22	22	4.898853e+00
33	22	-4.586399e+00
95	22	-3.124541e-01
23	23	4.614360e+00
39	23	-4.586399e+00
93	23	-2.796155e-02
24	24	7.324432e+00
102	24	-2.340605e+00
103	24	-4.983827e+00
25	25	1.002825e+01
90	25	-7.271511e+00
101	25	-2.756735e+00
26	26	7.379609e+00
28	26	-2.793210e+00
38	26	-4.586399e+00
27	27	1.177893e+01
91	27	-6.692948e+00
108	27	-5.085978e+00
26	28	-2.793210e+00
28	28	9.467397e+00
89	28	-6.674186e+00
7	29	-6.218093e+00
29	29	6.313408e+00
88	29	-9.531435e-02
30	30	2.447330e+00
85	30	-2.037315e+00
87	30	-4.100142e-01
31	31	2.189407e-01
32	31	-1.818182e-01
84	31	-3.712256e-02
31	32	-1.818182e-01
32	32	4.768217e+00
93	32	-4.586399e+00
22	33	-4.586399e+00
33	33	4.768217e+00
84	33	-1.818182e-01
34	34	2.373355e+00
80	34	-2.193492e+00
81	34	-1.798623e-01
35	35	5.768452e+00
58	35	-3.761746e+00
76	35	-2.006706e+00
36	36	2.430294e+00
72	36	-2.020280e+00
74	36	-4.100142e-01
37	37	2.517961e+00
38	37	-1.818182e-01
70	37	-2.336143e+00
26	38	-4.586399e+00
37	38	-1.818182e-01
38	38	4.768217e+00
23	39	-4.586399e+00
39	39	4.768217e+00
71	39	-1.818182e-01
9	40	-5.957168e+00
40	40	6.202153e+00
83	40	-2.449846e-01
41	41	9.036645e+01
75	41	-8.346061e+01
104	41	-6.905839e+00
42	42	9.090909e-03
102	42	-9.090909e-03
43	43	9.090909e-03
101	43	-9.090909e-03
44	44	2.480362e-02
107	44	-2.480362e-02
45	45	1.240182e-02
57	45	-1.240182e-02
46	46	1.082251e-02
106	46	-1.082251e-02
47	47	5.411255e-03
56	47	-5.411255e-03
4	48	-5.753442e+00
48	48	6.798372e+00
62	48	-1.044930e+00
21	49	-1.158757e-01
49	49	5.716987e+00
51	49	-5.601111e+00
50	50	1.222007e+01
51	50	-6.059247e+00
109	50	-6.160822e+00
49	51	-5.601111e+00
50	51	-6.059247e+00
51	51	1.166036e+01
52	52	2.976540e-02
56	52	-1.612903e-02
105	52	-1.363637e-02
53	53	6.309002e+00
88	53	-6.218093e+00
109	53	-9.090909e-02
6	54	-1.363637e-02
54	54	2.080483e-02
107	54	-7.168459e-03
55	55	3.123169e-02
106	55	-1.759532e-02
110	55	-1.363637e-02
47	56	-5.411255e-03
52	56	-1.612903e-02
56	56	2.154029e-02
14	57	-1.759532e-02
45	57	-1.240182e-02
57	57	2.999714e-02
35	58	-3.761746e+00
58	58	9.133432e+01
59	58	-8.757258e+01
16	59	-7.251264e+00
58	59	-8.757258e+01
59	59	9.482384e+01
60	60	2.163655e+01
61	60	-1.752520e+01
82	60	-4.111352e+00
12	61	-2.919094e+01
60	61	-1.752520e+01
61	61	4.671614e+01
1	62	-6.218093e+00
48	62	-1.044930e+00
62	62	7.263023e+00
63	63	2.308654e+00
64	63	-2.176198e+00
65	63	-1.324559e-01
63	64	-2.176198e+00
64	64	2.374425e+00
71	64	-1.982271e-01
63	65	-1.324559e-01
65	65	2.308654e+00
66	65	-2.176198e+00
65	66	-2.176198e+00
66	66	2.796265e+00
67	66	-6.200666e-01
66	67	-6.200666e-01
67	67	2.791247e+00
68	67	-2.171180e+00
67	68	-2.171180e+00
68	68	5.305967e+00
69	68	-3.134786e+00
68	69	-3.134786e+00
69	69	5.958540e+01
70	69	-5.645061e+01
37	70	-2.336143e+00
69	70	-5.645061e+01
70	70	5.878675e+01
39	71	-1.818182e-01
64	71	-1.982271e-01
71	71	3.800452e-01
36	72	-2.020280e+00
72	72	6.360765e+00
73	72	-4.340485e+00
72	73	-4.340485e+00
73	73	1.322811e+01
75	73	-8.887625e+00
18	74	-5.803157e+00
36	74	-4.100142e-01
74	74	6.213171e+00
41	75	-8.346061e+01
73	75	-8.887625e+00
75	75	9.234824e+01
35	76	-2.006706e+00
76	76	2.456399e+00
77	76	-4.496929e-01
18	77	-5.803157e+00
76	77	-4.496929e-01
77	77	6.252850e+00
78	78	1.787678e+00
79	78	-1.605510e+00
80	78	-1.821679e-01
78	79	-1.605510e+00
79	79	1.683293e+00
82	79	-7.778288e-02
34	80	-2.193492e+00
78	80	-1.821679e-01
80	80	2.375660e+00
9	81	-5.957168e+00
34	81	-1.798623e-01
81	81	6.137030e+00
60	82	-4.111352e+00
79	82	-7.778288e-02
82	82	4.189135e+00
11	83	-5.957452e+00
40	83	-2.449846e-01
83	83	6.202436e+00
31	84	-3.712256e-02
33	84	-1.818182e-01
84	84	2.189407e-01
30	85	-2.037315e+00
85	85	3.304632e+00
86	85	-1.267316e+00
1	86	-6.218093e+00
85	86	-1.267316e+00
86	86	7.485410e+00
3	87	-5.757119e+00
30	87	-4.100142e-01
87	87	6.167133e+00
29	88	-9.531435e-02
53	88	-6.218093e+00
88	88	6.313408e+00
28	89	-6.674186e+00
89	89	8.574182e+01
103	89	-7.906763e+01
17	90	-4.004517e+01
25	90	-7.271511e+00
90	90	4.731668e+01
27	91	-6.692948e+00
91	91	8.105876e+00
92	91	-1.412928e+00
15	92	-6.692948e+00
91	92	-1.412928e+00
92	92	8.105876e+00
23	93	-2.796155e-02
32	93	-4.586399e+00
93	93	4.614360e+00
94	94	2.131450e+00
95	94	-2.025095e+00
96	94	-1.063548e-01
22	95	-3.124541e-01
94	95	-2.025095e+00
95	95	2.337549e+00
94	96	-1.063548e-01
96	96	1.978127e+00
97	96	-1.871772e+00
96	97	-1.871772e+00
97	97	4.072201e+00
98	97	-2.200428e+00
97	98	-2.200428e+00
98	98	6.238923e+00
99	98	-4.038495e+00
98	99	-4.038495e+00
99	99	3.073535e+01
111	99	-2.669685e+01
2	100	-2.015438e+01
21	100	-8.904006e+00
100	100	2.905839e+01
25	101	-2.756735e+00
43	101	-9.090909e-03
101	101	2.765826e+00
24	102	-2.340605e+00
42	102	-9.090909e-03
102	102	2.349696e+00
24	103	-4.983827e+00
89	103	-7.906763e+01
103	103	8.414237e+01
104	103	-9.090909e-02
41	104	-6.905839e+00
103	104	-9.090909e-02
104	104	6.996748e+00
13	105	-1.001131e+01
52	105	-1.363637e-02
105	105	1.002495e+01
46	106	-1.082251e-02
55	106	-1.759532e-02
106	106	2.841783e-02
44	107	-2.480362e-02
54	107	-7.168459e-03
107	107	3.197208e-02
11	108	-9.090909e-02
27	108	-5.085978e+00
108	108	5.176888e+00
50	109	-6.160822e+00
53	109	-9.090909e-02
109	109	6.251731e+00
5	110	-1.001131e+01
55	110	-1.363637e-02
110	110	1.002495e+01
3	111	-9.090909e-02
6	111	-1.001131e+01
99	111	-2.669685e+01
111	111	3.679907e+01
