1	1	1.113435e+01
54	1	-1.004344e+01
59	1	-9.090909e-02
2	2	1.025114e+01
42	2	-5.080113e+00
44	2	-5.080113e+00
58	2	-9.090909e-02
3	3	1.025114e+01
4	3	-9.090909e-02
39	3	-5.080113e+00
41	3	-5.080113e+00
3	4	-9.090909e-02
4	4	1.016892e+01
53	4	-1.007801e+01
5	5	9.974383e+00
55	5	-9.883474e+00
57	5	-9.090909e-02
6	6	5.171022e+00
37	6	-5.080113e+00
52	6	-9.090909e-02
7	7	5.171022e+00
36	7	-5.080113e+00
51	7	-9.090909e-02
8	8	1.603173e+01
32	8	-1.363637e-02
51	8	-1.601809e+01
9	9	1.002495e+01
31	9	-1.363637e-02
52	9	-1.001131e+01
10	10	3.240296e+00
14	10	-8.714445e-02
47	10	-3.153152e+00
11	11	1.080420e+01
48	11	-3.306539e+00
49	11	-7.497657e+00
12	12	7.873244e+00
50	12	-3.063679e+00
58	12	-4.809565e+00
13	13	3.254721e+00
14	13	-3.102218e+00
50	13	-1.525030e-01
10	14	-8.714445e-02
13	14	-3.102218e+00
14	14	3.189363e+00
15	15	1.977909e+00
45	15	-9.652976e-02
46	15	-1.881379e+00
16	16	2.593033e+00
40	16	-2.162298e+00
42	16	-4.307356e-01
17	17	4.249485e+00
23	17	-4.111352e+00
39	17	-1.381336e-01
18	18	2.737173e-01
19	18	-1.818182e-01
38	18	-9.189909e-02
18	19	-1.818182e-01
19	19	1.607335e+00
30	19	-1.425517e+00
20	20	3.305100e+00
38	20	-1.818182e-01
47	20	-3.123282e+00
21	21	1.819039e+00
35	21	-1.645660e+00
37	21	-1.733790e-01
22	22	1.505796e+01
46	22	-4.111352e+00
59	22	-1.094661e+01
17	23	-4.111352e+00
23	23	1.505796e+01
57	23	-1.094661e+01
24	24	9.090909e-03
56	24	-9.090909e-03
25	25	9.090909e-03
55	25	-9.090909e-03
26	26	9.090909e-03
54	26	-9.090909e-03
27	27	9.090909e-03
53	27	-9.090909e-03
28	28	1.240182e-02
34	28	-1.240182e-02
29	29	5.411255e-03
33	29	-5.411255e-03
19	30	-1.425517e+00
30	30	1.574175e+00
48	30	-1.486584e-01
9	31	-1.363637e-02
31	31	3.123169e-02
34	31	-1.759532e-02
8	32	-1.363637e-02
32	32	2.976540e-02
33	32	-1.612903e-02
29	33	-5.411255e-03
32	33	-1.612903e-02
33	33	2.154029e-02
28	34	-1.240182e-02
31	34	-1.759532e-02
34	34	2.999714e-02
21	35	-1.645660e+00
35	35	2.616581e+00
36	35	-9.709209e-01
7	36	-5.080113e+00
35	36	-9.709209e-01
36	36	6.051034e+00
6	37	-5.080113e+00
21	37	-1.733790e-01
37	37	5.253492e+00
18	38	-9.189909e-02
20	38	-1.818182e-01
38	38	2.737173e-01
3	39	-5.080113e+00
17	39	-1.381336e-01
39	39	5.218247e+00
16	40	-2.162298e+00
40	40	2.242423e+00
41	40	-8.012499e-02
3	41	-5.080113e+00
40	41	-8.012499e-02
41	41	5.160238e+00
2	42	-5.080113e+00
16	42	-4.307356e-01
42	42	5.510849e+00
43	43	5.335080e+00
44	43	-3.169401e+00
45	43	-2.165679e+00
2	44	-5.080113e+00
43	44	-3.169401e+00
44	44	8.249515e+00
15	45	-9.652976e-02
43	45	-2.165679e+00
45	45	2.262209e+00
15	46	-1.881379e+00
22	46	-4.111352e+00
46	46	5.992731e+00
10	47	-3.153152e+00
20	47	-3.123282e+00
47	47	6.276434e+00
11	48	-3.306539e+00
30	48	-1.486584e-01
48	48	3.455198e+00
11	49	-7.497657e+00
49	49	3.419451e+01
51	49	-2.669685e+01
12	50	-3.063679e+00
13	50	-1.525030e-01
50	50	3.216182e+00
7	51	-9.090909e-02
8	51	-1.601809e+01
49	51	-2.669685e+01
51	51	4.280586e+01
6	52	-9.090909e-02
9	52	-1.001131e+01
52	52	1.010222e+01
4	53	-1.007801e+01
27	53	-9.090909e-03
53	53	1.008710e+01
1	54	-1.004344e+01
26	54	-9.090909e-03
54	54	1.005253e+01
5	55	-9.883474e+00
25	55	-9.090909e-03
55	55	9.892565e+00
24	56	-9.090909e-03
56	56	9.892565e+00
58	56	-9.883474e+00
5	57	-9.090909e-02
23	57	-1.094661e+01
57	57	1.103752e+01
2	58	-9.090909e-02
12	58	-4.809565e+00
56	58	-9.883474e+00
58	58	1.478395e+01
1	59	-9.090909e-02
22	59	-1.094661e+01
59	59	1.103752e+01
