1	1	1.352710e+01
90	1	-6.218093e+00
96	1	-6.218093e+00
172	1	-9.090909e-02
2	2	5.848028e+00
97	2	-5.757119e+00
171	2	-9.090909e-02
3	3	5.844351e+00
4	3	-9.090909e-02
75	3	-5.753442e+00
3	4	-9.090909e-02
4	4	4.565381e+01
46	4	-5.385958e+00
170	4	-4.017694e+01
5	5	1.002495e+01
83	5	-1.363637e-02
171	5	-1.001131e+01
6	6	6.309002e+00
7	6	-9.090909e-02
94	6	-6.218093e+00
6	7	-9.090909e-02
7	7	5.072279e+00
36	7	-4.981370e+00
8	8	6.309002e+00
59	8	-6.218093e+00
168	8	-9.090909e-02
9	9	6.309002e+00
108	9	-6.218093e+00
167	9	-9.090909e-02
10	10	1.164245e+01
103	10	-5.775773e+00
107	10	-5.775773e+00
166	10	-9.090909e-02
11	11	5.866682e+00
12	11	-9.090909e-02
54	11	-5.775773e+00
11	12	-9.090909e-02
12	12	5.176888e+00
34	12	-5.085978e+00
13	13	2.976540e-02
86	13	-1.612903e-02
163	13	-1.363637e-02
14	14	3.123169e-02
15	14	-1.363637e-02
88	14	-1.759532e-02
14	15	-1.363637e-02
15	15	6.706584e+00
146	15	-6.692948e+00
16	16	1.252710e+01
17	16	-9.090909e-02
63	16	-6.218093e+00
89	16	-6.218093e+00
16	17	-9.090909e-02
17	17	5.132121e+00
39	17	-5.041212e+00
18	18	6.309002e+00
19	18	-9.090909e-02
64	18	-6.218093e+00
18	19	-9.090909e-02
19	19	1.010222e+01
161	19	-1.001131e+01
20	20	6.309002e+00
93	20	-6.218093e+00
162	20	-9.090909e-02
21	21	3.123169e-02
22	21	-1.363637e-02
87	21	-1.759532e-02
21	22	-1.363637e-02
22	22	6.706584e+00
123	22	-6.692948e+00
23	23	8.849164e+00
155	23	-8.758255e+00
160	23	-9.090909e-02
24	24	9.769249e+00
25	24	-9.090909e-02
61	24	-4.839170e+00
119	24	-4.839170e+00
24	25	-9.090909e-02
25	25	9.454906e+00
157	25	-9.363997e+00
26	26	1.186263e+01
27	26	-9.090909e-02
92	26	-6.691604e+00
113	26	-5.080113e+00
26	27	-9.090909e-02
27	27	8.849164e+00
154	27	-8.758255e+00
28	28	9.454906e+00
156	28	-9.363997e+00
159	28	-9.090909e-02
29	29	1.192341e+01
116	29	-5.916250e+00
118	29	-5.916250e+00
158	29	-9.090909e-02
30	30	1.471024e+00
31	30	-5.167585e-02
51	30	-1.419348e+00
30	31	-5.167585e-02
31	31	5.137654e+00
158	31	-5.085978e+00
32	32	5.525282e+00
149	32	-3.767457e+00
152	32	-1.757825e+00
33	33	1.001009e+01
45	33	-4.971093e+00
150	33	-5.039002e+00
12	34	-5.085978e+00
34	34	5.147191e+00
148	34	-6.121225e-02
35	35	5.337084e+00
145	35	-3.149616e-01
167	35	-5.022122e+00
7	36	-4.981370e+00
36	36	5.099482e+00
139	36	-1.181123e-01
37	37	5.024930e+00
144	37	-4.356046e-02
166	37	-4.981370e+00
38	38	4.657286e+00
57	38	-4.586399e+00
135	38	-7.088780e-02
17	39	-5.041212e+00
39	39	5.119709e+00
130	39	-7.849663e-02
40	40	3.249770e+00
76	40	-3.102218e+00
133	40	-1.475520e-01
41	41	6.025026e+00
125	41	-3.456392e+00
127	41	-2.568634e+00
42	42	1.242810e+00
43	42	-1.158757e-01
168	42	-1.126935e+00
42	43	-1.158757e-01
43	43	9.019882e+00
124	43	-8.904006e+00
44	44	5.131618e+00
122	44	-1.094959e-01
162	44	-5.022122e+00
33	45	-4.971093e+00
45	45	2.907044e+01
80	45	-1.912825e+01
147	45	-4.971093e+00
4	46	-5.385958e+00
46	46	1.057072e+01
125	46	-5.184759e+00
47	47	4.429515e+00
117	47	-1.437447e+00
119	47	-2.992068e+00
48	48	5.797546e-01
115	48	-1.945718e-01
116	48	-3.851828e-01
49	49	2.412797e+00
91	49	-2.237222e-01
110	49	-2.189075e+00
50	50	2.558111e-01
51	50	-1.818182e-01
109	50	-7.399296e-02
30	51	-1.419348e+00
50	51	-1.818182e-01
51	51	1.601166e+00
52	52	3.305100e+00
109	52	-1.818182e-01
121	52	-3.123282e+00
53	53	2.111804e+00
106	53	-2.051000e+00
108	53	-6.080395e-02
11	54	-5.775773e+00
54	54	5.935285e+00
103	54	-1.595118e-01
55	55	1.173203e+00
56	55	-1.818182e-01
101	55	-9.913849e-01
55	56	-1.818182e-01
56	56	4.768217e+00
128	56	-4.586399e+00
38	57	-4.586399e+00
57	57	4.768217e+00
102	57	-1.818182e-01
58	58	2.447330e+00
95	58	-2.037315e+00
97	58	-4.100142e-01
8	59	-6.218093e+00
59	59	6.384543e+00
94	59	-1.664492e-01
60	60	1.505796e+01
120	60	-4.111352e+00
160	60	-1.094661e+01
24	61	-4.839170e+00
61	61	4.924658e+00
120	61	-8.548762e-02
62	62	1.505796e+01
111	62	-4.111352e+00
159	62	-1.094661e+01
16	63	-6.218093e+00
63	63	6.708756e+00
93	63	-4.906627e-01
18	64	-6.218093e+00
64	64	6.271731e+00
89	64	-5.363713e-02
65	65	9.090909e-03
157	65	-9.090909e-03
66	66	9.090909e-03
156	66	-9.090909e-03
67	67	9.090909e-03
155	67	-9.090909e-03
68	68	9.090909e-03
154	68	-9.090909e-03
69	69	1.240182e-02
88	69	-1.240182e-02
70	70	2.480362e-02
165	70	-2.480362e-02
71	71	1.240182e-02
87	71	-1.240182e-02
72	72	5.411255e-03
86	72	-5.411255e-03
73	73	1.082251e-02
164	73	-1.082251e-02
74	74	1.082251e-02
85	74	-1.082251e-02
3	75	-5.753442e+00
75	75	6.798372e+00
90	75	-1.044930e+00
40	76	-3.102218e+00
76	76	6.346622e+00
77	76	-3.244404e+00
76	77	-3.244404e+00
77	77	7.011862e+00
136	77	-3.767457e+00
78	78	7.011862e+00
134	78	-3.244404e+00
137	78	-3.767457e+00
79	79	2.048586e+01
136	79	-1.859047e+01
137	79	-1.895393e+00
45	80	-1.912825e+01
80	80	2.291904e+01
149	80	-3.790794e+00
81	81	3.201530e+00
121	81	-3.153152e+00
153	81	-4.837836e-02
82	82	3.123169e-02
85	82	-1.759532e-02
161	82	-1.363637e-02
5	83	-1.363637e-02
83	83	2.080483e-02
165	83	-7.168459e-03
84	84	3.123169e-02
164	84	-1.759532e-02
169	84	-1.363637e-02
74	85	-1.082251e-02
82	85	-1.759532e-02
85	85	2.841783e-02
13	86	-1.612903e-02
72	86	-5.411255e-03
86	86	2.154029e-02
21	87	-1.759532e-02
71	87	-1.240182e-02
87	87	2.999714e-02
14	88	-1.759532e-02
69	88	-1.240182e-02
88	88	2.999714e-02
16	89	-6.218093e+00
64	89	-5.363713e-02
89	89	6.271731e+00
1	90	-6.218093e+00
75	90	-1.044930e+00
90	90	7.263023e+00
49	91	-2.237222e-01
91	91	8.654820e+01
92	91	-8.632448e+01
26	92	-6.691604e+00
91	92	-8.632448e+01
92	92	9.301608e+01
20	93	-6.218093e+00
63	93	-4.906627e-01
93	93	6.708756e+00
6	94	-6.218093e+00
59	94	-1.664492e-01
94	94	6.384543e+00
58	95	-2.037315e+00
95	95	3.304632e+00
96	95	-1.267316e+00
1	96	-6.218093e+00
95	96	-1.267316e+00
96	96	7.485410e+00
2	97	-5.757119e+00
58	97	-4.100142e-01
97	97	6.167133e+00
98	98	2.332983e+00
99	98	-2.173587e+00
100	98	-1.593961e-01
98	99	-2.173587e+00
99	99	2.190296e+00
102	99	-1.670900e-02
98	100	-1.593961e-01
100	100	2.258684e+00
101	100	-2.099288e+00
55	101	-9.913849e-01
100	101	-2.099288e+00
101	101	3.090673e+00
57	102	-1.818182e-01
99	102	-1.670900e-02
102	102	1.985272e-01
10	103	-5.775773e+00
54	103	-1.595118e-01
103	103	5.935285e+00
104	104	2.145476e+00
105	104	-2.051000e+00
106	104	-9.447599e-02
104	105	-2.051000e+00
105	105	2.289592e+00
107	105	-2.385917e-01
53	106	-2.051000e+00
104	106	-9.447599e-02
106	106	2.145476e+00
10	107	-5.775773e+00
105	107	-2.385917e-01
107	107	6.014365e+00
9	108	-6.218093e+00
53	108	-6.080395e-02
108	108	6.278897e+00
50	109	-7.399296e-02
52	109	-1.818182e-01
109	109	2.558111e-01
49	110	-2.189075e+00
110	110	2.619751e+00
111	110	-4.306762e-01
62	111	-4.111352e+00
110	111	-4.306762e-01
111	111	4.542028e+00
112	112	5.748737e+01
113	112	-5.273677e+01
114	112	-4.750594e+00
26	113	-5.080113e+00
112	113	-5.273677e+01
113	113	5.781689e+01
112	114	-4.750594e+00
114	114	6.188040e+00
115	114	-1.437447e+00
48	115	-1.945718e-01
114	115	-1.437447e+00
115	115	1.632018e+00
29	116	-5.916250e+00
48	116	-3.851828e-01
116	116	6.301432e+00
47	117	-1.437447e+00
117	117	1.564060e+00
118	117	-1.266139e-01
29	118	-5.916250e+00
117	118	-1.266139e-01
118	118	6.042863e+00
24	119	-4.839170e+00
47	119	-2.992068e+00
119	119	7.831238e+00
60	120	-4.111352e+00
61	120	-8.548762e-02
120	120	4.196839e+00
52	121	-3.123282e+00
81	121	-3.153152e+00
121	121	6.276434e+00
44	122	-1.094959e-01
122	122	1.517169e+00
123	122	-1.407674e+00
22	123	-6.692948e+00
122	123	-1.407674e+00
123	123	8.100621e+00
43	124	-8.904006e+00
124	124	2.905839e+01
172	124	-2.015438e+01
41	125	-3.456392e+00
46	125	-5.184759e+00
125	125	8.641151e+00
126	126	3.846171e+00
127	126	-2.077137e+00
128	126	-1.769035e+00
41	127	-2.568634e+00
126	127	-2.077137e+00
127	127	4.645770e+00
56	128	-4.586399e+00
126	128	-1.769035e+00
128	128	6.355433e+00
129	129	1.123613e+01
130	129	-2.422369e+00
131	129	-8.813757e+00
39	130	-7.849663e-02
129	130	-2.422369e+00
130	130	2.500866e+00
129	131	-8.813757e+00
131	131	1.080053e+01
132	131	-1.986772e+00
131	132	-1.986772e+00
132	132	2.124081e+00
133	132	-1.373093e-01
40	133	-1.475520e-01
132	133	-1.373093e-01
133	133	2.848613e-01
78	134	-3.244404e+00
134	134	5.058529e+00
135	134	-1.814125e+00
38	135	-7.088780e-02
134	135	-1.814125e+00
135	135	1.885013e+00
77	136	-3.767457e+00
79	136	-1.859047e+01
136	136	2.235793e+01
78	137	-3.767457e+00
79	137	-1.895393e+00
137	137	5.662851e+00
138	138	1.661870e+01
139	138	-1.245274e+01
140	138	-4.165955e+00
36	139	-1.181123e-01
138	139	-1.245274e+01
139	139	1.257085e+01
138	140	-4.165955e+00
140	140	5.887241e+00
141	140	-1.721286e+00
140	141	-1.721286e+00
141	141	5.292102e+00
142	141	-3.570816e+00
141	142	-3.570816e+00
142	142	4.702883e+00
143	142	-1.132067e+00
142	143	-1.132067e+00
143	143	5.641853e+00
144	143	-4.509786e+00
37	144	-4.356046e-02
143	144	-4.509786e+00
144	144	4.553347e+00
35	145	-3.149616e-01
145	145	1.727890e+00
146	145	-1.412928e+00
15	146	-6.692948e+00
145	146	-1.412928e+00
146	146	8.105876e+00
45	147	-4.971093e+00
147	147	9.684895e+00
148	147	-4.713802e+00
34	148	-6.121225e-02
147	148	-4.713802e+00
148	148	4.775014e+00
32	149	-3.767457e+00
80	149	-3.790794e+00
149	149	7.558251e+00
33	150	-5.039002e+00
150	150	9.653293e+00
163	150	-4.614291e+00
151	151	8.646099e+00
152	151	-5.276293e+00
153	151	-3.369806e+00
32	152	-1.757825e+00
151	152	-5.276293e+00
152	152	7.034118e+00
81	153	-4.837836e-02
151	153	-3.369806e+00
153	153	3.418184e+00
27	154	-8.758255e+00
68	154	-9.090909e-03
154	154	8.767346e+00
23	155	-8.758255e+00
67	155	-9.090909e-03
155	155	8.767346e+00
28	156	-9.363997e+00
66	156	-9.090909e-03
156	156	9.373088e+00
25	157	-9.363997e+00
65	157	-9.090909e-03
157	157	9.373088e+00
29	158	-9.090909e-02
31	158	-5.085978e+00
158	158	5.176888e+00
28	159	-9.090909e-02
62	159	-1.094661e+01
159	159	1.103752e+01
23	160	-9.090909e-02
60	160	-1.094661e+01
160	160	1.103752e+01
19	161	-1.001131e+01
82	161	-1.363637e-02
161	161	1.002495e+01
20	162	-9.090909e-02
44	162	-5.022122e+00
162	162	5.113032e+00
13	163	-1.363637e-02
150	163	-4.614291e+00
163	163	4.627928e+00
73	164	-1.082251e-02
84	164	-1.759532e-02
164	164	2.841783e-02
70	165	-2.480362e-02
83	165	-7.168459e-03
165	165	3.197208e-02
10	166	-9.090909e-02
37	166	-4.981370e+00
166	166	5.072279e+00
9	167	-9.090909e-02
35	167	-5.022122e+00
167	167	5.113032e+00
8	168	-9.090909e-02
42	168	-1.126935e+00
168	168	1.217844e+00
84	169	-1.363637e-02
169	169	1.336204e+01
170	169	-1.334841e+01
4	170	-4.017694e+01
169	170	-1.334841e+01
170	170	5.352535e+01
2	171	-9.090909e-02
5	171	-1.001131e+01
171	171	1.010222e+01
1	172	-9.090909e-02
124	172	-2.015438e+01
172	172	2.024529e+01
