1	1	1.352710e+01
2	1	-9.090909e-02
63	1	-6.218093e+00
106	1	-6.218093e+00
1	2	-9.090909e-02
2	2	2.024529e+01
139	2	-2.015438e+01
3	3	5.848028e+00
4	3	-9.090909e-02
107	3	-5.757119e+00
3	4	-9.090909e-02
4	4	1.010222e+01
172	4	-1.001131e+01
5	5	5.844351e+00
94	5	-5.753442e+00
173	5	-9.090909e-02
6	6	1.002495e+01
89	6	-1.363637e-02
173	6	-1.001131e+01
7	7	6.309002e+00
8	7	-9.090909e-02
75	7	-6.218093e+00
7	8	-9.090909e-02
8	8	5.072279e+00
40	8	-4.981370e+00
9	9	6.309002e+00
112	9	-6.218093e+00
171	9	-9.090909e-02
10	10	6.203491e+00
11	10	-9.090909e-02
102	10	-6.112582e+00
10	11	-9.090909e-02
11	11	5.113032e+00
44	11	-5.022122e+00
12	12	1.164245e+01
13	12	-9.090909e-02
56	12	-5.775773e+00
103	12	-5.775773e+00
12	13	-9.090909e-02
13	13	5.072279e+00
43	13	-4.981370e+00
14	14	5.866682e+00
104	14	-5.775773e+00
170	14	-9.090909e-02
15	15	2.976540e-02
16	15	-1.363637e-02
90	15	-1.612903e-02
15	16	-1.363637e-02
16	16	6.647532e+00
128	16	-6.633895e+00
17	17	3.123169e-02
92	17	-1.759532e-02
167	17	-1.363637e-02
18	18	1.252710e+01
61	18	-6.218093e+00
113	18	-6.218093e+00
166	18	-9.090909e-02
19	19	6.309002e+00
96	19	-6.218093e+00
165	19	-9.090909e-02
20	20	6.309002e+00
21	20	-9.090909e-02
52	20	-6.218093e+00
20	21	-9.090909e-02
21	21	5.113032e+00
35	21	-5.022122e+00
22	22	1.002495e+01
87	22	-1.363637e-02
165	22	-1.001131e+01
23	23	3.123169e-02
93	23	-1.759532e-02
164	23	-1.363637e-02
24	24	8.849164e+00
157	24	-8.758255e+00
163	24	-9.090909e-02
25	25	9.769249e+00
26	25	-9.090909e-02
115	25	-4.839170e+00
117	25	-4.839170e+00
25	26	-9.090909e-02
26	26	9.454906e+00
159	26	-9.363997e+00
27	27	8.849164e+00
156	27	-8.758255e+00
162	27	-9.090909e-02
28	28	9.454906e+00
158	28	-9.363997e+00
161	28	-9.090909e-02
29	29	1.192341e+01
118	29	-5.916250e+00
120	29	-5.916250e+00
160	29	-9.090909e-02
30	30	1.471024e+00
31	30	-5.167585e-02
77	30	-1.419348e+00
30	31	-5.167585e-02
31	31	5.137654e+00
160	31	-5.085978e+00
32	32	3.800886e+00
152	32	-3.767457e+00
154	32	-3.342838e-02
33	33	3.862948e+00
151	33	-2.122840e+00
152	33	-1.740108e+00
34	34	1.377171e+01
148	34	-9.733213e+00
150	34	-4.038495e+00
21	35	-5.022122e+00
35	35	5.131618e+00
146	35	-1.094959e-01
36	36	3.255603e+00
46	36	-3.102218e+00
143	36	-1.533846e-01
37	37	5.119709e+00
144	37	-7.849663e-02
166	37	-5.041212e+00
38	38	5.514921e+00
53	38	-4.586399e+00
141	38	-9.285223e-01
39	39	1.165278e+01
47	39	-5.593529e+00
80	39	-6.059247e+00
8	40	-4.981370e+00
40	40	5.545822e+00
74	40	-5.644519e-01
41	41	9.019882e+00
47	41	-1.158757e-01
139	41	-8.904006e+00
42	42	1.610203e+01
81	42	-2.175952e+00
95	42	-1.392608e+01
13	43	-4.981370e+00
43	43	5.024930e+00
133	43	-4.356046e-02
11	44	-5.022122e+00
44	44	5.337084e+00
131	44	-3.149616e-01
45	45	5.147191e+00
129	45	-6.121225e-02
170	45	-5.085978e+00
36	46	-3.102218e+00
46	46	3.222834e+00
140	46	-1.206159e-01
39	47	-5.593529e+00
41	47	-1.158757e-01
47	47	5.709405e+00
48	48	2.619751e+00
124	48	-2.189075e+00
125	48	-4.306762e-01
49	49	5.767250e+01
122	49	-4.702187e+00
123	49	-5.297031e+01
50	50	1.598483e+00
116	50	-1.437447e+00
118	50	-1.610368e-01
51	51	4.196839e+00
60	51	-4.111352e+00
115	51	-8.548762e-02
20	52	-6.218093e+00
52	52	6.708756e+00
113	52	-4.906627e-01
38	53	-4.586399e+00
53	53	4.768217e+00
110	53	-1.818182e-01
54	54	2.230043e+00
108	54	-2.172874e+00
111	54	-5.716932e-02
55	55	3.319730e+00
105	55	-2.037315e+00
106	55	-1.282415e+00
12	56	-5.775773e+00
56	56	5.935285e+00
104	56	-1.595118e-01
57	57	2.289592e+00
101	57	-2.051000e+00
103	57	-2.385917e-01
58	58	1.505796e+01
125	58	-4.111352e+00
161	58	-1.094661e+01
59	59	9.301608e+01
97	59	-8.632448e+01
162	59	-6.691604e+00
51	60	-4.111352e+00
60	60	1.505796e+01
163	60	-1.094661e+01
18	61	-6.218093e+00
61	61	6.271731e+00
96	61	-5.363713e-02
62	62	5.048377e+00
95	62	-1.818182e-01
111	62	-4.866559e+00
1	63	-6.218093e+00
63	63	7.250721e+00
94	63	-1.032628e+00
64	64	9.090909e-03
158	64	-9.090909e-03
65	65	9.090909e-03
159	65	-9.090909e-03
66	66	9.090909e-03
156	66	-9.090909e-03
67	67	9.090909e-03
157	67	-9.090909e-03
68	68	1.240182e-02
93	68	-1.240182e-02
69	69	2.480362e-02
169	69	-2.480362e-02
70	70	1.240182e-02
92	70	-1.240182e-02
71	71	1.082251e-02
91	71	-1.082251e-02
72	72	1.082251e-02
168	72	-1.082251e-02
73	73	5.411255e-03
90	73	-5.411255e-03
40	74	-5.644519e-01
74	74	5.590840e+00
95	74	-5.026389e+00
7	75	-6.218093e+00
75	75	6.384543e+00
112	75	-1.664492e-01
76	76	3.305100e+00
114	76	-1.818182e-01
126	76	-3.123282e+00
30	77	-1.419348e+00
77	77	1.601166e+00
78	77	-1.818182e-01
77	78	-1.818182e-01
78	78	1.226748e+00
114	78	-1.044930e+00
79	79	7.617163e+00
81	79	-7.444741e+00
138	79	-1.724212e-01
39	80	-6.059247e+00
80	80	1.222007e+01
171	80	-6.160822e+00
42	81	-2.175952e+00
79	81	-7.444741e+00
81	81	9.620693e+00
82	82	6.189269e+00
149	82	-2.421812e+00
151	82	-3.767457e+00
83	83	3.833713e+00
84	83	-3.767457e+00
153	83	-6.625588e-02
83	84	-3.767457e+00
84	84	9.074553e+00
155	84	-5.307095e+00
85	85	5.364445e+00
86	85	-2.211294e+00
126	85	-3.153152e+00
85	86	-2.211294e+00
86	86	5.978751e+00
155	86	-3.767457e+00
22	87	-1.363637e-02
87	87	3.123169e-02
91	87	-1.759532e-02
88	88	2.080483e-02
169	88	-7.168459e-03
172	88	-1.363637e-02
6	89	-1.363637e-02
89	89	3.123169e-02
168	89	-1.759532e-02
15	90	-1.612903e-02
73	90	-5.411255e-03
90	90	2.154029e-02
71	91	-1.082251e-02
87	91	-1.759532e-02
91	91	2.841783e-02
17	92	-1.759532e-02
70	92	-1.240182e-02
92	92	2.999714e-02
23	93	-1.759532e-02
68	93	-1.240182e-02
93	93	2.999714e-02
5	94	-5.753442e+00
63	94	-1.032628e+00
94	94	6.786070e+00
42	95	-1.392608e+01
62	95	-1.818182e-01
74	95	-5.026389e+00
95	95	1.913429e+01
19	96	-6.218093e+00
61	96	-5.363713e-02
96	96	6.271731e+00
59	97	-8.632448e+01
97	97	8.654741e+01
124	97	-2.229381e-01
98	98	2.193132e+00
99	98	-1.421317e-01
100	98	-2.051000e+00
98	99	-1.421317e-01
99	99	2.484520e-01
102	99	-1.063203e-01
98	100	-2.051000e+00
100	100	2.145476e+00
101	100	-9.447599e-02
57	101	-2.051000e+00
100	101	-9.447599e-02
101	101	2.145476e+00
10	102	-6.112582e+00
99	102	-1.063203e-01
102	102	6.218902e+00
12	103	-5.775773e+00
57	103	-2.385917e-01
103	103	6.014365e+00
14	104	-5.775773e+00
56	104	-1.595118e-01
104	104	5.935285e+00
55	105	-2.037315e+00
105	105	2.447330e+00
107	105	-4.100142e-01
1	106	-6.218093e+00
55	106	-1.282415e+00
106	106	7.500508e+00
3	107	-5.757119e+00
105	107	-4.100142e-01
107	107	6.167133e+00
54	108	-2.172874e+00
108	108	2.284636e+00
109	108	-1.117618e-01
108	109	-1.117618e-01
109	109	4.168752e-01
110	109	-3.051134e-01
53	110	-1.818182e-01
109	110	-3.051134e-01
110	110	4.869316e-01
54	111	-5.716932e-02
62	111	-4.866559e+00
111	111	4.923728e+00
9	112	-6.218093e+00
75	112	-1.664492e-01
112	112	6.384543e+00
18	113	-6.218093e+00
52	113	-4.906627e-01
113	113	6.708756e+00
76	114	-1.818182e-01
78	114	-1.044930e+00
114	114	1.226748e+00
25	115	-4.839170e+00
51	115	-8.548762e-02
115	115	4.924658e+00
50	116	-1.437447e+00
116	116	4.429515e+00
117	116	-2.992068e+00
25	117	-4.839170e+00
116	117	-2.992068e+00
117	117	7.831238e+00
29	118	-5.916250e+00
50	118	-1.610368e-01
118	118	6.077286e+00
119	119	5.017710e-01
120	119	-3.062721e-01
121	119	-1.954988e-01
29	120	-5.916250e+00
119	120	-3.062721e-01
120	120	6.222522e+00
119	121	-1.954988e-01
121	121	1.648227e+00
122	121	-1.452728e+00
49	122	-4.702187e+00
121	122	-1.452728e+00
122	122	6.154915e+00
49	123	-5.297031e+01
123	123	5.805042e+01
162	123	-5.080113e+00
48	124	-2.189075e+00
97	124	-2.229381e-01
124	124	2.412013e+00
48	125	-4.306762e-01
58	125	-4.111352e+00
125	125	4.542028e+00
76	126	-3.123282e+00
85	126	-3.153152e+00
126	126	6.276434e+00
127	127	7.158580e+00
128	127	-3.917835e+00
129	127	-3.240745e+00
16	128	-6.633895e+00
127	128	-3.917835e+00
128	128	1.055173e+01
45	129	-6.121225e-02
127	129	-3.240745e+00
129	129	3.301957e+00
130	130	8.105876e+00
131	130	-1.412928e+00
167	130	-6.692948e+00
44	131	-3.149616e-01
130	131	-1.412928e+00
131	131	1.727890e+00
132	132	5.641853e+00
133	132	-4.509786e+00
134	132	-1.132067e+00
43	133	-4.356046e-02
132	133	-4.509786e+00
133	133	4.553347e+00
132	134	-1.132067e+00
134	134	4.702883e+00
135	134	-3.570816e+00
134	135	-3.570816e+00
135	135	5.292102e+00
136	135	-1.721286e+00
135	136	-1.721286e+00
136	136	5.887241e+00
137	136	-4.165955e+00
136	137	-4.165955e+00
137	137	1.661870e+01
138	137	-1.245274e+01
79	138	-1.724212e-01
137	138	-1.245274e+01
138	138	1.262516e+01
2	139	-2.015438e+01
41	139	-8.904006e+00
139	139	2.905839e+01
46	140	-1.206159e-01
140	140	1.179159e+00
141	140	-1.058543e+00
38	141	-9.285223e-01
140	141	-1.058543e+00
141	141	1.987065e+00
142	142	2.186420e+00
143	142	-1.367230e-01
144	142	-2.049697e+00
36	143	-1.533846e-01
142	143	-1.367230e-01
143	143	2.901076e-01
37	144	-7.849663e-02
142	144	-2.049697e+00
144	144	2.128194e+00
145	145	8.100621e+00
146	145	-1.407674e+00
164	145	-6.692948e+00
35	146	-1.094959e-01
145	146	-1.407674e+00
146	146	1.517169e+00
147	147	1.811263e+00
148	147	-9.310900e-02
149	147	-1.718154e+00
34	148	-9.733213e+00
147	148	-9.310900e-02
148	148	9.826322e+00
82	149	-2.421812e+00
147	149	-1.718154e+00
149	149	4.139966e+00
34	150	-4.038495e+00
150	150	2.406112e+01
165	150	-2.002263e+01
33	151	-2.122840e+00
82	151	-3.767457e+00
151	151	5.890298e+00
32	152	-3.767457e+00
33	152	-1.740108e+00
152	152	5.507565e+00
83	153	-6.625588e-02
153	153	1.718430e+00
154	153	-1.652174e+00
32	154	-3.342838e-02
153	154	-1.652174e+00
154	154	1.685603e+00
84	155	-5.307095e+00
86	155	-3.767457e+00
155	155	9.074553e+00
27	156	-8.758255e+00
66	156	-9.090909e-03
156	156	8.767346e+00
24	157	-8.758255e+00
67	157	-9.090909e-03
157	157	8.767346e+00
28	158	-9.363997e+00
64	158	-9.090909e-03
158	158	9.373088e+00
26	159	-9.363997e+00
65	159	-9.090909e-03
159	159	9.373088e+00
29	160	-9.090909e-02
31	160	-5.085978e+00
160	160	5.176888e+00
28	161	-9.090909e-02
58	161	-1.094661e+01
161	161	1.103752e+01
27	162	-9.090909e-02
59	162	-6.691604e+00
123	162	-5.080113e+00
162	162	1.186263e+01
24	163	-9.090909e-02
60	163	-1.094661e+01
163	163	1.103752e+01
23	164	-1.363637e-02
145	164	-6.692948e+00
164	164	6.706584e+00
19	165	-9.090909e-02
22	165	-1.001131e+01
150	165	-2.002263e+01
165	165	3.012485e+01
18	166	-9.090909e-02
37	166	-5.041212e+00
166	166	5.132121e+00
17	167	-1.363637e-02
130	167	-6.692948e+00
167	167	6.706584e+00
72	168	-1.082251e-02
89	168	-1.759532e-02
168	168	2.841783e-02
69	169	-2.480362e-02
88	169	-7.168459e-03
169	169	3.197208e-02
14	170	-9.090909e-02
45	170	-5.085978e+00
170	170	5.176888e+00
9	171	-9.090909e-02
80	171	-6.160822e+00
171	171	6.251731e+00
4	172	-1.001131e+01
88	172	-1.363637e-02
172	172	1.002495e+01
5	173	-9.090909e-02
6	173	-1.001131e+01
173	173	1.010222e+01
