1	1	1.352710e+01
62	1	-6.218093e+00
74	1	-6.218093e+00
104	1	-9.090909e-02
2	2	5.848028e+00
75	2	-5.757119e+00
103	2	-9.090909e-02
3	3	5.844351e+00
4	3	-9.090909e-02
45	3	-5.753442e+00
3	4	-9.090909e-02
4	4	1.010222e+01
102	4	-1.001131e+01
5	5	1.002495e+01
57	5	-1.363637e-02
103	5	-1.001131e+01
6	6	6.309002e+00
7	6	-9.090909e-02
30	6	-6.218093e+00
6	7	-9.090909e-02
7	7	5.104772e+00
19	7	-5.013863e+00
8	8	1.200525e+01
35	8	-5.957168e+00
80	8	-5.957168e+00
100	8	-9.090909e-02
9	9	6.048361e+00
10	9	-9.090909e-02
82	9	-5.957452e+00
9	10	-9.090909e-02
10	10	5.176888e+00
23	10	-5.085978e+00
11	11	1.010222e+01
96	11	-1.001131e+01
99	11	-9.090909e-02
12	12	3.123169e-02
60	12	-1.759532e-02
95	12	-1.363637e-02
13	13	7.358985e+00
14	13	-9.090909e-02
69	13	-7.268076e+00
13	14	-9.090909e-02
14	14	7.362420e+00
92	14	-7.271511e+00
15	15	1.169722e+01
16	15	-9.090909e-02
65	15	-5.803157e+00
67	15	-5.803157e+00
15	16	-9.090909e-02
16	16	5.176888e+00
25	16	-5.085978e+00
17	17	2.349696e+00
39	17	-9.090909e-03
92	17	-2.340605e+00
18	18	2.765826e+00
40	18	-9.090909e-03
84	18	-2.756735e+00
7	19	-5.013863e+00
19	19	5.048587e+00
20	19	-3.472391e-02
19	20	-3.472391e-02
20	20	5.048587e+00
100	20	-5.013863e+00
21	21	1.667003e+00
50	21	-1.321053e+00
89	21	-3.459501e-01
22	22	9.061021e+00
88	22	-8.904006e+00
89	22	-1.570150e-01
10	23	-5.085978e+00
23	23	1.177893e+01
90	23	-6.692948e+00
24	24	1.024903e+01
25	24	-2.503348e-01
49	24	-9.998700e+00
16	25	-5.085978e+00
24	25	-2.503348e-01
25	25	5.336313e+00
26	26	4.731668e+01
84	26	-7.271511e+00
93	26	-4.004517e+01
27	27	1.020436e+00
79	27	-8.026713e-01
80	27	-2.177643e-01
28	28	2.447330e+00
73	28	-2.037315e+00
75	28	-4.100142e-01
29	29	2.080142e-01
48	29	-1.818182e-01
72	29	-2.619605e-02
6	30	-6.218093e+00
30	30	6.313408e+00
71	30	-9.531435e-02
31	31	2.123354e-01
46	31	-1.818182e-01
70	31	-3.051721e-02
32	32	4.990080e+00
66	32	-2.020280e+00
68	32	-2.969800e+00
33	33	2.456399e+00
64	33	-2.006706e+00
65	33	-4.496929e-01
34	34	2.163655e+01
63	34	-1.752520e+01
81	34	-4.111352e+00
8	35	-5.957168e+00
35	35	6.202153e+00
82	35	-2.449846e-01
36	36	5.048377e+00
37	36	-1.818182e-01
70	36	-4.866559e+00
36	37	-1.818182e-01
37	37	1.915846e+00
49	37	-1.734028e+00
38	38	9.482384e+01
61	38	-8.757258e+01
94	38	-7.251264e+00
17	39	-9.090909e-03
39	39	9.090909e-03
18	40	-9.090909e-03
40	40	9.090909e-03
41	41	1.240182e-02
60	41	-1.240182e-02
42	42	2.480362e-02
98	42	-2.480362e-02
43	43	5.411255e-03
59	43	-5.411255e-03
44	44	1.082251e-02
97	44	-1.082251e-02
3	45	-5.753442e+00
45	45	6.798372e+00
62	45	-1.044930e+00
31	46	-1.818182e-01
46	46	4.768217e+00
54	46	-4.586399e+00
47	47	3.305100e+00
72	47	-1.818182e-01
83	47	-3.123282e+00
29	48	-1.818182e-01
48	48	4.768217e+00
87	48	-4.586399e+00
24	49	-9.998700e+00
37	49	-1.734028e+00
49	49	1.173273e+01
21	50	-1.321053e+00
50	50	1.314120e+01
51	50	-4.150911e+00
101	50	-7.669241e+00
50	51	-4.150911e+00
51	51	8.233293e+00
85	51	-4.082382e+00
52	52	3.576764e+00
83	52	-3.153152e+00
86	52	-4.236121e-01
53	53	5.180386e+00
85	53	-3.767457e+00
86	53	-1.412928e+00
46	54	-4.586399e+00
54	54	4.622798e+00
87	54	-3.639990e-02
55	55	2.976540e-02
59	55	-1.612903e-02
96	55	-1.363637e-02
56	56	6.309002e+00
71	56	-6.218093e+00
101	56	-9.090909e-02
5	57	-1.363637e-02
57	57	2.080483e-02
98	57	-7.168459e-03
58	58	3.123169e-02
97	58	-1.759532e-02
102	58	-1.363637e-02
43	59	-5.411255e-03
55	59	-1.612903e-02
59	59	2.154029e-02
12	60	-1.759532e-02
41	60	-1.240182e-02
60	60	2.999714e-02
38	61	-8.757258e+01
61	61	9.133432e+01
64	61	-3.761746e+00
1	62	-6.218093e+00
45	62	-1.044930e+00
62	62	7.263023e+00
34	63	-1.752520e+01
63	63	4.671614e+01
99	63	-2.919094e+01
33	64	-2.006706e+00
61	64	-3.761746e+00
64	64	5.768452e+00
15	65	-5.803157e+00
33	65	-4.496929e-01
65	65	6.252850e+00
32	66	-2.020280e+00
66	66	2.430294e+00
67	66	-4.100142e-01
15	67	-5.803157e+00
66	67	-4.100142e-01
67	67	6.213171e+00
32	68	-2.969800e+00
68	68	9.054238e+01
69	68	-8.757258e+01
13	69	-7.268076e+00
68	69	-8.757258e+01
69	69	9.484065e+01
31	70	-3.051721e-02
36	70	-4.866559e+00
70	70	4.897076e+00
30	71	-9.531435e-02
56	71	-6.218093e+00
71	71	6.313408e+00
29	72	-2.619605e-02
47	72	-1.818182e-01
72	72	2.080142e-01
28	73	-2.037315e+00
73	73	3.304632e+00
74	73	-1.267316e+00
1	74	-6.218093e+00
73	74	-1.267316e+00
74	74	7.485410e+00
2	75	-5.757119e+00
28	75	-4.100142e-01
75	75	6.167133e+00
76	76	1.787678e+00
77	76	-1.605510e+00
78	76	-1.821679e-01
76	77	-1.605510e+00
77	77	1.683293e+00
81	77	-7.778288e-02
76	78	-1.821679e-01
78	78	4.569153e+00
79	78	-4.386985e+00
27	79	-8.026713e-01
78	79	-4.386985e+00
79	79	5.189656e+00
8	80	-5.957168e+00
27	80	-2.177643e-01
80	80	6.174932e+00
34	81	-4.111352e+00
77	81	-7.778288e-02
81	81	4.189135e+00
9	82	-5.957452e+00
35	82	-2.449846e-01
82	82	6.202436e+00
47	83	-3.123282e+00
52	83	-3.153152e+00
83	83	6.276434e+00
18	84	-2.756735e+00
26	84	-7.271511e+00
84	84	1.002825e+01
51	85	-4.082382e+00
53	85	-3.767457e+00
85	85	7.849840e+00
52	86	-4.236121e-01
53	86	-1.412928e+00
86	86	1.836540e+00
48	87	-4.586399e+00
54	87	-3.639990e-02
87	87	4.622798e+00
22	88	-8.904006e+00
88	88	2.905839e+01
104	88	-2.015438e+01
21	89	-3.459501e-01
22	89	-1.570150e-01
89	89	5.029651e-01
23	90	-6.692948e+00
90	90	8.105876e+00
91	90	-1.412928e+00
90	91	-1.412928e+00
91	91	8.105876e+00
95	91	-6.692948e+00
14	92	-7.271511e+00
17	92	-2.340605e+00
92	92	9.612116e+00
26	93	-4.004517e+01
93	93	4.013608e+01
94	93	-9.090909e-02
38	94	-7.251264e+00
93	94	-9.090909e-02
94	94	7.342173e+00
12	95	-1.363637e-02
91	95	-6.692948e+00
95	95	6.706584e+00
11	96	-1.001131e+01
55	96	-1.363637e-02
96	96	1.002495e+01
44	97	-1.082251e-02
58	97	-1.759532e-02
97	97	2.841783e-02
42	98	-2.480362e-02
57	98	-7.168459e-03
98	98	3.197208e-02
11	99	-9.090909e-02
63	99	-2.919094e+01
99	99	2.928185e+01
8	100	-9.090909e-02
20	100	-5.013863e+00
100	100	5.104772e+00
50	101	-7.669241e+00
56	101	-9.090909e-02
101	101	7.760150e+00
4	102	-1.001131e+01
58	102	-1.363637e-02
102	102	1.002495e+01
2	103	-9.090909e-02
5	103	-1.001131e+01
103	103	1.010222e+01
1	104	-9.090909e-02
88	104	-2.015438e+01
104	104	2.024529e+01
