1	1	5.676319e+00
74	1	-4.585410e+00
106	1	-9.090909e-02
2	2	1.191187e+01
24	2	-5.910480e+00
75	2	-5.910480e+00
105	2	-9.090909e-02
3	3	5.116515e+00
76	3	-5.025605e+00
104	3	-9.090909e-02
4	4	1.013435e+01
99	4	-1.004344e+01
103	4	-9.090909e-02
5	5	1.025114e+01
6	5	-9.090909e-02
64	5	-5.080113e+00
66	5	-5.080113e+00
5	6	-9.090909e-02
6	6	5.176888e+00
16	6	-5.085978e+00
7	7	1.030284e+01
38	7	-2.727270e-02
104	7	-1.027557e+01
8	8	8.555330e+00
39	8	-2.727270e-02
101	8	-8.528057e+00
9	9	5.171022e+00
79	9	-5.080113e+00
98	9	-9.090909e-02
10	10	5.171022e+00
11	10	-9.090909e-02
78	10	-5.080113e+00
10	11	-9.090909e-02
11	11	1.610900e+01
12	11	-1.601809e+01
11	12	-1.601809e+01
12	12	1.603173e+01
45	12	-1.363637e-02
13	13	1.002495e+01
44	13	-1.363637e-02
98	13	-1.001131e+01
14	14	6.063463e+00
15	14	-3.767457e+00
96	14	-2.296006e+00
14	15	-3.767457e+00
15	15	7.849840e+00
94	15	-4.082382e+00
6	16	-5.085978e+00
16	16	1.171987e+01
93	16	-6.633895e+00
17	17	5.106334e+00
92	17	-4.944351e-02
105	17	-5.056890e+00
18	18	6.664498e+00
19	18	-2.078099e+00
43	18	-4.586399e+00
18	19	-2.078099e+00
19	19	7.067746e+00
106	19	-4.989646e+00
20	20	6.898503e+00
89	20	-2.195631e+00
91	20	-4.702873e+00
21	21	2.200733e-01
22	21	-1.818182e-01
80	21	-3.825511e-02
21	22	-1.818182e-01
22	22	4.768217e+00
97	22	-4.586399e+00
23	23	1.819039e+00
77	23	-1.645660e+00
79	23	-1.733790e-01
2	24	-5.910480e+00
24	24	6.092492e+00
76	24	-1.820118e-01
25	25	2.491658e+00
73	25	-2.183030e+00
75	25	-3.086286e-01
26	26	3.315397e+00
65	26	-1.605510e+00
67	26	-1.709887e+00
27	27	2.289257e+00
62	27	-1.605510e+00
64	27	-6.837467e-01
28	28	3.512731e+01
58	28	-3.230600e+01
59	28	-2.821312e+00
29	29	3.512731e+01
57	29	-2.821312e+00
80	29	-3.230600e+01
30	30	1.505796e+01
67	30	-4.111352e+00
102	30	-1.094661e+01
31	31	1.505796e+01
63	31	-4.111352e+00
103	31	-1.094661e+01
32	32	5.028710e+00
35	32	-4.961376e+00
56	32	-6.733463e-02
33	33	5.143194e+00
34	33	-1.818182e-01
56	33	-4.961376e+00
33	34	-1.818182e-01
34	34	1.470106e+00
51	34	-1.288288e+00
32	35	-4.961376e+00
35	35	5.143194e+00
55	35	-1.818182e-01
36	36	9.090909e-03
100	36	-9.090909e-03
37	37	9.090909e-03
99	37	-9.090909e-03
7	38	-2.727270e-02
38	38	2.727270e-02
8	39	-2.727270e-02
39	39	2.727270e-02
40	40	1.240182e-02
54	40	-1.240182e-02
41	41	5.411255e-03
53	41	-5.411255e-03
42	42	2.700481e+00
43	42	-1.818182e-01
50	42	-2.518663e+00
18	43	-4.586399e+00
42	43	-1.818182e-01
43	43	4.768217e+00
13	44	-1.363637e-02
44	44	3.123169e-02
54	44	-1.759532e-02
12	45	-1.363637e-02
45	45	2.976540e-02
53	45	-1.612903e-02
46	46	1.349355e+01
47	46	-2.180122e+00
48	46	-1.131343e+01
46	47	-2.180122e+00
47	47	2.344630e+00
55	47	-1.645080e-01
46	48	-1.131343e+01
48	48	1.348940e+01
49	48	-2.175971e+00
48	49	-2.175971e+00
49	49	2.289317e+00
50	49	-1.133466e-01
42	50	-2.518663e+00
49	50	-1.133466e-01
50	50	2.632010e+00
34	51	-1.288288e+00
51	51	3.031684e+00
52	51	-1.743396e+00
51	52	-1.743396e+00
52	52	7.405462e+00
58	52	-5.662065e+00
41	53	-5.411255e-03
45	53	-1.612903e-02
53	53	2.154029e-02
40	54	-1.240182e-02
44	54	-1.759532e-02
54	54	2.999714e-02
35	55	-1.818182e-01
47	55	-1.645080e-01
55	55	3.463262e-01
32	56	-6.733463e-02
33	56	-4.961376e+00
56	56	5.028710e+00
29	57	-2.821312e+00
57	57	3.512731e+01
90	57	-3.230600e+01
28	58	-3.230600e+01
52	58	-5.662065e+00
58	58	3.796807e+01
28	59	-2.821312e+00
59	59	3.512731e+01
91	59	-3.230600e+01
60	60	1.707284e+00
61	60	-1.605510e+00
62	60	-1.017738e-01
60	61	-1.605510e+00
61	61	5.945995e+00
63	61	-4.340485e+00
27	62	-1.605510e+00
60	62	-1.017738e-01
62	62	1.707284e+00
31	63	-4.111352e+00
61	63	-4.340485e+00
63	63	8.451837e+00
5	64	-5.080113e+00
27	64	-6.837467e-01
64	64	5.763860e+00
26	65	-1.605510e+00
65	65	1.798153e+00
66	65	-1.926433e-01
5	66	-5.080113e+00
65	66	-1.926433e-01
66	66	5.272757e+00
26	67	-1.709887e+00
30	67	-4.111352e+00
67	67	5.821239e+00
68	68	1.025437e+01
69	68	-8.060876e+00
70	68	-2.193492e+00
68	69	-8.060876e+00
69	69	1.743084e+01
74	69	-9.369964e+00
68	70	-2.193492e+00
70	70	2.438477e+00
71	70	-2.449846e-01
70	71	-2.449846e-01
71	71	2.437563e+00
72	71	-2.192579e+00
71	72	-2.192579e+00
72	72	2.728772e+00
73	72	-5.361930e-01
25	73	-2.183030e+00
72	73	-5.361930e-01
73	73	2.719223e+00
1	74	-4.585410e+00
69	74	-9.369964e+00
74	74	1.395537e+01
2	75	-5.910480e+00
25	75	-3.086286e-01
75	75	6.219109e+00
3	76	-5.025605e+00
24	76	-1.820118e-01
76	76	5.207617e+00
23	77	-1.645660e+00
77	77	2.616581e+00
78	77	-9.709209e-01
10	78	-5.080113e+00
77	78	-9.709209e-01
78	78	6.051034e+00
9	79	-5.080113e+00
23	79	-1.733790e-01
79	79	5.253492e+00
21	80	-3.825511e-02
29	80	-3.230600e+01
80	80	3.234426e+01
81	81	3.923710e+00
82	81	-2.144689e+00
83	81	-1.779021e+00
81	82	-2.144689e+00
82	82	4.495783e+00
90	82	-2.351093e+00
81	83	-1.779021e+00
83	83	3.941318e+00
84	83	-2.162298e+00
83	84	-2.162298e+00
84	84	3.030391e+00
85	84	-8.680932e-01
84	85	-8.680932e-01
85	85	3.043756e+00
86	85	-2.175663e+00
85	86	-2.175663e+00
86	86	3.743285e+00
87	86	-1.567622e+00
86	87	-1.567622e+00
87	87	3.763252e+00
88	87	-2.195631e+00
87	88	-2.195631e+00
88	88	2.441869e+00
89	88	-2.462381e-01
20	89	-2.195631e+00
88	89	-2.462381e-01
89	89	2.441869e+00
57	90	-3.230600e+01
82	90	-2.351093e+00
90	90	3.465710e+01
20	91	-4.702873e+00
59	91	-3.230600e+01
91	91	3.700887e+01
17	92	-4.944351e-02
92	92	2.105170e+00
93	92	-2.055727e+00
16	93	-6.633895e+00
92	93	-2.055727e+00
93	93	8.689622e+00
15	94	-4.082382e+00
94	94	9.168361e+00
98	94	-5.085978e+00
95	95	3.724496e+00
96	95	-3.375345e+00
97	95	-3.491510e-01
14	96	-2.296006e+00
95	96	-3.375345e+00
96	96	5.671351e+00
22	97	-4.586399e+00
95	97	-3.491510e-01
97	97	4.935550e+00
9	98	-9.090909e-02
13	98	-1.001131e+01
94	98	-5.085978e+00
98	98	1.518820e+01
4	99	-1.004344e+01
37	99	-9.090909e-03
99	99	1.005253e+01
36	100	-9.090909e-03
100	100	1.005253e+01
106	100	-1.004344e+01
8	101	-8.528057e+00
101	101	8.618966e+00
102	101	-9.090909e-02
30	102	-1.094661e+01
101	102	-9.090909e-02
102	102	1.103752e+01
4	103	-9.090909e-02
31	103	-1.094661e+01
103	103	1.103752e+01
3	104	-9.090909e-02
7	104	-1.027557e+01
104	104	1.036648e+01
2	105	-9.090909e-02
17	105	-5.056890e+00
105	105	5.147799e+00
1	106	-9.090909e-02
19	106	-4.989646e+00
100	106	-1.004344e+01
106	106	1.512399e+01
