1	1	1.352710e+01
92	1	-6.218093e+00
103	1	-6.218093e+00
147	1	-9.090909e-02
2	2	5.848028e+00
104	2	-5.757119e+00
146	2	-9.090909e-02
3	3	5.844351e+00
4	3	-9.090909e-02
64	3	-5.753442e+00
3	4	-9.090909e-02
4	4	1.010222e+01
145	4	-1.001131e+01
5	5	1.002495e+01
76	5	-1.363637e-02
146	5	-1.001131e+01
6	6	1.252710e+01
7	6	-9.090909e-02
43	6	-6.218093e+00
94	6	-6.218093e+00
6	7	-9.090909e-02
7	7	2.024529e+01
123	7	-2.015438e+01
8	8	5.848028e+00
9	8	-9.090909e-02
95	8	-5.757119e+00
8	9	-9.090909e-02
9	9	1.010222e+01
141	9	-1.001131e+01
10	10	5.844351e+00
88	10	-5.753442e+00
142	10	-9.090909e-02
11	11	1.002495e+01
75	11	-1.363637e-02
142	11	-1.001131e+01
12	12	5.171022e+00
13	12	-9.090909e-02
120	12	-5.080113e+00
12	13	-9.090909e-02
13	13	1.013435e+01
132	13	-1.004344e+01
14	14	1.191187e+01
113	14	-5.910480e+00
119	14	-5.910480e+00
138	14	-9.090909e-02
15	15	5.116515e+00
30	15	-5.025605e+00
137	15	-9.090909e-02
16	16	1.013435e+01
131	16	-1.004344e+01
136	16	-9.090909e-02
17	17	1.025114e+01
107	17	-5.080113e+00
111	17	-5.080113e+00
133	17	-9.090909e-02
18	18	1.030284e+01
53	18	-2.727270e-02
137	18	-1.027557e+01
19	19	8.555330e+00
54	19	-2.727270e-02
134	19	-8.528057e+00
20	20	1.171987e+01
130	20	-6.633895e+00
133	20	-5.085978e+00
21	21	5.106334e+00
129	21	-4.944351e-02
138	21	-5.056890e+00
22	22	5.151256e+00
73	22	-6.527799e-02
133	22	-5.085978e+00
23	23	6.238923e+00
126	23	-2.200428e+00
128	23	-4.038495e+00
24	24	9.019882e+00
27	24	-1.158757e-01
124	24	-8.904006e+00
25	25	1.642282e+00
28	25	-2.017911e-01
61	25	-1.440490e+00
26	26	9.019882e+00
70	26	-1.158757e-01
123	26	-8.904006e+00
24	27	-1.158757e-01
27	27	3.172456e+00
28	27	-3.056580e+00
25	28	-2.017911e-01
27	28	-3.056580e+00
28	28	3.258371e+00
29	29	6.533977e+00
118	29	-2.193492e+00
120	29	-4.340485e+00
15	30	-5.025605e+00
30	30	5.207617e+00
113	30	-1.820118e-01
31	31	5.945995e+00
110	31	-1.605510e+00
112	31	-4.340485e+00
32	32	1.798153e+00
105	32	-1.605510e+00
107	32	-1.926433e-01
33	33	2.447330e+00
102	33	-2.037315e+00
104	33	-4.100142e-01
34	34	2.411890e+00
98	34	-6.079693e-02
100	34	-2.351093e+00
35	35	5.956351e+00
67	35	-1.880873e+00
97	35	-4.075478e+00
36	36	5.956351e+00
66	36	-1.880873e+00
96	36	-4.075478e+00
37	37	2.106807e-01
65	37	-1.818182e-01
97	37	-2.886253e-02
38	38	3.233650e+01
42	38	-3.230600e+01
96	38	-3.050064e-02
39	39	3.319730e+00
93	39	-2.037315e+00
94	39	-1.282415e+00
40	40	1.505796e+01
112	40	-4.111352e+00
136	40	-1.094661e+01
41	41	1.505796e+01
106	41	-4.111352e+00
135	41	-1.094661e+01
38	42	-3.230600e+01
42	42	4.201521e+01
89	42	-9.709209e+00
6	43	-6.218093e+00
43	43	7.250721e+00
88	43	-1.032628e+00
44	44	3.415714e+00
86	44	-3.410944e+00
87	44	-4.770128e-03
45	45	3.727415e+00
85	45	-1.818182e-01
86	45	-3.545596e+00
46	46	3.450660e+00
83	46	-3.410944e+00
84	46	-3.971658e-02
47	47	5.139286e+00
61	47	-9.090909e-02
84	47	-1.818182e-01
101	47	-4.866559e+00
48	48	3.727415e+00
82	48	-1.818182e-01
83	48	-3.545596e+00
49	49	5.143194e+00
50	49	-1.818182e-01
87	49	-4.961376e+00
49	50	-1.818182e-01
50	50	2.435538e-01
81	50	-6.173564e-02
51	51	9.090909e-03
132	51	-9.090909e-03
52	52	9.090909e-03
131	52	-9.090909e-03
18	53	-2.727270e-02
53	53	2.727270e-02
19	54	-2.727270e-02
54	54	2.727270e-02
55	55	2.480362e-02
144	55	-2.480362e-02
56	56	2.480362e-02
140	56	-2.480362e-02
57	57	1.082251e-02
143	57	-1.082251e-02
58	58	1.082251e-02
139	58	-1.082251e-02
59	59	5.343641e-01
60	59	-1.818182e-01
78	59	-3.525459e-01
59	60	-1.818182e-01
60	60	4.768217e+00
127	60	-4.586399e+00
25	61	-1.440490e+00
47	61	-9.090909e-02
61	61	1.377348e+02
80	61	-1.362034e+02
62	62	2.930508e+00
82	62	-5.794146e-01
90	62	-2.351093e+00
63	63	2.914686e+00
81	63	-1.818182e-01
121	63	-2.732868e+00
3	64	-5.753442e+00
64	64	6.798372e+00
92	64	-1.044930e+00
37	65	-1.818182e-01
65	65	1.591788e+00
72	65	-1.409970e+00
36	66	-1.880873e+00
66	66	5.956351e+00
99	66	-4.075478e+00
35	67	-1.880873e+00
67	67	5.956351e+00
100	67	-4.075478e+00
68	68	3.072219e+00
69	68	-9.090909e-02
80	68	-2.981310e+00
68	69	-9.090909e-02
69	69	3.852655e+00
101	69	-3.761746e+00
26	70	-1.158757e-01
70	70	3.172456e+00
71	70	-3.056580e+00
70	71	-3.056580e+00
71	71	3.258371e+00
72	71	-2.017911e-01
65	72	-1.409970e+00
71	72	-2.017911e-01
72	72	1.611761e+00
22	73	-6.527799e-02
73	73	1.471617e+00
122	73	-1.406339e+00
74	74	2.080483e-02
140	74	-7.168459e-03
141	74	-1.363637e-02
11	75	-1.363637e-02
75	75	3.123169e-02
139	75	-1.759532e-02
5	76	-1.363637e-02
76	76	2.080483e-02
144	76	-7.168459e-03
77	77	3.123169e-02
143	77	-1.759532e-02
145	77	-1.363637e-02
59	78	-3.525459e-01
78	78	2.155309e+00
79	78	-1.802763e+00
78	79	-1.802763e+00
79	79	3.028281e+00
85	79	-1.225517e+00
61	80	-1.362034e+02
68	80	-2.981310e+00
80	80	1.391847e+02
50	81	-6.173564e-02
63	81	-1.818182e-01
81	81	2.435538e-01
48	82	-1.818182e-01
62	82	-5.794146e-01
82	82	7.612327e-01
46	83	-3.410944e+00
48	83	-3.545596e+00
83	83	6.956540e+00
46	84	-3.971658e-02
47	84	-1.818182e-01
84	84	2.215348e-01
45	85	-1.818182e-01
79	85	-1.225517e+00
85	85	1.407335e+00
44	86	-3.410944e+00
45	86	-3.545596e+00
86	86	6.956540e+00
44	87	-4.770128e-03
49	87	-4.961376e+00
87	87	4.966146e+00
10	88	-5.753442e+00
43	88	-1.032628e+00
88	88	6.786070e+00
42	89	-9.709209e+00
89	89	1.347096e+01
91	89	-3.761746e+00
62	90	-2.351093e+00
90	90	3.465710e+01
91	90	-3.230600e+01
89	91	-3.761746e+00
90	91	-3.230600e+01
91	91	3.606775e+01
1	92	-6.218093e+00
64	92	-1.044930e+00
92	92	7.263023e+00
39	93	-2.037315e+00
93	93	2.447330e+00
95	93	-4.100142e-01
6	94	-6.218093e+00
39	94	-1.282415e+00
94	94	7.500508e+00
8	95	-5.757119e+00
93	95	-4.100142e-01
95	95	6.167133e+00
36	96	-4.075478e+00
38	96	-3.050064e-02
96	96	4.105978e+00
35	97	-4.075478e+00
37	97	-2.886253e-02
97	97	4.104340e+00
34	98	-6.079693e-02
98	98	2.411890e+00
99	98	-2.351093e+00
66	99	-4.075478e+00
98	99	-2.351093e+00
99	99	6.426571e+00
34	100	-2.351093e+00
67	100	-4.075478e+00
100	100	6.426571e+00
47	101	-4.866559e+00
69	101	-3.761746e+00
101	101	8.628305e+00
33	102	-2.037315e+00
102	102	3.304632e+00
103	102	-1.267316e+00
1	103	-6.218093e+00
102	103	-1.267316e+00
103	103	7.485410e+00
2	104	-5.757119e+00
33	104	-4.100142e-01
104	104	6.167133e+00
32	105	-1.605510e+00
105	105	3.315397e+00
106	105	-1.709887e+00
41	106	-4.111352e+00
105	106	-1.709887e+00
106	106	5.821239e+00
17	107	-5.080113e+00
32	107	-1.926433e-01
107	107	5.272757e+00
108	108	1.707284e+00
109	108	-1.605510e+00
110	108	-1.017738e-01
108	109	-1.605510e+00
109	109	2.289257e+00
111	109	-6.837467e-01
31	110	-1.605510e+00
108	110	-1.017738e-01
110	110	1.707284e+00
17	111	-5.080113e+00
109	111	-6.837467e-01
111	111	5.763860e+00
31	112	-4.340485e+00
40	112	-4.111352e+00
112	112	8.451837e+00
14	113	-5.910480e+00
30	113	-1.820118e-01
113	113	6.092492e+00
114	114	2.719223e+00
115	114	-2.183030e+00
116	114	-5.361930e-01
114	115	-2.183030e+00
115	115	2.491658e+00
119	115	-3.086286e-01
114	116	-5.361930e-01
116	116	2.728772e+00
117	116	-2.192579e+00
116	117	-2.192579e+00
117	117	2.437563e+00
118	117	-2.449846e-01
29	118	-2.193492e+00
117	118	-2.449846e-01
118	118	2.438477e+00
14	119	-5.910480e+00
115	119	-3.086286e-01
119	119	6.219109e+00
12	120	-5.080113e+00
29	120	-4.340485e+00
120	120	9.420598e+00
63	121	-2.732868e+00
121	121	1.417838e+02
122	121	-1.390509e+02
73	122	-1.406339e+00
121	122	-1.390509e+02
122	122	1.404573e+02
7	123	-2.015438e+01
26	123	-8.904006e+00
123	123	2.905839e+01
24	124	-8.904006e+00
124	124	2.905839e+01
147	124	-2.015438e+01
125	125	5.409842e+00
126	125	-1.871772e+00
127	125	-3.538070e+00
23	126	-2.200428e+00
125	126	-1.871772e+00
126	126	4.072201e+00
60	127	-4.586399e+00
125	127	-3.538070e+00
127	127	8.124468e+00
23	128	-4.038495e+00
128	128	3.073535e+01
146	128	-2.669685e+01
21	129	-4.944351e-02
129	129	2.105170e+00
130	129	-2.055727e+00
20	130	-6.633895e+00
129	130	-2.055727e+00
130	130	8.689622e+00
16	131	-1.004344e+01
52	131	-9.090909e-03
131	131	1.005253e+01
13	132	-1.004344e+01
51	132	-9.090909e-03
132	132	1.005253e+01
17	133	-9.090909e-02
20	133	-5.085978e+00
22	133	-5.085978e+00
133	133	1.026287e+01
19	134	-8.528057e+00
134	134	8.618966e+00
135	134	-9.090909e-02
41	135	-1.094661e+01
134	135	-9.090909e-02
135	135	1.103752e+01
16	136	-9.090909e-02
40	136	-1.094661e+01
136	136	1.103752e+01
15	137	-9.090909e-02
18	137	-1.027557e+01
137	137	1.036648e+01
14	138	-9.090909e-02
21	138	-5.056890e+00
138	138	5.147799e+00
58	139	-1.082251e-02
75	139	-1.759532e-02
139	139	2.841783e-02
56	140	-2.480362e-02
74	140	-7.168459e-03
140	140	3.197208e-02
9	141	-1.001131e+01
74	141	-1.363637e-02
141	141	1.002495e+01
10	142	-9.090909e-02
11	142	-1.001131e+01
142	142	1.010222e+01
57	143	-1.082251e-02
77	143	-1.759532e-02
143	143	2.841783e-02
55	144	-2.480362e-02
76	144	-7.168459e-03
144	144	3.197208e-02
4	145	-1.001131e+01
77	145	-1.363637e-02
145	145	1.002495e+01
2	146	-9.090909e-02
5	146	-1.001131e+01
128	146	-2.669685e+01
146	146	3.679907e+01
1	147	-9.090909e-02
124	147	-2.015438e+01
147	147	2.024529e+01
