1	1	8.390978e+00
2	1	-9.090909e-02
64	1	-7.300069e+00
1	2	-9.090909e-02
2	2	5.460873e+00
23	2	-5.369964e+00
3	3	1.243619e+01
37	3	-6.218093e+00
72	3	-6.218093e+00
4	4	5.848028e+00
73	4	-5.757119e+00
102	4	-9.090909e-02
5	5	5.844351e+00
57	5	-5.753442e+00
101	5	-9.090909e-02
6	6	1.002495e+01
55	6	-1.363637e-02
101	6	-1.001131e+01
7	7	1.252710e+01
8	7	-9.090909e-02
56	7	-6.218093e+00
66	7	-6.218093e+00
7	8	-9.090909e-02
8	8	2.024529e+01
90	8	-2.015438e+01
9	9	5.848028e+00
67	9	-5.757119e+00
97	9	-9.090909e-02
10	10	5.844351e+00
11	10	-9.090909e-02
45	10	-5.753442e+00
10	11	-9.090909e-02
11	11	1.010222e+01
96	11	-1.001131e+01
12	12	1.002495e+01
52	12	-1.363637e-02
97	12	-1.001131e+01
13	13	6.372724e+00
22	13	-4.038495e+00
92	13	-2.334229e+00
14	14	9.024622e+00
15	14	-1.206159e-01
90	14	-8.904006e+00
14	15	-1.206159e-01
15	15	1.237859e+00
36	15	-1.117244e+00
16	16	8.634895e+00
51	16	-3.456392e+00
89	16	-5.178503e+00
17	17	3.911308e+00
75	17	-3.153152e+00
88	17	-7.581559e-01
18	18	3.811971e+00
76	18	-3.767457e+00
85	18	-4.451309e-02
19	19	5.637633e+01
78	19	-2.948391e+00
81	19	-5.342794e+01
20	20	2.051743e+01
77	20	-1.674997e+01
80	20	-3.767457e+00
21	21	6.808754e+00
47	21	-4.586399e+00
48	21	-2.222356e+00
13	22	-4.038495e+00
22	22	3.073535e+01
102	22	-2.669685e+01
2	23	-5.369964e+00
23	23	1.162250e+01
83	23	-6.252540e+00
24	24	1.340894e+01
82	24	-8.038973e+00
105	24	-5.369964e+00
25	25	2.005659e+01
81	25	-4.038495e+00
105	25	-1.601809e+01
26	26	2.637142e-01
27	26	-1.818182e-01
74	26	-8.189606e-02
26	27	-1.818182e-01
27	27	4.768217e+00
93	27	-4.586399e+00
28	28	3.319730e+00
71	28	-2.037315e+00
72	28	-1.282415e+00
29	29	3.718055e-01
30	29	-1.818182e-01
68	29	-1.899873e-01
29	30	-1.818182e-01
30	30	4.768217e+00
86	30	-4.586399e+00
31	31	3.305100e+00
70	31	-1.818182e-01
75	31	-3.123282e+00
32	32	2.447330e+00
65	32	-2.037315e+00
67	32	-4.100142e-01
33	33	6.900062e+00
61	33	-2.197875e+00
63	33	-4.702187e+00
34	34	1.993418e-01
35	34	-1.818182e-01
58	34	-1.752366e-02
34	35	-1.818182e-01
35	35	4.768217e+00
50	35	-4.586399e+00
15	36	-1.117244e+00
36	36	1.299062e+00
46	36	-1.818182e-01
3	37	-6.218093e+00
37	37	7.250721e+00
57	37	-1.032628e+00
38	38	9.487265e+01
62	38	-8.757258e+01
106	38	-7.300069e+00
39	39	9.090909e-03
104	39	-9.090909e-03
40	40	9.090909e-03
103	40	-9.090909e-03
41	41	2.480362e-02
99	41	-2.480362e-02
42	42	2.480362e-02
95	42	-2.480362e-02
43	43	1.082251e-02
98	43	-1.082251e-02
44	44	1.082251e-02
94	44	-1.082251e-02
10	45	-5.753442e+00
45	45	6.798372e+00
56	45	-1.044930e+00
36	46	-1.818182e-01
46	46	5.048377e+00
74	46	-4.866559e+00
21	47	-4.586399e+00
47	47	4.768217e+00
58	47	-1.818182e-01
21	48	-2.222356e+00
48	48	5.989813e+00
49	48	-3.767457e+00
48	49	-3.767457e+00
49	49	9.074553e+00
76	49	-5.307095e+00
35	50	-4.586399e+00
50	50	4.920109e+00
77	50	-3.337104e-01
16	51	-3.456392e+00
51	51	6.025026e+00
87	51	-2.568634e+00
12	52	-1.363637e-02
52	52	2.080483e-02
95	52	-7.168459e-03
53	53	3.123169e-02
94	53	-1.759532e-02
96	53	-1.363637e-02
54	54	2.080483e-02
99	54	-7.168459e-03
100	54	-1.363637e-02
6	55	-1.363637e-02
55	55	3.123169e-02
98	55	-1.759532e-02
7	56	-6.218093e+00
45	56	-1.044930e+00
56	56	7.263023e+00
5	57	-5.753442e+00
37	57	-1.032628e+00
57	57	6.786070e+00
34	58	-1.752366e-02
47	58	-1.818182e-01
58	58	1.993418e-01
59	59	2.401190e+00
60	59	-2.197875e+00
61	59	-2.033153e-01
59	60	-2.197875e+00
60	60	5.332661e+00
62	60	-3.134786e+00
33	61	-2.197875e+00
59	61	-2.033153e-01
61	61	2.401190e+00
38	62	-8.757258e+01
60	62	-3.134786e+00
62	62	9.070736e+01
33	63	-4.702187e+00
63	63	9.227476e+01
64	63	-8.757258e+01
1	64	-7.300069e+00
63	64	-8.757258e+01
64	64	9.487265e+01
32	65	-2.037315e+00
65	65	3.304632e+00
66	65	-1.267316e+00
7	66	-6.218093e+00
65	66	-1.267316e+00
66	66	7.485410e+00
9	67	-5.757119e+00
32	67	-4.100142e-01
67	67	6.167133e+00
29	68	-1.899873e-01
68	68	2.368864e+00
69	68	-2.178877e+00
68	69	-2.178877e+00
69	69	4.003278e+00
70	69	-1.824401e+00
31	70	-1.818182e-01
69	70	-1.824401e+00
70	70	2.006220e+00
28	71	-2.037315e+00
71	71	2.447330e+00
73	71	-4.100142e-01
3	72	-6.218093e+00
28	72	-1.282415e+00
72	72	7.500508e+00
4	73	-5.757119e+00
71	73	-4.100142e-01
73	73	6.167133e+00
26	74	-8.189606e-02
46	74	-4.866559e+00
74	74	4.948455e+00
17	75	-3.153152e+00
31	75	-3.123282e+00
75	75	6.276434e+00
18	76	-3.767457e+00
49	76	-5.307095e+00
76	76	9.074553e+00
20	77	-1.674997e+01
50	77	-3.337104e-01
77	77	1.708368e+01
19	78	-2.948391e+00
78	78	1.057854e+01
79	78	-7.630151e+00
78	79	-7.630151e+00
79	79	1.376678e+01
80	79	-6.136626e+00
20	80	-3.767457e+00
79	80	-6.136626e+00
80	80	9.904083e+00
19	81	-5.342794e+01
25	81	-4.038495e+00
81	81	5.746643e+01
24	82	-8.038973e+00
82	82	9.419329e+00
104	82	-1.380356e+00
23	83	-6.252540e+00
83	83	7.742667e+00
103	83	-1.490126e+00
84	84	1.088088e+00
85	84	-1.038569e+00
86	84	-4.951843e-02
18	85	-4.451309e-02
84	85	-1.038569e+00
85	85	1.083082e+00
30	86	-4.586399e+00
84	86	-4.951843e-02
86	86	4.635917e+00
51	87	-2.568634e+00
87	87	4.645770e+00
88	87	-2.077137e+00
17	88	-7.581559e-01
87	88	-2.077137e+00
88	88	2.835292e+00
16	89	-5.178503e+00
89	89	1.058707e+01
101	89	-5.408563e+00
8	90	-2.015438e+01
14	90	-8.904006e+00
90	90	2.905839e+01
91	91	3.544687e+00
92	91	-3.338185e+00
93	91	-2.065019e-01
13	92	-2.334229e+00
91	92	-3.338185e+00
92	92	5.672414e+00
27	93	-4.586399e+00
91	93	-2.065019e-01
93	93	4.792900e+00
44	94	-1.082251e-02
53	94	-1.759532e-02
94	94	2.841783e-02
42	95	-2.480362e-02
52	95	-7.168459e-03
95	95	3.197208e-02
11	96	-1.001131e+01
53	96	-1.363637e-02
96	96	1.002495e+01
9	97	-9.090909e-02
12	97	-1.001131e+01
97	97	1.010222e+01
43	98	-1.082251e-02
55	98	-1.759532e-02
98	98	2.841783e-02
41	99	-2.480362e-02
54	99	-7.168459e-03
99	99	3.197208e-02
54	100	-1.363637e-02
100	100	1.002495e+01
102	100	-1.001131e+01
5	101	-9.090909e-02
6	101	-1.001131e+01
89	101	-5.408563e+00
101	101	1.551078e+01
4	102	-9.090909e-02
22	102	-2.669685e+01
100	102	-1.001131e+01
102	102	3.679907e+01
40	103	-9.090909e-03
83	103	-1.490126e+00
103	103	1.499217e+00
39	104	-9.090909e-03
82	104	-1.380356e+00
104	104	1.389447e+00
24	105	-5.369964e+00
25	105	-1.601809e+01
105	105	2.147897e+01
106	105	-9.090909e-02
38	106	-7.300069e+00
105	106	-9.090909e-02
106	106	7.390978e+00
