1	1	1.352710e+01
2	1	-9.090909e-02
45	1	-6.218093e+00
47	1	-6.218093e+00
1	2	-9.090909e-02
2	2	2.024529e+01
67	2	-2.015438e+01
3	3	5.848028e+00
48	3	-5.757119e+00
84	3	-9.090909e-02
4	4	5.844351e+00
5	4	-9.090909e-02
35	4	-5.753442e+00
4	5	-9.090909e-02
5	5	1.010222e+01
83	5	-1.001131e+01
6	6	1.002495e+01
43	6	-1.363637e-02
84	6	-1.001131e+01
7	7	5.171022e+00
8	7	-9.090909e-02
65	7	-5.080113e+00
7	8	-9.090909e-02
8	8	1.013435e+01
74	8	-1.004344e+01
9	9	1.191187e+01
58	9	-5.910480e+00
64	9	-5.910480e+00
80	9	-9.090909e-02
10	10	5.116515e+00
21	10	-5.025605e+00
79	10	-9.090909e-02
11	11	1.013435e+01
73	11	-1.004344e+01
78	11	-9.090909e-02
12	12	1.025114e+01
52	12	-5.080113e+00
56	12	-5.080113e+00
75	12	-9.090909e-02
13	13	1.030284e+01
31	13	-2.727270e-02
79	13	-1.027557e+01
14	14	8.555330e+00
32	14	-2.727270e-02
76	14	-8.528057e+00
15	15	1.171987e+01
72	15	-6.633895e+00
75	15	-5.085978e+00
16	16	5.106334e+00
71	16	-4.944351e-02
80	16	-5.056890e+00
17	17	1.490795e+00
18	17	-6.527799e-02
25	17	-1.425517e+00
17	18	-6.527799e-02
18	18	5.151256e+00
75	18	-5.085978e+00
19	19	9.019882e+00
37	19	-1.158757e-01
67	19	-8.904006e+00
20	20	6.533977e+00
63	20	-2.193492e+00
65	20	-4.340485e+00
10	21	-5.025605e+00
21	21	5.207617e+00
58	21	-1.820118e-01
22	22	5.945995e+00
55	22	-1.605510e+00
57	22	-4.340485e+00
23	23	1.798153e+00
50	23	-1.605510e+00
52	23	-1.926433e-01
24	24	2.397506e-01
25	24	-1.818182e-01
49	24	-5.793239e-02
17	25	-1.425517e+00
24	25	-1.818182e-01
25	25	1.607335e+00
26	26	2.447330e+00
46	26	-2.037315e+00
48	26	-4.100142e-01
27	27	1.505796e+01
57	27	-4.111352e+00
78	27	-1.094661e+01
28	28	1.505796e+01
51	28	-4.111352e+00
77	28	-1.094661e+01
29	29	9.090909e-03
74	29	-9.090909e-03
30	30	9.090909e-03
73	30	-9.090909e-03
13	31	-2.727270e-02
31	31	2.727270e-02
14	32	-2.727270e-02
32	32	2.727270e-02
33	33	2.480362e-02
82	33	-2.480362e-02
34	34	1.082251e-02
81	34	-1.082251e-02
4	35	-5.753442e+00
35	35	6.798372e+00
45	35	-1.044930e+00
36	36	3.305100e+00
49	36	-1.818182e-01
66	36	-3.123282e+00
19	37	-1.158757e-01
37	37	3.172456e+00
38	37	-3.056580e+00
37	38	-3.056580e+00
38	38	3.258371e+00
68	38	-2.017911e-01
39	39	9.161623e+00
40	39	-5.370829e+00
69	39	-3.790794e+00
39	40	-5.370829e+00
40	40	9.602702e+00
68	40	-4.231873e+00
41	41	3.271350e+00
66	41	-3.153152e+00
70	41	-1.181983e-01
42	42	6.228414e+00
69	42	-3.767457e+00
70	42	-2.460957e+00
6	43	-1.363637e-02
43	43	2.080483e-02
82	43	-7.168459e-03
44	44	3.123169e-02
81	44	-1.759532e-02
83	44	-1.363637e-02
1	45	-6.218093e+00
35	45	-1.044930e+00
45	45	7.263023e+00
26	46	-2.037315e+00
46	46	3.304632e+00
47	46	-1.267316e+00
1	47	-6.218093e+00
46	47	-1.267316e+00
47	47	7.485410e+00
3	48	-5.757119e+00
26	48	-4.100142e-01
48	48	6.167133e+00
24	49	-5.793239e-02
36	49	-1.818182e-01
49	49	2.397506e-01
23	50	-1.605510e+00
50	50	3.315397e+00
51	50	-1.709887e+00
28	51	-4.111352e+00
50	51	-1.709887e+00
51	51	5.821239e+00
12	52	-5.080113e+00
23	52	-1.926433e-01
52	52	5.272757e+00
53	53	1.707284e+00
54	53	-1.605510e+00
55	53	-1.017738e-01
53	54	-1.605510e+00
54	54	2.289257e+00
56	54	-6.837467e-01
22	55	-1.605510e+00
53	55	-1.017738e-01
55	55	1.707284e+00
12	56	-5.080113e+00
54	56	-6.837467e-01
56	56	5.763860e+00
22	57	-4.340485e+00
27	57	-4.111352e+00
57	57	8.451837e+00
9	58	-5.910480e+00
21	58	-1.820118e-01
58	58	6.092492e+00
59	59	2.719223e+00
60	59	-2.183030e+00
61	59	-5.361930e-01
59	60	-2.183030e+00
60	60	2.491658e+00
64	60	-3.086286e-01
59	61	-5.361930e-01
61	61	2.728772e+00
62	61	-2.192579e+00
61	62	-2.192579e+00
62	62	2.437563e+00
63	62	-2.449846e-01
20	63	-2.193492e+00
62	63	-2.449846e-01
63	63	2.438477e+00
9	64	-5.910480e+00
60	64	-3.086286e-01
64	64	6.219109e+00
7	65	-5.080113e+00
20	65	-4.340485e+00
65	65	9.420598e+00
36	66	-3.123282e+00
41	66	-3.153152e+00
66	66	6.276434e+00
2	67	-2.015438e+01
19	67	-8.904006e+00
67	67	2.905839e+01
38	68	-2.017911e-01
40	68	-4.231873e+00
68	68	4.433664e+00
39	69	-3.790794e+00
42	69	-3.767457e+00
69	69	7.558251e+00
41	70	-1.181983e-01
42	70	-2.460957e+00
70	70	2.579155e+00
16	71	-4.944351e-02
71	71	2.105170e+00
72	71	-2.055727e+00
15	72	-6.633895e+00
71	72	-2.055727e+00
72	72	8.689622e+00
11	73	-1.004344e+01
30	73	-9.090909e-03
73	73	1.005253e+01
8	74	-1.004344e+01
29	74	-9.090909e-03
74	74	1.005253e+01
12	75	-9.090909e-02
15	75	-5.085978e+00
18	75	-5.085978e+00
75	75	1.026287e+01
14	76	-8.528057e+00
76	76	8.618966e+00
77	76	-9.090909e-02
28	77	-1.094661e+01
76	77	-9.090909e-02
77	77	1.103752e+01
11	78	-9.090909e-02
27	78	-1.094661e+01
78	78	1.103752e+01
10	79	-9.090909e-02
13	79	-1.027557e+01
79	79	1.036648e+01
9	80	-9.090909e-02
16	80	-5.056890e+00
80	80	5.147799e+00
34	81	-1.082251e-02
44	81	-1.759532e-02
81	81	2.841783e-02
33	82	-2.480362e-02
43	82	-7.168459e-03
82	82	3.197208e-02
5	83	-1.001131e+01
44	83	-1.363637e-02
83	83	1.002495e+01
3	84	-9.090909e-02
6	84	-1.001131e+01
84	84	1.010222e+01
