1	1	7.309002e+00
108	1	-6.218093e+00
156	1	-9.090909e-02
2	2	6.309002e+00
3	2	-9.090909e-02
31	2	-6.218093e+00
2	3	-9.090909e-02
3	3	5.176888e+00
19	3	-5.085978e+00
4	4	2.080483e-02
5	4	-1.363637e-02
83	4	-7.168459e-03
4	5	-1.363637e-02
5	5	1.002495e+01
156	5	-1.001131e+01
6	6	5.783563e+00
88	6	-5.692654e+00
154	6	-9.090909e-02
7	7	5.783563e+00
8	7	-9.090909e-02
41	7	-5.692654e+00
7	8	-9.090909e-02
8	8	5.176888e+00
24	8	-5.085978e+00
9	9	2.976540e-02
78	9	-1.612903e-02
153	9	-1.363637e-02
10	10	2.080483e-02
11	10	-1.363637e-02
81	10	-7.168459e-03
10	11	-1.363637e-02
11	11	1.002495e+01
154	11	-1.001131e+01
12	12	8.555330e+00
46	12	-2.727270e-02
151	12	-8.528057e+00
13	13	8.779912e-01
47	13	-9.090909e-03
148	13	-8.689003e-01
14	14	5.171022e+00
107	14	-5.080113e+00
147	14	-9.090909e-02
15	15	5.171022e+00
16	15	-9.090909e-02
106	15	-5.080113e+00
15	16	-9.090909e-02
16	16	2.349028e+01
146	16	-2.339937e+01
17	17	1.002495e+01
72	17	-1.363637e-02
147	17	-1.001131e+01
18	18	4.688852e+00
29	18	-4.586399e+00
144	18	-1.024538e-01
3	19	-5.085978e+00
19	19	5.317730e+00
137	19	-2.317513e-01
20	20	6.063463e+00
133	20	-3.767457e+00
135	20	-2.296006e+00
21	21	7.849840e+00
69	21	-3.767457e+00
134	21	-4.082382e+00
22	22	3.833549e+00
116	22	-3.153152e+00
132	22	-6.803971e-01
23	23	1.189012e+01
66	23	-4.971093e+00
131	23	-6.919027e+00
8	24	-5.085978e+00
24	24	5.317730e+00
119	24	-2.317513e-01
25	25	3.073535e+01
70	25	-4.038495e+00
145	25	-2.669685e+01
26	26	3.581502e-01
27	26	-1.818182e-01
115	26	-1.763320e-01
26	27	-1.818182e-01
27	27	4.768217e+00
144	27	-4.586399e+00
28	28	1.960636e-01
63	28	-1.818182e-01
113	28	-1.424546e-02
18	29	-4.586399e+00
29	29	4.768217e+00
62	29	-1.818182e-01
30	30	4.459767e+00
109	30	-2.202716e+00
111	30	-2.257051e+00
2	31	-6.218093e+00
31	31	6.283176e+00
108	31	-6.508213e-02
32	32	1.819039e+00
105	32	-1.645660e+00
107	32	-1.733790e-01
33	33	1.282435e+01
102	33	-1.539103e+00
104	33	-1.128524e+01
34	34	8.179788e-01
35	34	-1.818182e-01
96	34	-6.361606e-01
34	35	-1.818182e-01
35	35	1.076355e+01
128	35	-1.058173e+01
36	36	3.305100e+00
94	36	-1.818182e-01
116	36	-3.123282e+00
37	37	1.163733e+01
92	37	-2.186959e+00
95	37	-9.450367e+00
38	38	5.956351e+00
39	38	-1.880873e+00
90	38	-4.075478e+00
38	39	-1.880873e+00
39	39	5.956351e+00
95	39	-4.075478e+00
40	40	1.915404e+00
90	40	-1.709887e+00
91	40	-2.055169e-01
7	41	-5.692654e+00
41	41	5.758405e+00
88	41	-6.575097e-02
42	42	3.512731e+01
87	42	-2.821312e+00
111	42	-3.230600e+01
43	43	3.512731e+01
86	43	-2.821312e+00
110	43	-3.230600e+01
44	44	1.505796e+01
104	44	-4.111352e+00
150	44	-1.094661e+01
45	45	1.505796e+01
103	45	-4.111352e+00
152	45	-1.094661e+01
12	46	-2.727270e-02
46	46	2.727270e-02
13	47	-9.090909e-03
47	47	6.363631e-02
74	47	-2.727270e-02
148	47	-2.727270e-02
48	48	2.480362e-02
83	48	-2.480362e-02
49	49	1.240182e-02
82	49	-1.240182e-02
50	50	2.480362e-02
81	50	-2.480362e-02
51	51	5.411255e-03
80	51	-5.411255e-03
52	52	5.411255e-03
79	52	-5.411255e-03
53	53	5.411255e-03
78	53	-5.411255e-03
54	54	6.840024e+01
57	54	-9.090909e-02
67	54	-1.425517e+00
77	54	-6.688382e+01
55	55	3.636364e-01
56	55	-1.818182e-01
84	55	-1.818182e-01
55	56	-1.818182e-01
56	56	2.801215e-01
85	56	-9.830329e-02
54	57	-9.090909e-02
57	57	5.139286e+00
85	57	-1.818182e-01
89	57	-4.866559e+00
58	58	3.072219e+00
59	58	-9.090909e-02
77	58	-2.981310e+00
58	59	-9.090909e-02
59	59	3.852655e+00
89	59	-3.761746e+00
60	60	5.956351e+00
61	60	-1.880873e+00
96	60	-4.075478e+00
60	61	-1.880873e+00
61	61	5.956351e+00
91	61	-4.075478e+00
29	62	-1.818182e-01
62	62	1.189040e+00
112	62	-1.007222e+00
28	63	-1.818182e-01
63	63	3.305100e+00
117	63	-3.123282e+00
64	64	7.142940e+00
114	64	-6.961122e+00
115	64	-1.818182e-01
65	65	4.183055e+00
84	65	-2.041195e+00
125	65	-2.141860e+00
23	66	-4.971093e+00
66	66	2.907044e+01
126	66	-4.971093e+00
129	66	-1.912825e+01
54	67	-1.425517e+00
67	67	1.487013e+00
127	67	-6.149608e-02
68	68	1.015163e+01
128	68	-4.713802e+00
129	68	-5.437827e+00
21	69	-3.767457e+00
69	69	5.844594e+00
132	69	-2.077137e+00
25	70	-4.038495e+00
70	70	8.120877e+00
133	70	-4.082382e+00
71	71	3.382879e+00
117	71	-3.153152e+00
135	71	-2.297277e-01
17	72	-1.363637e-02
72	72	3.123169e-02
82	72	-1.759532e-02
73	73	2.976540e-02
79	73	-1.612903e-02
145	73	-1.363637e-02
47	74	-2.727270e-02
74	74	3.722260e+01
75	74	-3.719532e+01
74	75	-3.719532e+01
75	75	4.578648e+01
130	75	-4.038495e+00
149	75	-4.461756e+00
150	75	-9.090909e-02
76	76	2.976540e-02
80	76	-1.612903e-02
155	76	-1.363637e-02
54	77	-6.688382e+01
58	77	-2.981310e+00
77	77	6.986513e+01
9	78	-1.612903e-02
53	78	-5.411255e-03
78	78	2.154029e-02
52	79	-5.411255e-03
73	79	-1.612903e-02
79	79	2.154029e-02
51	80	-5.411255e-03
76	80	-1.612903e-02
80	80	2.154029e-02
10	81	-7.168459e-03
50	81	-2.480362e-02
81	81	3.197208e-02
49	82	-1.240182e-02
72	82	-1.759532e-02
82	82	2.999714e-02
4	83	-7.168459e-03
48	83	-2.480362e-02
83	83	3.197208e-02
55	84	-1.818182e-01
65	84	-2.041195e+00
84	84	2.223014e+00
56	85	-9.830329e-02
57	85	-1.818182e-01
85	85	2.801215e-01
43	86	-2.821312e+00
86	86	3.512731e+01
112	86	-3.230600e+01
42	87	-2.821312e+00
87	87	3.512731e+01
113	87	-3.230600e+01
6	88	-5.692654e+00
41	88	-6.575097e-02
88	88	5.758405e+00
57	89	-4.866559e+00
59	89	-3.761746e+00
89	89	8.628305e+00
38	90	-4.075478e+00
40	90	-1.709887e+00
90	90	5.785365e+00
40	91	-2.055169e-01
61	91	-4.075478e+00
91	91	4.280995e+00
37	92	-2.186959e+00
92	92	2.443441e+00
93	92	-2.564826e-01
92	93	-2.564826e-01
93	93	1.248477e+00
94	93	-9.919946e-01
36	94	-1.818182e-01
93	94	-9.919946e-01
94	94	1.173813e+00
37	95	-9.450367e+00
39	95	-4.075478e+00
95	95	1.352584e+01
34	96	-6.361606e-01
60	96	-4.075478e+00
96	96	4.711638e+00
97	97	3.369046e+00
98	97	-1.779008e+00
99	97	-1.590037e+00
97	98	-1.779008e+00
98	98	5.487391e+01
103	98	-5.309490e+01
97	99	-1.590037e+00
99	99	1.841696e+00
100	99	-2.516584e-01
99	100	-2.516584e-01
100	100	1.261216e+00
101	100	-1.009557e+00
100	101	-1.009557e+00
101	101	2.275882e+00
102	101	-1.266325e+00
33	102	-1.539103e+00
101	102	-1.266325e+00
102	102	2.805428e+00
45	103	-4.111352e+00
98	103	-5.309490e+01
103	103	5.720625e+01
33	104	-1.128524e+01
44	104	-4.111352e+00
104	104	1.539659e+01
32	105	-1.645660e+00
105	105	2.616581e+00
106	105	-9.709209e-01
15	106	-5.080113e+00
105	106	-9.709209e-01
106	106	6.051034e+00
14	107	-5.080113e+00
32	107	-1.733790e-01
107	107	5.253492e+00
1	108	-6.218093e+00
31	108	-6.508213e-02
108	108	6.283176e+00
30	109	-2.202716e+00
109	109	2.308525e+00
110	109	-1.058086e-01
43	110	-3.230600e+01
109	110	-1.058086e-01
110	110	3.241181e+01
30	111	-2.257051e+00
42	111	-3.230600e+01
111	111	3.456305e+01
62	112	-1.007222e+00
86	112	-3.230600e+01
112	112	3.331322e+01
28	113	-1.424546e-02
87	113	-3.230600e+01
113	113	3.232025e+01
64	114	-6.961122e+00
114	114	1.053756e+01
143	114	-3.576436e+00
26	115	-1.763320e-01
64	115	-1.818182e-01
115	115	3.581502e-01
22	116	-3.153152e+00
36	116	-3.123282e+00
116	116	6.276434e+00
63	117	-3.123282e+00
71	117	-3.153152e+00
117	117	6.276434e+00
118	118	2.335699e+00
119	118	-1.470452e+00
120	118	-8.652465e-01
24	119	-2.317513e-01
118	119	-1.470452e+00
119	119	1.702203e+00
118	120	-8.652465e-01
120	120	4.783082e+00
121	120	-3.917835e+00
120	121	-3.917835e+00
121	121	1.055173e+01
153	121	-6.633895e+00
122	122	7.294753e+00
123	122	-3.917835e+00
124	122	-3.376918e+00
122	123	-3.917835e+00
123	123	1.055173e+01
153	123	-6.633895e+00
122	124	-3.376918e+00
124	124	3.523523e+00
125	124	-1.466050e-01
65	125	-2.141860e+00
124	125	-1.466050e-01
125	125	2.288465e+00
66	126	-4.971093e+00
126	126	1.189012e+01
127	126	-6.919027e+00
67	127	-6.149608e-02
126	127	-6.919027e+00
127	127	6.980523e+00
35	128	-1.058173e+01
68	128	-4.713802e+00
128	128	1.529553e+01
66	129	-1.912825e+01
68	129	-5.437827e+00
129	129	2.456608e+01
75	130	-4.038495e+00
130	130	7.355432e+00
131	130	-3.316937e+00
23	131	-6.919027e+00
130	131	-3.316937e+00
131	131	1.023596e+01
22	132	-6.803971e-01
69	132	-2.077137e+00
132	132	2.757534e+00
20	133	-3.767457e+00
70	133	-4.082382e+00
133	133	7.849840e+00
21	134	-4.082382e+00
134	134	9.168361e+00
147	134	-5.085978e+00
20	135	-2.296006e+00
71	135	-2.297277e-01
135	135	2.525733e+00
136	136	2.335699e+00
137	136	-1.470452e+00
138	136	-8.652465e-01
19	137	-2.317513e-01
136	137	-1.470452e+00
137	137	1.702203e+00
136	138	-8.652465e-01
138	138	4.783082e+00
139	138	-3.917835e+00
138	139	-3.917835e+00
139	139	1.055173e+01
155	139	-6.633895e+00
140	140	7.294753e+00
141	140	-3.917835e+00
142	140	-3.376918e+00
140	141	-3.917835e+00
141	141	1.055173e+01
155	141	-6.633895e+00
140	142	-3.376918e+00
142	142	3.525577e+00
143	142	-1.486584e-01
114	143	-3.576436e+00
142	143	-1.486584e-01
143	143	3.725094e+00
18	144	-1.024538e-01
27	144	-4.586399e+00
144	144	4.688852e+00
25	145	-2.669685e+01
73	145	-1.363637e-02
145	145	6.675566e+01
146	145	-4.004517e+01
16	146	-2.339937e+01
145	146	-4.004517e+01
146	146	6.344454e+01
14	147	-9.090909e-02
17	147	-1.001131e+01
134	147	-5.085978e+00
147	147	1.518820e+01
13	148	-8.689003e-01
47	148	-2.727270e-02
148	148	1.645815e+00
149	148	-7.496420e-01
75	149	-4.461756e+00
148	149	-7.496420e-01
149	149	5.211398e+00
44	150	-1.094661e+01
75	150	-9.090909e-02
150	150	1.103752e+01
12	151	-8.528057e+00
151	151	8.618966e+00
152	151	-9.090909e-02
45	152	-1.094661e+01
151	152	-9.090909e-02
152	152	1.103752e+01
9	153	-1.363637e-02
121	153	-6.633895e+00
123	153	-6.633895e+00
153	153	1.328143e+01
6	154	-9.090909e-02
11	154	-1.001131e+01
154	154	1.010222e+01
76	155	-1.363637e-02
139	155	-6.633895e+00
141	155	-6.633895e+00
155	155	1.328143e+01
1	156	-9.090909e-02
5	156	-1.001131e+01
156	156	1.010222e+01
