1	1	7.041696e+00
44	1	-5.950787e+00
70	1	-9.090909e-02
2	2	6.309002e+00
3	2	-9.090909e-02
43	2	-6.218093e+00
2	3	-9.090909e-02
3	3	5.113032e+00
12	3	-5.022122e+00
4	4	1.002495e+01
39	4	-1.363637e-02
70	4	-1.001131e+01
5	5	1.013435e+01
63	5	-1.004344e+01
68	5	-9.090909e-02
6	6	1.025114e+01
7	6	-9.090909e-02
51	6	-5.080113e+00
53	6	-5.080113e+00
6	7	-9.090909e-02
7	7	9.974383e+00
65	7	-9.883474e+00
8	8	1.025114e+01
9	8	-9.090909e-02
48	8	-5.080113e+00
50	8	-5.080113e+00
8	9	-9.090909e-02
9	9	1.016892e+01
62	9	-1.007801e+01
10	10	4.876404e+00
32	10	-4.586399e+00
61	10	-2.900055e-01
11	11	4.634733e+00
19	11	-4.586399e+00
60	11	-4.833416e-02
3	12	-5.022122e+00
12	12	5.109327e+00
56	12	-8.720449e-02
13	13	7.950545e+00
61	13	-3.140980e+00
66	13	-4.809565e+00
14	14	2.257545e+00
52	14	-2.165679e+00
54	14	-9.186617e-02
15	15	2.593033e+00
49	15	-2.162298e+00
51	15	-4.307356e-01
16	16	4.249485e+00
22	16	-4.111352e+00
48	16	-1.381336e-01
17	17	2.353027e-01
34	17	-1.818182e-01
47	17	-5.348452e-02
18	18	2.090904e-01
19	18	-1.818182e-01
45	18	-2.727226e-02
11	19	-4.586399e+00
18	19	-1.818182e-01
19	19	4.768217e+00
20	20	8.952637e-01
43	20	-8.680932e-01
44	20	-2.717044e-02
21	21	1.505796e+01
54	21	-4.111352e+00
68	21	-1.094661e+01
16	22	-4.111352e+00
22	22	1.505796e+01
67	22	-1.094661e+01
23	23	5.048377e+00
24	23	-1.818182e-01
45	23	-4.866559e+00
23	24	-1.818182e-01
24	24	1.408931e+01
36	24	-1.390749e+01
25	25	9.090909e-03
65	25	-9.090909e-03
26	26	9.090909e-03
64	26	-9.090909e-03
27	27	9.090909e-03
63	27	-9.090909e-03
28	28	9.090909e-03
62	28	-9.090909e-03
29	29	1.240182e-02
41	29	-1.240182e-02
30	30	5.411255e-03
40	30	-5.411255e-03
31	31	3.512731e+01
42	31	-2.821312e+00
46	31	-3.230600e+01
10	32	-4.586399e+00
32	32	4.768217e+00
33	32	-1.818182e-01
32	33	-1.818182e-01
33	33	1.793996e+00
46	33	-1.612178e+00
17	34	-1.818182e-01
34	34	4.768217e+00
60	34	-4.586399e+00
35	35	7.911639e+00
37	35	-7.406200e+00
59	35	-5.054385e-01
24	36	-1.390749e+01
36	36	1.608053e+01
37	36	-2.173044e+00
35	37	-7.406200e+00
36	37	-2.173044e+00
37	37	9.579244e+00
38	38	3.123169e-02
41	38	-1.759532e-02
69	38	-1.363637e-02
4	39	-1.363637e-02
39	39	2.976540e-02
40	39	-1.612903e-02
30	40	-5.411255e-03
39	40	-1.612903e-02
40	40	2.154029e-02
29	41	-1.240182e-02
38	41	-1.759532e-02
41	41	2.999714e-02
31	42	-2.821312e+00
42	42	3.512731e+01
47	42	-3.230600e+01
2	43	-6.218093e+00
20	43	-8.680932e-01
43	43	7.086187e+00
1	44	-5.950787e+00
20	44	-2.717044e-02
44	44	5.977957e+00
18	45	-2.727226e-02
23	45	-4.866559e+00
45	45	4.893831e+00
31	46	-3.230600e+01
33	46	-1.612178e+00
46	46	3.391818e+01
17	47	-5.348452e-02
42	47	-3.230600e+01
47	47	3.235949e+01
8	48	-5.080113e+00
16	48	-1.381336e-01
48	48	5.218247e+00
15	49	-2.162298e+00
49	49	2.242423e+00
50	49	-8.012499e-02
8	50	-5.080113e+00
49	50	-8.012499e-02
50	50	5.160238e+00
6	51	-5.080113e+00
15	51	-4.307356e-01
51	51	5.510849e+00
14	52	-2.165679e+00
52	52	5.335080e+00
53	52	-3.169401e+00
6	53	-5.080113e+00
52	53	-3.169401e+00
53	53	8.249515e+00
14	54	-9.186617e-02
21	54	-4.111352e+00
54	54	4.203218e+00
55	55	8.105876e+00
56	55	-1.412928e+00
69	55	-6.692948e+00
12	56	-8.720449e-02
55	56	-1.412928e+00
56	56	1.500133e+00
57	57	4.759402e+00
58	57	-1.412928e+00
59	57	-3.346474e+00
57	58	-1.412928e+00
58	58	8.105876e+00
69	58	-6.692948e+00
35	59	-5.054385e-01
57	59	-3.346474e+00
59	59	3.851912e+00
11	60	-4.833416e-02
34	60	-4.586399e+00
60	60	4.634733e+00
10	61	-2.900055e-01
13	61	-3.140980e+00
61	61	3.430985e+00
9	62	-1.007801e+01
28	62	-9.090909e-03
62	62	1.008710e+01
5	63	-1.004344e+01
27	63	-9.090909e-03
63	63	1.005253e+01
26	64	-9.090909e-03
64	64	9.892565e+00
66	64	-9.883474e+00
7	65	-9.883474e+00
25	65	-9.090909e-03
65	65	9.892565e+00
13	66	-4.809565e+00
64	66	-9.883474e+00
66	66	1.478395e+01
67	66	-9.090909e-02
22	67	-1.094661e+01
66	67	-9.090909e-02
67	67	1.103752e+01
5	68	-9.090909e-02
21	68	-1.094661e+01
68	68	1.103752e+01
38	69	-1.363637e-02
55	69	-6.692948e+00
58	69	-6.692948e+00
69	69	1.339953e+01
1	70	-9.090909e-02
4	70	-1.001131e+01
70	70	1.010222e+01
