1	1	1.352710e+01
2	1	-9.090909e-02
62	1	-6.218093e+00
75	1	-6.218093e+00
1	2	-9.090909e-02
2	2	2.024529e+01
79	2	-2.015438e+01
3	3	5.848028e+00
76	3	-5.757119e+00
95	3	-9.090909e-02
4	4	5.844351e+00
5	4	-9.090909e-02
45	4	-5.753442e+00
4	5	-9.090909e-02
5	5	1.010222e+01
94	5	-1.001131e+01
6	6	1.002495e+01
58	6	-1.363637e-02
95	6	-1.001131e+01
7	7	7.356450e+00
8	7	-9.090909e-02
73	7	-7.265541e+00
7	8	-9.090909e-02
8	8	7.362420e+00
22	8	-7.271511e+00
9	9	1.108784e+01
69	9	-5.498463e+00
71	9	-5.498463e+00
91	9	-9.090909e-02
10	10	1.252710e+01
11	10	-9.090909e-02
60	10	-6.218093e+00
64	10	-6.218093e+00
10	11	-9.090909e-02
11	11	2.024529e+01
78	11	-2.015438e+01
12	12	5.848028e+00
65	12	-5.757119e+00
88	12	-9.090909e-02
13	13	5.844351e+00
14	13	-9.090909e-02
44	13	-5.753442e+00
13	14	-9.090909e-02
14	14	1.010222e+01
87	14	-1.001131e+01
15	15	1.002495e+01
56	15	-1.363637e-02
88	15	-1.001131e+01
16	16	6.204387e+00
67	16	-6.113478e+00
84	16	-9.090909e-02
17	17	1.231787e+01
18	17	-9.090909e-02
34	17	-6.113478e+00
66	17	-6.113478e+00
17	18	-9.090909e-02
18	18	5.176888e+00
20	18	-5.085978e+00
19	19	6.204387e+00
35	19	-6.113478e+00
53	19	-9.090909e-02
18	20	-5.085978e+00
20	20	5.107809e+00
52	20	-2.183096e-02
21	21	9.019882e+00
47	21	-1.158757e-01
79	21	-8.904006e+00
8	22	-7.271511e+00
22	22	9.612116e+00
90	22	-2.340605e+00
23	23	1.002825e+01
25	23	-7.271511e+00
89	23	-2.756735e+00
24	24	9.019882e+00
46	24	-1.158757e-01
78	24	-8.904006e+00
23	25	-7.271511e+00
25	25	4.731668e+01
92	25	-4.004517e+01
26	26	5.258287e+00
27	26	-1.723086e-01
91	26	-5.085978e+00
26	27	-1.723086e-01
27	27	3.228889e+00
28	27	-3.056580e+00
27	28	-3.056580e+00
28	28	4.004277e+00
50	28	-9.476966e-01
29	29	1.222007e+01
49	29	-6.059247e+00
84	29	-6.160822e+00
30	30	6.266157e+00
54	30	-6.218093e+00
77	30	-4.806329e-02
31	31	2.447330e+00
74	31	-2.037315e+00
76	31	-4.100142e-01
32	32	5.001543e+00
70	32	-2.010155e+00
72	32	-2.991388e+00
33	33	2.444524e+00
68	33	-1.996151e+00
69	33	-4.483722e-01
17	34	-6.113478e+00
34	34	6.186551e+00
67	34	-7.307271e-02
19	35	-6.113478e+00
35	35	6.164643e+00
66	35	-5.116424e-02
36	36	2.447330e+00
63	36	-2.037315e+00
65	36	-4.100142e-01
37	37	9.486000e+01
61	37	-8.761247e+01
93	37	-7.247532e+00
38	38	9.090909e-03
90	38	-9.090909e-03
39	39	9.090909e-03
89	39	-9.090909e-03
40	40	2.480362e-02
83	40	-2.480362e-02
41	41	2.480362e-02
82	41	-2.480362e-02
42	42	1.082251e-02
81	42	-1.082251e-02
43	43	1.082251e-02
80	43	-1.082251e-02
13	44	-5.753442e+00
44	44	6.798372e+00
60	44	-1.044930e+00
4	45	-5.753442e+00
45	45	6.798372e+00
62	45	-1.044930e+00
24	46	-1.158757e-01
46	46	5.716987e+00
49	46	-5.601111e+00
21	47	-1.158757e-01
47	47	5.716987e+00
51	47	-5.601111e+00
48	48	1.222007e+01
51	48	-6.059247e+00
85	48	-6.160822e+00
29	49	-6.059247e+00
46	49	-5.601111e+00
49	49	1.166036e+01
28	50	-9.476966e-01
50	50	6.033675e+00
53	50	-5.085978e+00
47	51	-5.601111e+00
48	51	-6.059247e+00
51	51	1.166036e+01
20	52	-2.183096e-02
52	52	5.107809e+00
86	52	-5.085978e+00
19	53	-9.090909e-02
50	53	-5.085978e+00
53	53	5.176888e+00
30	54	-6.218093e+00
54	54	6.309002e+00
85	54	-9.090909e-02
55	55	6.309002e+00
77	55	-6.218093e+00
86	55	-9.090909e-02
15	56	-1.363637e-02
56	56	2.080483e-02
82	56	-7.168459e-03
57	57	3.123169e-02
80	57	-1.759532e-02
87	57	-1.363637e-02
6	58	-1.363637e-02
58	58	2.080483e-02
83	58	-7.168459e-03
59	59	3.123169e-02
81	59	-1.759532e-02
94	59	-1.363637e-02
10	60	-6.218093e+00
44	60	-1.044930e+00
60	60	7.263023e+00
37	61	-8.761247e+01
61	61	9.140157e+01
68	61	-3.789099e+00
1	62	-6.218093e+00
45	62	-1.044930e+00
62	62	7.263023e+00
36	63	-2.037315e+00
63	63	3.304632e+00
64	63	-1.267316e+00
10	64	-6.218093e+00
63	64	-1.267316e+00
64	64	7.485410e+00
12	65	-5.757119e+00
36	65	-4.100142e-01
65	65	6.167133e+00
17	66	-6.113478e+00
35	66	-5.116424e-02
66	66	6.164643e+00
16	67	-6.113478e+00
34	67	-7.307271e-02
67	67	6.186551e+00
33	68	-1.996151e+00
61	68	-3.789099e+00
68	68	5.785250e+00
9	69	-5.498463e+00
33	69	-4.483722e-01
69	69	5.946835e+00
32	70	-2.010155e+00
70	70	2.418966e+00
71	70	-4.088107e-01
9	71	-5.498463e+00
70	71	-4.088107e-01
71	71	5.907274e+00
32	72	-2.991388e+00
72	72	9.060540e+01
73	72	-8.761401e+01
7	73	-7.265541e+00
72	73	-8.761401e+01
73	73	9.487955e+01
31	74	-2.037315e+00
74	74	3.304632e+00
75	74	-1.267316e+00
1	75	-6.218093e+00
74	75	-1.267316e+00
75	75	7.485410e+00
3	76	-5.757119e+00
31	76	-4.100142e-01
76	76	6.167133e+00
30	77	-4.806329e-02
55	77	-6.218093e+00
77	77	6.266157e+00
11	78	-2.015438e+01
24	78	-8.904006e+00
78	78	2.905839e+01
2	79	-2.015438e+01
21	79	-8.904006e+00
79	79	2.905839e+01
43	80	-1.082251e-02
57	80	-1.759532e-02
80	80	2.841783e-02
42	81	-1.082251e-02
59	81	-1.759532e-02
81	81	2.841783e-02
41	82	-2.480362e-02
56	82	-7.168459e-03
82	82	3.197208e-02
40	83	-2.480362e-02
58	83	-7.168459e-03
83	83	3.197208e-02
16	84	-9.090909e-02
29	84	-6.160822e+00
84	84	6.251731e+00
48	85	-6.160822e+00
54	85	-9.090909e-02
85	85	6.251731e+00
52	86	-5.085978e+00
55	86	-9.090909e-02
86	86	5.176888e+00
14	87	-1.001131e+01
57	87	-1.363637e-02
87	87	1.002495e+01
12	88	-9.090909e-02
15	88	-1.001131e+01
88	88	1.010222e+01
23	89	-2.756735e+00
39	89	-9.090909e-03
89	89	2.765826e+00
22	90	-2.340605e+00
38	90	-9.090909e-03
90	90	2.349696e+00
9	91	-9.090909e-02
26	91	-5.085978e+00
91	91	5.176888e+00
25	92	-4.004517e+01
92	92	4.013608e+01
93	92	-9.090909e-02
37	93	-7.247532e+00
92	93	-9.090909e-02
93	93	7.338441e+00
5	94	-1.001131e+01
59	94	-1.363637e-02
94	94	1.002495e+01
3	95	-9.090909e-02
6	95	-1.001131e+01
95	95	1.010222e+01
