1	1	8.358985e+00
2	1	-9.090909e-02
36	1	-7.268076e+00
1	2	-9.090909e-02
2	2	7.362420e+00
43	2	-7.271511e+00
3	3	1.169722e+01
4	3	-9.090909e-02
32	3	-5.803157e+00
34	3	-5.803157e+00
3	4	-9.090909e-02
4	4	5.176888e+00
24	4	-5.085978e+00
5	5	2.349696e+00
21	5	-9.090909e-03
43	5	-2.340605e+00
6	6	2.765826e+00
23	6	-9.090909e-03
38	6	-2.756735e+00
7	7	6.309002e+00
8	7	-9.090909e-02
37	7	-6.218093e+00
7	8	-9.090909e-02
8	8	4.628629e+00
12	8	-4.537720e+00
9	9	5.171022e+00
18	9	-5.080113e+00
41	9	-9.090909e-02
10	10	5.171022e+00
11	10	-9.090909e-02
30	10	-5.080113e+00
10	11	-9.090909e-02
11	11	9.974383e+00
40	11	-9.883474e+00
8	12	-4.537720e+00
12	12	4.659774e+00
13	12	-1.220547e-01
12	13	-1.220547e-01
13	13	4.659774e+00
41	13	-4.537720e+00
14	14	4.731668e+01
38	14	-7.271511e+00
44	14	-4.004517e+01
15	15	6.257442e+00
28	15	-6.218093e+00
37	15	-3.934886e-02
16	16	4.990080e+00
33	16	-2.020280e+00
35	16	-2.969800e+00
17	17	2.456399e+00
31	17	-2.006706e+00
32	17	-4.496929e-01
9	18	-5.080113e+00
18	18	5.204881e+00
30	18	-1.247678e-01
19	19	9.482384e+01
29	19	-8.757258e+01
45	19	-7.251264e+00
20	20	9.090909e-03
40	20	-9.090909e-03
5	21	-9.090909e-03
21	21	9.090909e-03
22	22	9.090909e-03
39	22	-9.090909e-03
6	23	-9.090909e-03
23	23	9.090909e-03
4	24	-5.085978e+00
24	24	5.258287e+00
25	24	-1.723086e-01
24	25	-1.723086e-01
25	25	3.228889e+00
26	25	-3.056580e+00
25	26	-3.056580e+00
26	26	3.522117e+00
27	26	-4.655363e-01
26	27	-4.655363e-01
27	27	5.551515e+00
42	27	-5.085978e+00
15	28	-6.218093e+00
28	28	6.309002e+00
42	28	-9.090909e-02
19	29	-8.757258e+01
29	29	9.133432e+01
31	29	-3.761746e+00
10	30	-5.080113e+00
18	30	-1.247678e-01
30	30	5.204881e+00
17	31	-2.006706e+00
29	31	-3.761746e+00
31	31	5.768452e+00
3	32	-5.803157e+00
17	32	-4.496929e-01
32	32	6.252850e+00
16	33	-2.020280e+00
33	33	2.430294e+00
34	33	-4.100142e-01
3	34	-5.803157e+00
33	34	-4.100142e-01
34	34	6.213171e+00
16	35	-2.969800e+00
35	35	9.054238e+01
36	35	-8.757258e+01
1	36	-7.268076e+00
35	36	-8.757258e+01
36	36	9.484065e+01
7	37	-6.218093e+00
15	37	-3.934886e-02
37	37	6.257442e+00
6	38	-2.756735e+00
14	38	-7.271511e+00
38	38	1.002825e+01
22	39	-9.090909e-03
39	39	9.381162e+00
41	39	-9.372071e+00
11	40	-9.883474e+00
20	40	-9.090909e-03
40	40	9.892565e+00
9	41	-9.090909e-02
13	41	-4.537720e+00
39	41	-9.372071e+00
41	41	1.400070e+01
27	42	-5.085978e+00
28	42	-9.090909e-02
42	42	5.176888e+00
2	43	-7.271511e+00
5	43	-2.340605e+00
43	43	9.612116e+00
14	44	-4.004517e+01
44	44	4.013608e+01
45	44	-9.090909e-02
19	45	-7.251264e+00
44	45	-9.090909e-02
45	45	7.342173e+00
