1	1	1.352710e+01
39	1	-6.218093e+00
78	1	-6.218093e+00
134	1	-9.090909e-02
2	2	5.848028e+00
3	2	-9.090909e-02
79	2	-5.757119e+00
2	3	-9.090909e-02
3	3	1.010222e+01
132	3	-1.001131e+01
4	4	5.844351e+00
71	4	-5.753442e+00
133	4	-9.090909e-02
5	5	1.002495e+01
69	5	-1.363637e-02
133	5	-1.001131e+01
6	6	1.252710e+01
7	6	-9.090909e-02
70	6	-6.218093e+00
73	6	-6.218093e+00
6	7	-9.090909e-02
7	7	2.024529e+01
99	7	-2.015438e+01
8	8	5.848028e+00
74	8	-5.757119e+00
129	8	-9.090909e-02
9	9	5.844351e+00
10	9	-9.090909e-02
48	9	-5.753442e+00
9	10	-9.090909e-02
10	10	1.010222e+01
128	10	-1.001131e+01
11	11	1.002495e+01
66	11	-1.363637e-02
129	11	-1.001131e+01
12	12	5.171022e+00
13	12	-9.090909e-02
94	12	-5.080113e+00
12	13	-9.090909e-02
13	13	1.013435e+01
119	13	-1.004344e+01
14	14	1.191187e+01
27	14	-5.910480e+00
95	14	-5.910480e+00
125	14	-9.090909e-02
15	15	5.116515e+00
96	15	-5.025605e+00
124	15	-9.090909e-02
16	16	1.013435e+01
118	16	-1.004344e+01
123	16	-9.090909e-02
17	17	1.025114e+01
85	17	-5.080113e+00
87	17	-5.080113e+00
120	17	-9.090909e-02
18	18	1.030284e+01
42	18	-2.727270e-02
124	18	-1.027557e+01
19	19	8.555330e+00
43	19	-2.727270e-02
121	19	-8.528057e+00
20	20	1.171987e+01
117	20	-6.633895e+00
120	20	-5.085978e+00
21	21	5.106334e+00
116	21	-4.944351e-02
125	21	-5.056890e+00
22	22	5.151256e+00
65	22	-6.527799e-02
120	22	-5.085978e+00
23	23	2.900075e+00
52	23	-2.736967e+00
107	23	-1.631087e-01
24	24	9.036683e+00
104	24	-1.326776e-01
105	24	-8.904006e+00
25	25	9.019882e+00
54	25	-1.158757e-01
99	25	-8.904006e+00
26	26	3.801215e+00
58	26	-3.056580e+00
104	26	-7.446349e-01
14	27	-5.910480e+00
27	27	6.092492e+00
96	27	-1.820118e-01
28	28	2.491658e+00
93	28	-2.183030e+00
95	28	-3.086286e-01
29	29	3.315397e+00
86	29	-1.605510e+00
88	29	-1.709887e+00
30	30	2.289257e+00
83	30	-1.605510e+00
85	30	-6.837467e-01
31	31	2.915968e-01
53	31	-1.818182e-01
80	31	-1.097786e-01
32	32	3.305100e+00
80	32	-1.818182e-01
98	32	-3.123282e+00
33	33	3.319730e+00
77	33	-2.037315e+00
78	33	-1.282415e+00
34	34	2.057885e-01
52	34	-1.818182e-01
76	34	-2.397035e-02
35	35	2.031918e-01
50	35	-1.818182e-01
75	35	-2.137360e-02
36	36	2.447330e+00
72	36	-2.037315e+00
74	36	-4.100142e-01
37	37	1.505796e+01
88	37	-4.111352e+00
122	37	-1.094661e+01
38	38	1.505796e+01
84	38	-4.111352e+00
123	38	-1.094661e+01
1	39	-6.218093e+00
39	39	7.250721e+00
71	39	-1.032628e+00
40	40	9.090909e-03
119	40	-9.090909e-03
41	41	9.090909e-03
118	41	-9.090909e-03
18	42	-2.727270e-02
42	42	2.727270e-02
19	43	-2.727270e-02
43	43	2.727270e-02
44	44	2.480362e-02
131	44	-2.480362e-02
45	45	2.480362e-02
127	45	-2.480362e-02
46	46	1.082251e-02
130	46	-1.082251e-02
47	47	1.082251e-02
126	47	-1.082251e-02
9	48	-5.753442e+00
48	48	6.798372e+00
70	48	-1.044930e+00
49	49	4.768217e+00
63	49	-4.586399e+00
75	49	-1.818182e-01
35	50	-1.818182e-01
50	50	1.622309e+00
59	50	-1.440490e+00
51	51	3.305100e+00
76	51	-1.818182e-01
97	51	-3.123282e+00
23	52	-2.736967e+00
34	52	-1.818182e-01
52	52	5.655751e+00
103	52	-2.736967e+00
31	53	-1.818182e-01
53	53	1.588157e+00
65	53	-1.406339e+00
25	54	-1.158757e-01
54	54	3.172456e+00
55	54	-3.056580e+00
54	55	-3.056580e+00
55	55	3.258371e+00
59	55	-2.017911e-01
56	56	9.842487e+00
57	56	-5.017838e+00
100	56	-4.824648e+00
56	57	-5.017838e+00
57	57	9.249711e+00
60	57	-4.231873e+00
26	58	-3.056580e+00
58	58	3.214429e+00
60	58	-1.578482e-01
50	59	-1.440490e+00
55	59	-2.017911e-01
59	59	1.642282e+00
57	60	-4.231873e+00
58	60	-1.578482e-01
60	60	4.389721e+00
61	61	4.352840e+00
97	61	-3.153152e+00
101	61	-1.199688e+00
62	62	3.925306e+00
100	62	-3.767457e+00
102	62	-1.578482e-01
49	63	-4.586399e+00
63	63	4.616587e+00
103	63	-3.018831e-02
64	64	3.171293e+00
98	64	-3.153152e+00
115	64	-1.814171e-02
22	65	-6.527799e-02
53	65	-1.406339e+00
65	65	1.471617e+00
11	66	-1.363637e-02
66	66	2.080483e-02
127	66	-7.168459e-03
67	67	3.123169e-02
126	67	-1.759532e-02
128	67	-1.363637e-02
68	68	2.080483e-02
131	68	-7.168459e-03
132	68	-1.363637e-02
5	69	-1.363637e-02
69	69	3.123169e-02
130	69	-1.759532e-02
6	70	-6.218093e+00
48	70	-1.044930e+00
70	70	7.263023e+00
4	71	-5.753442e+00
39	71	-1.032628e+00
71	71	6.786070e+00
36	72	-2.037315e+00
72	72	3.304632e+00
73	72	-1.267316e+00
6	73	-6.218093e+00
72	73	-1.267316e+00
73	73	7.485410e+00
8	74	-5.757119e+00
36	74	-4.100142e-01
74	74	6.167133e+00
35	75	-2.137360e-02
49	75	-1.818182e-01
75	75	2.031918e-01
34	76	-2.397035e-02
51	76	-1.818182e-01
76	76	2.057885e-01
33	77	-2.037315e+00
77	77	2.447330e+00
79	77	-4.100142e-01
1	78	-6.218093e+00
33	78	-1.282415e+00
78	78	7.500508e+00
2	79	-5.757119e+00
77	79	-4.100142e-01
79	79	6.167133e+00
31	80	-1.097786e-01
32	80	-1.818182e-01
80	80	2.915968e-01
81	81	1.707284e+00
82	81	-1.605510e+00
83	81	-1.017738e-01
81	82	-1.605510e+00
82	82	5.945995e+00
84	82	-4.340485e+00
30	83	-1.605510e+00
81	83	-1.017738e-01
83	83	1.707284e+00
38	84	-4.111352e+00
82	84	-4.340485e+00
84	84	8.451837e+00
17	85	-5.080113e+00
30	85	-6.837467e-01
85	85	5.763860e+00
29	86	-1.605510e+00
86	86	1.798153e+00
87	86	-1.926433e-01
17	87	-5.080113e+00
86	87	-1.926433e-01
87	87	5.272757e+00
29	88	-1.709887e+00
37	88	-4.111352e+00
88	88	5.821239e+00
89	89	2.438477e+00
90	89	-2.193492e+00
91	89	-2.449846e-01
89	90	-2.193492e+00
90	90	6.533977e+00
94	90	-4.340485e+00
89	91	-2.449846e-01
91	91	2.437563e+00
92	91	-2.192579e+00
91	92	-2.192579e+00
92	92	2.728772e+00
93	92	-5.361930e-01
28	93	-2.183030e+00
92	93	-5.361930e-01
93	93	2.719223e+00
12	94	-5.080113e+00
90	94	-4.340485e+00
94	94	9.420598e+00
14	95	-5.910480e+00
28	95	-3.086286e-01
95	95	6.219109e+00
15	96	-5.025605e+00
27	96	-1.820118e-01
96	96	5.207617e+00
51	97	-3.123282e+00
61	97	-3.153152e+00
97	97	6.276434e+00
32	98	-3.123282e+00
64	98	-3.153152e+00
98	98	6.276434e+00
7	99	-2.015438e+01
25	99	-8.904006e+00
99	99	2.905839e+01
56	100	-4.824648e+00
62	100	-3.767457e+00
100	100	8.592106e+00
61	101	-1.199688e+00
101	101	2.663667e+00
102	101	-1.463979e+00
62	102	-1.578482e-01
101	102	-1.463979e+00
102	102	1.621827e+00
52	103	-2.736967e+00
63	103	-3.018831e-02
103	103	2.767155e+00
24	104	-1.326776e-01
26	104	-7.446349e-01
104	104	8.773125e-01
24	105	-8.904006e+00
105	105	2.905839e+01
134	105	-2.015438e+01
106	106	1.092246e+00
107	106	-1.030442e+00
108	106	-6.180355e-02
23	107	-1.631087e-01
106	107	-1.030442e+00
107	107	1.193551e+00
106	108	-6.180355e-02
108	108	1.092246e+00
109	108	-1.030442e+00
108	109	-1.030442e+00
109	109	1.135436e+00
110	109	-1.049933e-01
109	110	-1.049933e-01
110	110	1.135436e+00
111	110	-1.030442e+00
110	111	-1.030442e+00
111	111	1.070575e+00
112	111	-4.013292e-02
111	112	-4.013292e-02
112	112	1.070575e+00
113	112	-1.030442e+00
112	113	-1.030442e+00
113	113	1.093117e+00
114	113	-6.267510e-02
113	114	-6.267510e-02
114	114	1.093117e+00
115	114	-1.030442e+00
64	115	-1.814171e-02
114	115	-1.030442e+00
115	115	1.048584e+00
21	116	-4.944351e-02
116	116	2.105170e+00
117	116	-2.055727e+00
20	117	-6.633895e+00
116	117	-2.055727e+00
117	117	8.689622e+00
16	118	-1.004344e+01
41	118	-9.090909e-03
118	118	1.005253e+01
13	119	-1.004344e+01
40	119	-9.090909e-03
119	119	1.005253e+01
17	120	-9.090909e-02
20	120	-5.085978e+00
22	120	-5.085978e+00
120	120	1.026287e+01
19	121	-8.528057e+00
121	121	8.618966e+00
122	121	-9.090909e-02
37	122	-1.094661e+01
121	122	-9.090909e-02
122	122	1.103752e+01
16	123	-9.090909e-02
38	123	-1.094661e+01
123	123	1.103752e+01
15	124	-9.090909e-02
18	124	-1.027557e+01
124	124	1.036648e+01
14	125	-9.090909e-02
21	125	-5.056890e+00
125	125	5.147799e+00
47	126	-1.082251e-02
67	126	-1.759532e-02
126	126	2.841783e-02
45	127	-2.480362e-02
66	127	-7.168459e-03
127	127	3.197208e-02
10	128	-1.001131e+01
67	128	-1.363637e-02
128	128	1.002495e+01
8	129	-9.090909e-02
11	129	-1.001131e+01
129	129	1.010222e+01
46	130	-1.082251e-02
69	130	-1.759532e-02
130	130	2.841783e-02
44	131	-2.480362e-02
68	131	-7.168459e-03
131	131	3.197208e-02
3	132	-1.001131e+01
68	132	-1.363637e-02
132	132	1.002495e+01
4	133	-9.090909e-02
5	133	-1.001131e+01
133	133	1.010222e+01
1	134	-9.090909e-02
105	134	-2.015438e+01
134	134	2.024529e+01
