1	1	6.171022e+00
28	1	-5.080113e+00
41	1	-9.090909e-02
2	2	5.171022e+00
21	2	-5.080113e+00
40	2	-9.090909e-02
3	3	1.609104e+01
27	3	-1.363637e-02
40	3	-1.607740e+01
4	4	2.080483e-02
5	4	-1.363637e-02
38	4	-7.168459e-03
4	5	-1.363637e-02
5	5	9.096371e+00
41	5	-9.082735e+00
6	6	6.309002e+00
7	6	-9.090909e-02
29	6	-6.218093e+00
6	7	-9.090909e-02
7	7	5.072949e+00
10	7	-4.982040e+00
8	8	6.309002e+00
20	8	-6.218093e+00
39	8	-9.090909e-02
9	9	3.009586e+01
22	9	-9.090909e-03
36	9	-3.008677e+01
7	10	-4.982040e+00
10	10	5.006727e+00
15	10	-2.468727e-02
11	11	3.326147e+00
12	11	-2.239286e-01
16	11	-3.102218e+00
11	12	-2.239286e-01
12	12	5.309907e+00
39	12	-5.085978e+00
13	13	3.337046e+00
25	13	-3.102218e+00
35	13	-2.348278e-01
14	14	4.909249e+00
15	14	-3.056580e+00
34	14	-1.852668e+00
10	15	-2.468727e-02
14	15	-3.056580e+00
15	15	3.081268e+00
11	16	-3.102218e+00
16	16	3.282732e+00
33	16	-1.805136e-01
17	17	1.030504e+01
31	17	-8.009034e+00
32	17	-2.296006e+00
18	18	3.533265e-01
19	18	-1.818182e-01
30	18	-1.715083e-01
18	19	-1.818182e-01
19	19	4.768217e+00
34	19	-4.586399e+00
8	20	-6.218093e+00
20	20	6.314384e+00
29	20	-9.629088e-02
2	21	-5.080113e+00
21	21	5.253492e+00
28	21	-1.733790e-01
9	22	-9.090909e-03
22	22	9.090909e-03
23	23	2.480362e-02
38	23	-2.480362e-02
24	24	1.082251e-02
37	24	-1.082251e-02
13	25	-3.102218e+00
25	25	3.284036e+00
26	25	-1.818182e-01
25	26	-1.818182e-01
26	26	5.048377e+00
30	26	-4.866559e+00
3	27	-1.363637e-02
27	27	3.123169e-02
37	27	-1.759532e-02
1	28	-5.080113e+00
21	28	-1.733790e-01
28	28	5.253492e+00
6	29	-6.218093e+00
20	29	-9.629088e-02
29	29	6.314384e+00
18	30	-1.715083e-01
26	30	-4.866559e+00
30	30	5.038067e+00
17	31	-8.009034e+00
31	31	3.480468e+01
40	31	-2.679564e+01
17	32	-2.296006e+00
32	32	5.642479e+00
33	32	-3.346474e+00
16	33	-1.805136e-01
32	33	-3.346474e+00
33	33	3.526987e+00
14	34	-1.852668e+00
19	34	-4.586399e+00
34	34	6.439067e+00
13	35	-2.348278e-01
35	35	1.791500e+00
36	35	-1.556672e+00
9	36	-3.008677e+01
35	36	-1.556672e+00
36	36	3.164344e+01
24	37	-1.082251e-02
27	37	-1.759532e-02
37	37	2.841783e-02
4	38	-7.168459e-03
23	38	-2.480362e-02
38	38	3.197208e-02
8	39	-9.090909e-02
12	39	-5.085978e+00
39	39	5.176888e+00
2	40	-9.090909e-02
3	40	-1.607740e+01
31	40	-2.679564e+01
40	40	4.296396e+01
1	41	-9.090909e-02
5	41	-9.082735e+00
41	41	9.173644e+00
