1	1	1.352710e+01
2	1	-9.090909e-02
103	1	-6.218093e+00
113	1	-6.218093e+00
1	2	-9.090909e-02
2	2	2.024529e+01
141	2	-2.015438e+01
3	3	5.848028e+00
114	3	-5.757119e+00
181	3	-9.090909e-02
4	4	5.844351e+00
5	4	-9.090909e-02
89	4	-5.753442e+00
4	5	-9.090909e-02
5	5	1.010222e+01
180	5	-1.001131e+01
6	6	1.002495e+01
94	6	-1.363637e-02
181	6	-1.001131e+01
7	7	6.309002e+00
8	7	-9.090909e-02
116	7	-6.218093e+00
7	8	-9.090909e-02
8	8	5.072279e+00
43	8	-4.981370e+00
9	9	6.309002e+00
60	9	-6.218093e+00
179	9	-9.090909e-02
10	10	6.309002e+00
11	10	-9.090909e-02
111	10	-6.218093e+00
10	11	-9.090909e-02
11	11	5.113032e+00
47	11	-5.022122e+00
12	12	1.164245e+01
13	12	-9.090909e-02
106	12	-5.775773e+00
110	12	-5.775773e+00
12	13	-9.090909e-02
13	13	5.072279e+00
42	13	-4.981370e+00
14	14	5.866682e+00
66	14	-5.775773e+00
178	14	-9.090909e-02
15	15	2.976540e-02
16	15	-1.363637e-02
97	15	-1.612903e-02
15	16	-1.363637e-02
16	16	6.647532e+00
135	16	-6.633895e+00
17	17	3.123169e-02
99	17	-1.759532e-02
175	17	-1.363637e-02
18	18	1.252710e+01
70	18	-6.218093e+00
119	18	-6.218093e+00
174	18	-9.090909e-02
19	19	6.309002e+00
104	19	-6.218093e+00
173	19	-9.090909e-02
20	20	6.309002e+00
21	20	-9.090909e-02
56	20	-6.218093e+00
20	21	-9.090909e-02
21	21	5.113032e+00
34	21	-5.022122e+00
22	22	1.002495e+01
93	22	-1.363637e-02
173	22	-1.001131e+01
23	23	3.123169e-02
100	23	-1.759532e-02
172	23	-1.363637e-02
24	24	8.849164e+00
165	24	-8.758255e+00
171	24	-9.090909e-02
25	25	9.769249e+00
26	25	-9.090909e-02
122	25	-4.839170e+00
124	25	-4.839170e+00
25	26	-9.090909e-02
26	26	9.454906e+00
167	26	-9.363997e+00
27	27	8.849164e+00
164	27	-8.758255e+00
170	27	-9.090909e-02
28	28	9.454906e+00
166	28	-9.363997e+00
169	28	-9.090909e-02
29	29	1.192341e+01
125	29	-5.916250e+00
127	29	-5.916250e+00
168	29	-9.090909e-02
30	30	3.628364e+00
31	30	-5.192863e-02
121	30	-3.576436e+00
30	31	-5.192863e-02
31	31	5.137907e+00
168	31	-5.085978e+00
32	32	4.854434e+00
55	32	-4.586399e+00
163	32	-2.680354e-01
33	33	3.111645e+01
88	33	-3.008677e+01
162	33	-1.029683e+00
21	34	-5.022122e+00
34	34	5.146411e+00
160	34	-1.242881e-01
35	35	3.621367e+00
49	35	-3.102218e+00
157	35	-5.191488e-01
36	36	5.119709e+00
159	36	-7.849663e-02
174	36	-5.041212e+00
37	37	4.606465e+00
63	37	-4.586399e+00
155	37	-2.006642e-02
38	38	7.011862e+00
152	38	-3.767457e+00
154	38	-3.244404e+00
39	39	3.853594e+00
133	39	-3.153152e+00
153	39	-7.004420e-01
40	40	7.011862e+00
49	40	-3.244404e+00
151	40	-3.767457e+00
41	41	5.972718e+00
151	41	-2.655782e+00
152	41	-3.316937e+00
13	42	-4.981370e+00
42	42	5.024930e+00
145	42	-4.356046e-02
8	43	-4.981370e+00
43	43	5.099482e+00
150	43	-1.181123e-01
44	44	8.190044e+00
91	44	-3.767457e+00
143	44	-4.422587e+00
45	45	9.034723e+00
140	45	-1.307169e-01
141	45	-8.904006e+00
46	46	2.705158e+00
139	46	-1.874608e+00
140	46	-8.305510e-01
11	47	-5.022122e+00
47	47	5.337084e+00
138	47	-3.149616e-01
48	48	5.147191e+00
136	48	-6.121225e-02
178	48	-5.085978e+00
35	49	-3.102218e+00
40	49	-3.244404e+00
49	49	6.346622e+00
50	50	2.619751e+00
131	50	-2.189075e+00
132	50	-4.306762e-01
51	51	5.767250e+01
129	51	-4.702187e+00
130	51	-5.297031e+01
52	52	1.598483e+00
123	52	-1.437447e+00
125	52	-1.610368e-01
53	53	4.196839e+00
69	53	-4.111352e+00
122	53	-8.548762e-02
54	54	4.383008e-01
90	54	-1.818182e-01
120	54	-2.564826e-01
32	55	-4.586399e+00
55	55	4.768217e+00
120	55	-1.818182e-01
20	56	-6.218093e+00
56	56	6.708756e+00
119	56	-4.906627e-01
57	57	3.128745e-01
58	57	-1.818182e-01
118	57	-1.310563e-01
57	58	-1.818182e-01
58	58	4.768217e+00
155	58	-4.586399e+00
59	59	3.305100e+00
117	59	-1.818182e-01
133	59	-3.123282e+00
9	60	-6.218093e+00
60	60	6.384543e+00
116	60	-1.664492e-01
61	61	2.166493e-01
62	61	-1.818182e-01
115	61	-3.483107e-02
61	62	-1.818182e-01
62	62	4.768217e+00
92	62	-4.586399e+00
37	63	-4.586399e+00
63	63	4.768217e+00
115	63	-1.818182e-01
64	64	2.447330e+00
112	64	-2.037315e+00
114	64	-4.100142e-01
65	65	2.111804e+00
109	65	-2.051000e+00
111	65	-6.080395e-02
14	66	-5.775773e+00
66	66	5.935285e+00
106	66	-1.595118e-01
67	67	1.505796e+01
132	67	-4.111352e+00
169	67	-1.094661e+01
68	68	9.301608e+01
105	68	-8.632448e+01
170	68	-6.691604e+00
53	69	-4.111352e+00
69	69	1.505796e+01
171	69	-1.094661e+01
18	70	-6.218093e+00
70	70	6.271731e+00
104	70	-5.363713e-02
71	71	4.978802e+00
73	71	-4.961376e+00
102	71	-1.742625e-02
72	72	5.143194e+00
101	72	-1.818182e-01
102	72	-4.961376e+00
71	73	-4.961376e+00
73	73	5.143194e+00
74	73	-1.818182e-01
73	74	-1.818182e-01
74	74	7.143251e-01
96	74	-5.325069e-01
75	75	9.090909e-03
166	75	-9.090909e-03
76	76	9.090909e-03
167	76	-9.090909e-03
77	77	9.090909e-03
164	77	-9.090909e-03
78	78	9.090909e-03
165	78	-9.090909e-03
79	79	1.240182e-02
100	79	-1.240182e-02
80	80	2.480362e-02
177	80	-2.480362e-02
81	81	1.240182e-02
99	81	-1.240182e-02
82	82	1.082251e-02
98	82	-1.082251e-02
83	83	1.082251e-02
176	83	-1.082251e-02
84	84	5.411255e-03
97	84	-5.411255e-03
85	85	2.360743e-01
86	85	-1.818182e-01
101	85	-5.425612e-02
85	86	-1.818182e-01
86	86	4.768217e+00
163	86	-4.586399e+00
87	87	6.815713e+00
88	87	-6.633895e+00
96	87	-1.818182e-01
33	88	-3.008677e+01
87	88	-6.633895e+00
88	88	6.680744e+01
160	88	-3.008677e+01
4	89	-5.753442e+00
89	89	6.798372e+00
103	89	-1.044930e+00
54	90	-1.818182e-01
90	90	6.446815e+00
121	90	-6.264997e+00
44	91	-3.767457e+00
91	91	6.381707e+00
142	91	-2.614249e+00
62	92	-4.586399e+00
92	92	6.026024e+00
142	92	-1.439626e+00
22	93	-1.363637e-02
93	93	3.123169e-02
98	93	-1.759532e-02
6	94	-1.363637e-02
94	94	2.080483e-02
177	94	-7.168459e-03
95	95	3.123169e-02
176	95	-1.759532e-02
180	95	-1.363637e-02
74	96	-5.325069e-01
87	96	-1.818182e-01
96	96	7.143251e-01
15	97	-1.612903e-02
84	97	-5.411255e-03
97	97	2.154029e-02
82	98	-1.082251e-02
93	98	-1.759532e-02
98	98	2.841783e-02
17	99	-1.759532e-02
81	99	-1.240182e-02
99	99	2.999714e-02
23	100	-1.759532e-02
79	100	-1.240182e-02
100	100	2.999714e-02
72	101	-1.818182e-01
85	101	-5.425612e-02
101	101	2.360743e-01
71	102	-1.742625e-02
72	102	-4.961376e+00
102	102	4.978802e+00
1	103	-6.218093e+00
89	103	-1.044930e+00
103	103	7.263023e+00
19	104	-6.218093e+00
70	104	-5.363713e-02
104	104	6.271731e+00
68	105	-8.632448e+01
105	105	8.654741e+01
131	105	-2.229381e-01
12	106	-5.775773e+00
66	106	-1.595118e-01
106	106	5.935285e+00
107	107	2.145476e+00
108	107	-2.051000e+00
109	107	-9.447599e-02
107	108	-2.051000e+00
108	108	2.289592e+00
110	108	-2.385917e-01
65	109	-2.051000e+00
107	109	-9.447599e-02
109	109	2.145476e+00
12	110	-5.775773e+00
108	110	-2.385917e-01
110	110	6.014365e+00
10	111	-6.218093e+00
65	111	-6.080395e-02
111	111	6.278897e+00
64	112	-2.037315e+00
112	112	3.304632e+00
113	112	-1.267316e+00
1	113	-6.218093e+00
112	113	-1.267316e+00
113	113	7.485410e+00
3	114	-5.757119e+00
64	114	-4.100142e-01
114	114	6.167133e+00
61	115	-3.483107e-02
63	115	-1.818182e-01
115	115	2.166493e-01
7	116	-6.218093e+00
60	116	-1.664492e-01
116	116	6.384543e+00
59	117	-1.818182e-01
117	117	2.392202e-01
118	117	-5.740199e-02
57	118	-1.310563e-01
117	118	-5.740199e-02
118	118	1.884583e-01
18	119	-6.218093e+00
56	119	-4.906627e-01
119	119	6.708756e+00
54	120	-2.564826e-01
55	120	-1.818182e-01
120	120	4.383008e-01
30	121	-3.576436e+00
90	121	-6.264997e+00
121	121	9.841432e+00
25	122	-4.839170e+00
53	122	-8.548762e-02
122	122	4.924658e+00
52	123	-1.437447e+00
123	123	4.429515e+00
124	123	-2.992068e+00
25	124	-4.839170e+00
123	124	-2.992068e+00
124	124	7.831238e+00
29	125	-5.916250e+00
52	125	-1.610368e-01
125	125	6.077286e+00
126	126	5.017710e-01
127	126	-3.062721e-01
128	126	-1.954988e-01
29	127	-5.916250e+00
126	127	-3.062721e-01
127	127	6.222522e+00
126	128	-1.954988e-01
128	128	1.648227e+00
129	128	-1.452728e+00
51	129	-4.702187e+00
128	129	-1.452728e+00
129	129	6.154915e+00
51	130	-5.297031e+01
130	130	5.805042e+01
170	130	-5.080113e+00
50	131	-2.189075e+00
105	131	-2.229381e-01
131	131	2.412013e+00
50	132	-4.306762e-01
67	132	-4.111352e+00
132	132	4.542028e+00
39	133	-3.153152e+00
59	133	-3.123282e+00
133	133	6.276434e+00
134	134	7.158580e+00
135	134	-3.917835e+00
136	134	-3.240745e+00
16	135	-6.633895e+00
134	135	-3.917835e+00
135	135	1.055173e+01
48	136	-6.121225e-02
134	136	-3.240745e+00
136	136	3.301957e+00
137	137	8.105876e+00
138	137	-1.412928e+00
175	137	-6.692948e+00
47	138	-3.149616e-01
137	138	-1.412928e+00
138	138	1.727890e+00
46	139	-1.874608e+00
139	139	8.851031e+00
143	139	-4.150911e+00
179	139	-2.825513e+00
45	140	-1.307169e-01
46	140	-8.305510e-01
140	140	9.612679e-01
2	141	-2.015438e+01
45	141	-8.904006e+00
141	141	2.905839e+01
91	142	-2.614249e+00
92	142	-1.439626e+00
142	142	4.053875e+00
44	143	-4.422587e+00
139	143	-4.150911e+00
143	143	8.573498e+00
144	144	5.641853e+00
145	144	-4.509786e+00
146	144	-1.132067e+00
42	145	-4.356046e-02
144	145	-4.509786e+00
145	145	4.553347e+00
144	146	-1.132067e+00
146	146	4.702883e+00
147	146	-3.570816e+00
146	147	-3.570816e+00
147	147	5.292102e+00
148	147	-1.721286e+00
147	148	-1.721286e+00
148	148	5.887241e+00
149	148	-4.165955e+00
148	149	-4.165955e+00
149	149	1.661870e+01
150	149	-1.245274e+01
43	150	-1.181123e-01
149	150	-1.245274e+01
150	150	1.257085e+01
40	151	-3.767457e+00
41	151	-2.655782e+00
151	151	6.423239e+00
38	152	-3.767457e+00
41	152	-3.316937e+00
152	152	7.084394e+00
39	153	-7.004420e-01
153	153	2.170894e+00
154	153	-1.470452e+00
38	154	-3.244404e+00
153	154	-1.470452e+00
154	154	4.714856e+00
37	155	-2.006642e-02
58	155	-4.586399e+00
155	155	4.606465e+00
156	156	3.400601e-01
157	156	-2.033372e-01
158	156	-1.367230e-01
35	157	-5.191488e-01
156	157	-2.033372e-01
157	157	7.224860e-01
156	158	-1.367230e-01
158	158	2.186420e+00
159	158	-2.049697e+00
36	159	-7.849663e-02
158	159	-2.049697e+00
159	159	2.128194e+00
34	160	-1.242881e-01
88	160	-3.008677e+01
160	160	3.021106e+01
161	161	8.100621e+00
162	161	-1.407674e+00
172	161	-6.692948e+00
33	162	-1.029683e+00
161	162	-1.407674e+00
162	162	2.437356e+00
32	163	-2.680354e-01
86	163	-4.586399e+00
163	163	4.854434e+00
27	164	-8.758255e+00
77	164	-9.090909e-03
164	164	8.767346e+00
24	165	-8.758255e+00
78	165	-9.090909e-03
165	165	8.767346e+00
28	166	-9.363997e+00
75	166	-9.090909e-03
166	166	9.373088e+00
26	167	-9.363997e+00
76	167	-9.090909e-03
167	167	9.373088e+00
29	168	-9.090909e-02
31	168	-5.085978e+00
168	168	5.176888e+00
28	169	-9.090909e-02
67	169	-1.094661e+01
169	169	1.103752e+01
27	170	-9.090909e-02
68	170	-6.691604e+00
130	170	-5.080113e+00
170	170	1.186263e+01
24	171	-9.090909e-02
69	171	-1.094661e+01
171	171	1.103752e+01
23	172	-1.363637e-02
161	172	-6.692948e+00
172	172	6.706584e+00
19	173	-9.090909e-02
22	173	-1.001131e+01
173	173	1.010222e+01
18	174	-9.090909e-02
36	174	-5.041212e+00
174	174	5.132121e+00
17	175	-1.363637e-02
137	175	-6.692948e+00
175	175	6.706584e+00
83	176	-1.082251e-02
95	176	-1.759532e-02
176	176	2.841783e-02
80	177	-2.480362e-02
94	177	-7.168459e-03
177	177	3.197208e-02
14	178	-9.090909e-02
48	178	-5.085978e+00
178	178	5.176888e+00
9	179	-9.090909e-02
139	179	-2.825513e+00
179	179	2.916422e+00
5	180	-1.001131e+01
95	180	-1.363637e-02
180	180	1.002495e+01
3	181	-9.090909e-02
6	181	-1.001131e+01
181	181	1.010222e+01
