1	1	1.352710e+01
2	1	-9.090909e-02
64	1	-6.218093e+00
74	1	-6.218093e+00
1	2	-9.090909e-02
2	2	2.024529e+01
95	2	-2.015438e+01
3	3	5.848028e+00
75	3	-5.757119e+00
117	3	-9.090909e-02
4	4	5.844351e+00
5	4	-9.090909e-02
52	4	-5.753442e+00
4	5	-9.090909e-02
5	5	1.010222e+01
116	5	-1.001131e+01
6	6	1.002495e+01
60	6	-1.363637e-02
117	6	-1.001131e+01
7	7	6.309002e+00
76	7	-6.218093e+00
115	7	-9.090909e-02
8	8	6.309002e+00
9	8	-9.090909e-02
72	8	-6.218093e+00
8	9	-9.090909e-02
9	9	5.113032e+00
29	9	-5.022122e+00
10	10	1.164245e+01
11	10	-9.090909e-02
67	10	-5.775773e+00
71	10	-5.775773e+00
10	11	-9.090909e-02
11	11	5.072279e+00
26	11	-4.981370e+00
12	12	5.866682e+00
40	12	-5.775773e+00
113	12	-9.090909e-02
13	13	2.976540e-02
14	13	-1.363637e-02
62	13	-1.612903e-02
13	14	-1.363637e-02
14	14	6.647532e+00
91	14	-6.633895e+00
15	15	3.123169e-02
63	15	-1.759532e-02
110	15	-1.363637e-02
16	16	8.849164e+00
104	16	-8.758255e+00
109	16	-9.090909e-02
17	17	9.769249e+00
18	17	-9.090909e-02
42	17	-4.839170e+00
87	17	-4.839170e+00
17	18	-9.090909e-02
18	18	9.454906e+00
106	18	-9.363997e+00
19	19	1.186263e+01
20	19	-9.090909e-02
66	19	-6.691604e+00
81	19	-5.080113e+00
19	20	-9.090909e-02
20	20	8.849164e+00
103	20	-8.758255e+00
21	21	9.454906e+00
105	21	-9.363997e+00
108	21	-9.090909e-02
22	22	1.192341e+01
84	22	-5.916250e+00
86	22	-5.916250e+00
107	22	-9.090909e-02
23	23	1.471024e+00
24	23	-5.167585e-02
54	23	-1.419348e+00
23	24	-5.167585e-02
24	24	5.137654e+00
107	24	-5.085978e+00
25	25	5.507085e+00
32	25	-5.257154e-01
115	25	-4.981370e+00
11	26	-4.981370e+00
26	26	5.024930e+00
97	26	-4.356046e-02
27	27	5.099482e+00
102	27	-1.181123e-01
115	27	-4.981370e+00
28	28	9.019882e+00
55	28	-1.158757e-01
95	28	-8.904006e+00
9	29	-5.022122e+00
29	29	5.337084e+00
94	29	-3.149616e-01
30	30	5.147191e+00
92	30	-6.121225e-02
113	30	-5.085978e+00
31	31	3.160052e+00
32	31	-3.102218e+00
58	31	-5.783356e-02
25	32	-5.257154e-01
31	32	-3.102218e+00
32	32	3.627933e+00
33	33	4.429515e+00
85	33	-1.437447e+00
87	33	-2.992068e+00
34	34	5.797546e-01
83	34	-1.945718e-01
84	34	-3.851828e-01
35	35	2.412797e+00
65	35	-2.237222e-01
78	35	-2.189075e+00
36	36	3.181135e-01
54	36	-1.818182e-01
77	36	-1.362953e-01
37	37	3.305100e+00
77	37	-1.818182e-01
89	37	-3.123282e+00
38	38	2.447330e+00
73	38	-2.037315e+00
75	38	-4.100142e-01
39	39	2.111804e+00
70	39	-2.051000e+00
72	39	-6.080395e-02
12	40	-5.775773e+00
40	40	5.935285e+00
67	40	-1.595118e-01
41	41	1.505796e+01
88	41	-4.111352e+00
109	41	-1.094661e+01
17	42	-4.839170e+00
42	42	4.924658e+00
88	42	-8.548762e-02
43	43	1.505796e+01
79	43	-4.111352e+00
108	43	-1.094661e+01
44	44	9.090909e-03
106	44	-9.090909e-03
45	45	9.090909e-03
105	45	-9.090909e-03
46	46	9.090909e-03
104	46	-9.090909e-03
47	47	9.090909e-03
103	47	-9.090909e-03
48	48	2.480362e-02
112	48	-2.480362e-02
49	49	1.240182e-02
63	49	-1.240182e-02
50	50	1.082251e-02
111	50	-1.082251e-02
51	51	5.411255e-03
62	51	-5.411255e-03
4	52	-5.753442e+00
52	52	6.798372e+00
64	52	-1.044930e+00
53	53	6.384543e+00
59	53	-6.218093e+00
76	53	-1.664492e-01
23	54	-1.419348e+00
36	54	-1.818182e-01
54	54	1.601166e+00
28	55	-1.158757e-01
55	55	5.716987e+00
57	55	-5.601111e+00
56	56	1.222007e+01
57	56	-6.059247e+00
114	56	-6.160822e+00
55	57	-5.601111e+00
56	57	-6.059247e+00
57	57	1.166036e+01
31	58	-5.783356e-02
58	58	3.210985e+00
89	58	-3.153152e+00
53	59	-6.218093e+00
59	59	6.309002e+00
114	59	-9.090909e-02
6	60	-1.363637e-02
60	60	2.080483e-02
112	60	-7.168459e-03
61	61	3.123169e-02
111	61	-1.759532e-02
116	61	-1.363637e-02
13	62	-1.612903e-02
51	62	-5.411255e-03
62	62	2.154029e-02
15	63	-1.759532e-02
49	63	-1.240182e-02
63	63	2.999714e-02
1	64	-6.218093e+00
52	64	-1.044930e+00
64	64	7.263023e+00
35	65	-2.237222e-01
65	65	8.654820e+01
66	65	-8.632448e+01
19	66	-6.691604e+00
65	66	-8.632448e+01
66	66	9.301608e+01
10	67	-5.775773e+00
40	67	-1.595118e-01
67	67	5.935285e+00
68	68	2.145476e+00
69	68	-2.051000e+00
70	68	-9.447599e-02
68	69	-2.051000e+00
69	69	2.289592e+00
71	69	-2.385917e-01
39	70	-2.051000e+00
68	70	-9.447599e-02
70	70	2.145476e+00
10	71	-5.775773e+00
69	71	-2.385917e-01
71	71	6.014365e+00
8	72	-6.218093e+00
39	72	-6.080395e-02
72	72	6.278897e+00
38	73	-2.037315e+00
73	73	3.304632e+00
74	73	-1.267316e+00
1	74	-6.218093e+00
73	74	-1.267316e+00
74	74	7.485410e+00
3	75	-5.757119e+00
38	75	-4.100142e-01
75	75	6.167133e+00
7	76	-6.218093e+00
53	76	-1.664492e-01
76	76	6.384543e+00
36	77	-1.362953e-01
37	77	-1.818182e-01
77	77	3.181135e-01
35	78	-2.189075e+00
78	78	2.619751e+00
79	78	-4.306762e-01
43	79	-4.111352e+00
78	79	-4.306762e-01
79	79	4.542028e+00
80	80	5.748737e+01
81	80	-5.273677e+01
82	80	-4.750594e+00
19	81	-5.080113e+00
80	81	-5.273677e+01
81	81	5.781689e+01
80	82	-4.750594e+00
82	82	6.188040e+00
83	82	-1.437447e+00
34	83	-1.945718e-01
82	83	-1.437447e+00
83	83	1.632018e+00
22	84	-5.916250e+00
34	84	-3.851828e-01
84	84	6.301432e+00
33	85	-1.437447e+00
85	85	1.564060e+00
86	85	-1.266139e-01
22	86	-5.916250e+00
85	86	-1.266139e-01
86	86	6.042863e+00
17	87	-4.839170e+00
33	87	-2.992068e+00
87	87	7.831238e+00
41	88	-4.111352e+00
42	88	-8.548762e-02
88	88	4.196839e+00
37	89	-3.123282e+00
58	89	-3.153152e+00
89	89	6.276434e+00
90	90	7.158580e+00
91	90	-3.917835e+00
92	90	-3.240745e+00
14	91	-6.633895e+00
90	91	-3.917835e+00
91	91	1.055173e+01
30	92	-6.121225e-02
90	92	-3.240745e+00
92	92	3.301957e+00
93	93	8.105876e+00
94	93	-1.412928e+00
110	93	-6.692948e+00
29	94	-3.149616e-01
93	94	-1.412928e+00
94	94	1.727890e+00
2	95	-2.015438e+01
28	95	-8.904006e+00
95	95	2.905839e+01
96	96	5.641853e+00
97	96	-4.509786e+00
98	96	-1.132067e+00
26	97	-4.356046e-02
96	97	-4.509786e+00
97	97	4.553347e+00
96	98	-1.132067e+00
98	98	4.702883e+00
99	98	-3.570816e+00
98	99	-3.570816e+00
99	99	5.292102e+00
100	99	-1.721286e+00
99	100	-1.721286e+00
100	100	5.887241e+00
101	100	-4.165955e+00
100	101	-4.165955e+00
101	101	1.661870e+01
102	101	-1.245274e+01
27	102	-1.181123e-01
101	102	-1.245274e+01
102	102	1.257085e+01
20	103	-8.758255e+00
47	103	-9.090909e-03
103	103	8.767346e+00
16	104	-8.758255e+00
46	104	-9.090909e-03
104	104	8.767346e+00
21	105	-9.363997e+00
45	105	-9.090909e-03
105	105	9.373088e+00
18	106	-9.363997e+00
44	106	-9.090909e-03
106	106	9.373088e+00
22	107	-9.090909e-02
24	107	-5.085978e+00
107	107	5.176888e+00
21	108	-9.090909e-02
43	108	-1.094661e+01
108	108	1.103752e+01
16	109	-9.090909e-02
41	109	-1.094661e+01
109	109	1.103752e+01
15	110	-1.363637e-02
93	110	-6.692948e+00
110	110	6.706584e+00
50	111	-1.082251e-02
61	111	-1.759532e-02
111	111	2.841783e-02
48	112	-2.480362e-02
60	112	-7.168459e-03
112	112	3.197208e-02
12	113	-9.090909e-02
30	113	-5.085978e+00
113	113	5.176888e+00
56	114	-6.160822e+00
59	114	-9.090909e-02
114	114	6.251731e+00
7	115	-9.090909e-02
25	115	-4.981370e+00
27	115	-4.981370e+00
115	115	1.005365e+01
5	116	-1.001131e+01
61	116	-1.363637e-02
116	116	1.002495e+01
3	117	-9.090909e-02
6	117	-1.001131e+01
117	117	1.010222e+01
