1	1	1.352710e+01
2	1	-9.090909e-02
71	1	-6.218093e+00
75	1	-6.218093e+00
1	2	-9.090909e-02
2	2	2.024529e+01
99	2	-2.015438e+01
3	3	5.848028e+00
76	3	-5.757119e+00
138	3	-9.090909e-02
4	4	5.844351e+00
5	4	-9.090909e-02
46	4	-5.753442e+00
4	5	-9.090909e-02
5	5	1.010222e+01
137	5	-1.001131e+01
6	6	1.002495e+01
61	6	-1.363637e-02
138	6	-1.001131e+01
7	7	8.555330e+00
40	7	-2.727270e-02
133	7	-8.528057e+00
8	8	1.645815e+00
41	8	-2.727270e-02
129	8	-7.496420e-01
130	8	-8.689003e-01
9	9	3.722260e+01
41	9	-2.727270e-02
131	9	-3.719532e+01
10	10	2.687027e+00
98	10	-2.627796e+00
128	10	-5.923118e-02
11	11	5.360448e+00
125	11	-3.767457e+00
126	11	-1.592991e+00
12	12	1.139144e+01
14	12	-3.767457e+00
122	12	-7.623985e+00
13	13	3.919401e+00
59	13	-3.767457e+00
124	13	-1.519434e-01
12	14	-3.767457e+00
14	14	9.074553e+00
120	14	-5.307095e+00
15	15	4.444025e+00
115	15	-3.767457e+00
117	15	-6.765671e-01
16	16	3.852866e+00
119	16	-8.540877e-02
120	16	-3.767457e+00
17	17	7.305527e+00
56	17	-3.767457e+00
108	17	-3.538070e+00
18	18	3.784744e+00
19	18	-3.767457e+00
55	18	-1.728698e-02
18	19	-3.767457e+00
19	19	5.536492e+00
105	19	-1.769035e+00
20	20	4.808066e+00
100	20	-3.767457e+00
102	20	-1.040609e+00
21	21	5.536492e+00
52	21	-3.767457e+00
100	21	-1.769035e+00
22	22	9.019882e+00
50	22	-1.158757e-01
99	22	-8.904006e+00
23	23	5.508926e+01
93	23	-1.763320e+00
95	23	-5.332594e+01
24	24	4.013755e-01
25	24	-1.818182e-01
87	24	-2.195573e-01
24	25	-1.818182e-01
25	25	4.768217e+00
127	25	-4.586399e+00
26	26	4.768217e+00
85	26	-1.818182e-01
126	26	-4.586399e+00
27	27	1.026359e+01
84	27	-2.202716e+00
86	27	-8.060876e+00
28	28	3.902907e+00
81	28	-2.192473e+00
83	28	-1.710434e+00
29	29	4.111933e-01
49	29	-1.818182e-01
78	29	-2.293752e-01
30	30	4.768217e+00
60	30	-4.586399e+00
78	30	-1.818182e-01
31	31	2.511379e-01
48	31	-1.818182e-01
77	31	-6.931977e-02
32	32	2.447330e+00
74	32	-2.037315e+00
76	32	-4.100142e-01
33	33	1.505796e+01
95	33	-4.111352e+00
134	33	-1.094661e+01
34	34	1.505796e+01
94	34	-4.111352e+00
132	34	-1.094661e+01
35	35	3.512731e+01
73	35	-2.821312e+00
83	35	-3.230600e+01
36	36	3.512731e+01
72	36	-2.821312e+00
82	36	-3.230600e+01
37	37	1.818182e-01
44	37	-9.090909e-02
70	37	-9.090909e-02
38	38	2.191506e-01
39	38	-9.090909e-02
70	38	-1.282415e-01
38	39	-9.090909e-02
39	39	1.818182e-01
66	39	-9.090909e-02
7	40	-2.727270e-02
40	40	2.727270e-02
8	41	-2.727270e-02
9	41	-2.727270e-02
41	41	6.363631e-02
130	41	-9.090909e-03
42	42	2.480362e-02
136	42	-2.480362e-02
43	43	1.082251e-02
135	43	-1.082251e-02
37	44	-9.090909e-02
44	44	1.027791e-01
68	44	-1.187006e-02
45	45	4.592117e+00
48	45	-4.586399e+00
64	45	-5.718861e-03
4	46	-5.753442e+00
46	46	6.798372e+00
71	46	-1.044930e+00
47	47	2.805375e+00
77	47	-1.818182e-01
96	47	-2.623556e+00
31	48	-1.818182e-01
45	48	-4.586399e+00
48	48	4.768217e+00
29	49	-1.818182e-01
49	49	3.163128e+00
97	49	-2.981310e+00
22	50	-1.158757e-01
50	50	3.172456e+00
51	50	-3.056580e+00
50	51	-3.056580e+00
51	51	3.258371e+00
53	51	-2.017911e-01
21	52	-3.767457e+00
52	52	3.795792e+00
69	52	-2.833479e-02
51	53	-2.017911e-01
53	53	1.611761e+00
96	53	-1.409970e+00
54	54	6.560668e+00
104	54	-2.793210e+00
105	54	-3.767457e+00
18	55	-1.728698e-02
55	55	3.784744e+00
106	55	-3.767457e+00
17	56	-3.767457e+00
56	56	9.074553e+00
106	56	-5.307095e+00
57	57	3.911332e+00
58	57	-3.767457e+00
114	57	-1.438745e-01
57	58	-3.767457e+00
58	58	9.074553e+00
115	58	-5.307095e+00
13	59	-3.767457e+00
59	59	8.180228e+00
125	59	-4.412771e+00
30	60	-4.586399e+00
60	60	4.922291e+00
127	60	-3.358928e-01
6	61	-1.363637e-02
61	61	2.080483e-02
136	61	-7.168459e-03
62	62	3.123169e-02
135	62	-1.759532e-02
137	62	-1.363637e-02
63	63	2.139103e+00
64	63	-2.075421e+00
65	63	-6.368210e-02
45	64	-5.718861e-03
63	64	-2.075421e+00
64	64	2.081140e+00
63	65	-6.368210e-02
65	65	9.224561e-02
66	65	-2.856351e-02
39	66	-9.090909e-02
65	66	-2.856351e-02
66	66	1.194726e-01
67	67	2.139103e+00
68	67	-2.075421e+00
69	67	-6.368210e-02
44	68	-1.187006e-02
67	68	-2.075421e+00
68	68	2.087291e+00
52	69	-2.833479e-02
67	69	-6.368210e-02
69	69	9.201689e-02
37	70	-9.090909e-02
38	70	-1.282415e-01
70	70	2.191506e-01
1	71	-6.218093e+00
46	71	-1.044930e+00
71	71	7.263023e+00
36	72	-2.821312e+00
72	72	3.512731e+01
86	72	-3.230600e+01
35	73	-2.821312e+00
73	73	3.512731e+01
89	73	-3.230600e+01
32	74	-2.037315e+00
74	74	3.304632e+00
75	74	-1.267316e+00
1	75	-6.218093e+00
74	75	-1.267316e+00
75	75	7.485410e+00
3	76	-5.757119e+00
32	76	-4.100142e-01
76	76	6.167133e+00
31	77	-6.931977e-02
47	77	-1.818182e-01
77	77	2.511379e-01
29	78	-2.293752e-01
30	78	-1.818182e-01
78	78	4.111933e-01
79	79	3.586543e+00
80	79	-2.195881e+00
81	79	-1.390662e+00
79	80	-2.195881e+00
80	80	4.547727e+00
82	80	-2.351845e+00
28	81	-2.192473e+00
79	81	-1.390662e+00
81	81	3.583135e+00
36	82	-3.230600e+01
80	82	-2.351845e+00
82	82	3.465785e+01
28	83	-1.710434e+00
35	83	-3.230600e+01
83	83	3.401644e+01
27	84	-2.202716e+00
84	84	2.230374e+00
85	84	-2.765800e-02
26	85	-1.818182e-01
84	85	-2.765800e-02
85	85	2.094762e-01
27	86	-8.060876e+00
72	86	-3.230600e+01
86	86	4.036688e+01
24	87	-2.195573e-01
87	87	2.390492e+00
88	87	-2.170935e+00
87	88	-2.170935e+00
88	88	2.351788e+00
89	88	-1.808534e-01
73	89	-3.230600e+01
88	89	-1.808534e-01
89	89	3.248686e+01
90	90	1.815667e+00
91	90	-1.605510e+00
92	90	-2.101564e-01
90	91	-1.605510e+00
91	91	3.172906e+00
94	91	-1.567396e+00
90	92	-2.101564e-01
92	92	1.815667e+00
93	92	-1.605510e+00
23	93	-1.763320e+00
92	93	-1.605510e+00
93	93	3.368830e+00
34	94	-4.111352e+00
91	94	-1.567396e+00
94	94	5.678748e+00
23	95	-5.332594e+01
33	95	-4.111352e+00
95	95	5.743729e+01
47	96	-2.623556e+00
53	96	-1.409970e+00
96	96	4.033526e+00
49	97	-2.981310e+00
97	97	2.162950e+01
98	97	-1.864819e+01
10	98	-2.627796e+00
97	98	-1.864819e+01
98	98	2.127599e+01
2	99	-2.015438e+01
22	99	-8.904006e+00
99	99	2.905839e+01
20	100	-3.767457e+00
21	100	-1.769035e+00
100	100	5.536492e+00
101	101	2.268191e+00
102	101	-2.067008e+00
103	101	-2.011826e-01
20	102	-1.040609e+00
101	102	-2.067008e+00
102	102	3.107617e+00
101	103	-2.011826e-01
103	103	2.268191e+00
104	103	-2.067008e+00
54	104	-2.793210e+00
103	104	-2.067008e+00
104	104	4.860219e+00
19	105	-1.769035e+00
54	105	-3.767457e+00
105	105	5.536492e+00
55	106	-3.767457e+00
56	106	-5.307095e+00
106	106	9.074553e+00
107	107	2.813154e+00
108	107	-1.673181e+00
109	107	-1.139973e+00
17	108	-3.538070e+00
107	108	-1.673181e+00
108	108	5.211251e+00
107	109	-1.139973e+00
109	109	2.890829e+00
110	109	-1.750857e+00
109	110	-1.750857e+00
110	110	1.910009e+00
111	110	-1.591520e-01
110	111	-1.591520e-01
111	111	1.820260e+00
112	111	-1.661107e+00
111	112	-1.661107e+00
112	112	3.319579e+00
113	112	-1.658471e+00
112	113	-1.658471e+00
113	113	3.705709e+00
114	113	-2.047238e+00
57	114	-1.438745e-01
113	114	-2.047238e+00
114	114	2.191113e+00
15	115	-3.767457e+00
58	115	-5.307095e+00
115	115	9.074553e+00
116	116	1.848024e+00
117	116	-1.785513e+00
118	116	-6.251016e-02
15	117	-6.765671e-01
116	117	-1.785513e+00
117	117	2.462081e+00
116	118	-6.251016e-02
118	118	2.124247e+00
119	118	-2.061737e+00
16	119	-8.540877e-02
118	119	-2.061737e+00
119	119	2.147145e+00
14	120	-5.307095e+00
16	120	-3.767457e+00
120	120	9.074553e+00
121	121	5.540384e+01
122	121	-5.351715e+01
123	121	-1.886689e+00
12	122	-7.623985e+00
121	122	-5.351715e+01
122	122	6.114113e+01
121	123	-1.886689e+00
123	123	4.878682e+01
124	123	-4.690014e+01
13	124	-1.519434e-01
123	124	-4.690014e+01
124	124	4.705208e+01
11	125	-3.767457e+00
59	125	-4.412771e+00
125	125	8.180228e+00
11	126	-1.592991e+00
26	126	-4.586399e+00
126	126	6.179389e+00
25	127	-4.586399e+00
60	127	-3.358928e-01
127	127	4.922291e+00
10	128	-5.923118e-02
128	128	4.097726e+00
131	128	-4.038495e+00
8	129	-7.496420e-01
129	129	5.211398e+00
131	129	-4.461756e+00
8	130	-8.689003e-01
41	130	-9.090909e-03
130	130	8.779912e-01
9	131	-3.719532e+01
128	131	-4.038495e+00
129	131	-4.461756e+00
131	131	4.578648e+01
132	131	-9.090909e-02
34	132	-1.094661e+01
131	132	-9.090909e-02
132	132	1.103752e+01
7	133	-8.528057e+00
133	133	8.618966e+00
134	133	-9.090909e-02
33	134	-1.094661e+01
133	134	-9.090909e-02
134	134	1.103752e+01
43	135	-1.082251e-02
62	135	-1.759532e-02
135	135	2.841783e-02
42	136	-2.480362e-02
61	136	-7.168459e-03
136	136	3.197208e-02
5	137	-1.001131e+01
62	137	-1.363637e-02
137	137	1.002495e+01
3	138	-9.090909e-02
6	138	-1.001131e+01
138	138	1.010222e+01
