1	1	1.299248e+01
2	1	-9.090909e-02
63	1	-5.950787e+00
72	1	-5.950787e+00
1	2	-9.090909e-02
2	2	2.024529e+01
81	2	-2.015438e+01
3	3	5.571743e+00
73	3	-5.480834e+00
103	3	-9.090909e-02
4	4	1.010222e+01
101	4	-1.001131e+01
102	4	-9.090909e-02
5	5	1.002495e+01
58	5	-1.363637e-02
103	5	-1.001131e+01
6	6	7.358985e+00
7	6	-9.090909e-02
70	6	-7.268076e+00
6	7	-9.090909e-02
7	7	7.362420e+00
17	7	-7.271511e+00
8	8	1.169722e+01
66	8	-5.803157e+00
68	8	-5.803157e+00
98	8	-9.090909e-02
9	9	5.382054e+00
22	9	-5.291145e+00
53	9	-9.090909e-02
10	10	5.171022e+00
11	10	-9.090909e-02
77	10	-5.080113e+00
10	11	-9.090909e-02
11	11	1.010222e+01
90	11	-1.001131e+01
12	12	5.171022e+00
13	12	-9.090909e-02
78	12	-5.080113e+00
12	13	-9.090909e-02
13	13	1.610900e+01
91	13	-1.601809e+01
14	14	7.849840e+00
50	14	-3.767457e+00
89	14	-4.082382e+00
15	15	3.452618e+00
80	15	-3.153152e+00
86	15	-2.994666e-01
16	16	9.019882e+00
43	16	-1.158757e-01
81	16	-8.904006e+00
7	17	-7.271511e+00
17	17	9.612116e+00
97	17	-2.340605e+00
18	18	1.002825e+01
20	18	-7.271511e+00
96	18	-2.756735e+00
19	19	3.073535e+01
89	19	-4.038495e+00
91	19	-2.669685e+01
18	20	-7.271511e+00
20	20	4.731668e+01
99	20	-4.004517e+01
21	21	5.258287e+00
42	21	-1.723086e-01
98	21	-5.085978e+00
9	22	-5.291145e+00
22	22	5.316385e+00
44	22	-2.523965e-02
23	23	2.616581e+00
76	23	-1.645660e+00
78	23	-9.709209e-01
24	24	2.422317e-01
40	24	-1.818182e-01
75	24	-6.041347e-02
25	25	3.305100e+00
75	25	-1.818182e-01
80	25	-3.123282e+00
26	26	6.267117e+00
56	26	-6.218093e+00
74	26	-4.902369e-02
27	27	2.436534e+00
71	27	-2.027723e+00
73	27	-4.088107e-01
28	28	4.990080e+00
67	28	-2.020280e+00
69	28	-2.969800e+00
29	29	2.456399e+00
65	29	-2.006706e+00
66	29	-4.496929e-01
30	30	6.237775e+00
53	30	-6.218093e+00
64	30	-1.968128e-02
31	31	1.062172e+01
32	31	-9.569195e+00
63	31	-1.052526e+00
31	32	-9.569195e+00
32	32	3.110361e+01
102	32	-2.153441e+01
33	33	9.482384e+01
62	33	-8.757258e+01
100	33	-7.251264e+00
34	34	9.090909e-03
97	34	-9.090909e-03
35	35	9.090909e-03
96	35	-9.090909e-03
36	36	1.240182e-02
61	36	-1.240182e-02
37	37	2.480362e-02
93	37	-2.480362e-02
38	38	5.411255e-03
60	38	-5.411255e-03
39	39	1.082251e-02
92	39	-1.082251e-02
24	40	-1.818182e-01
40	40	4.768217e+00
83	40	-4.586399e+00
41	41	4.004277e+00
42	41	-3.056580e+00
46	41	-9.476966e-01
21	42	-1.723086e-01
41	42	-3.056580e+00
42	42	3.228889e+00
16	43	-1.158757e-01
43	43	5.716987e+00
47	43	-5.601111e+00
22	44	-2.523965e-02
44	44	5.316385e+00
95	44	-5.291145e+00
45	45	1.273343e+01
47	45	-6.059247e+00
79	45	-6.674186e+00
41	46	-9.476966e-01
46	46	6.033675e+00
54	46	-5.085978e+00
43	47	-5.601111e+00
45	47	-6.059247e+00
47	47	1.166036e+01
48	48	8.190044e+00
49	48	-3.767457e+00
82	48	-4.422587e+00
48	49	-3.767457e+00
49	49	6.582804e+00
84	49	-2.815347e+00
14	50	-3.767457e+00
50	50	9.758244e+00
88	50	-5.990786e+00
51	51	3.123169e-02
61	51	-1.759532e-02
90	51	-1.363637e-02
52	52	2.976540e-02
60	52	-1.612903e-02
91	52	-1.363637e-02
9	53	-9.090909e-02
30	53	-6.218093e+00
53	53	6.309002e+00
46	54	-5.085978e+00
54	54	5.176888e+00
55	54	-9.090909e-02
54	55	-9.090909e-02
55	55	6.309002e+00
64	55	-6.218093e+00
26	56	-6.218093e+00
56	56	6.309002e+00
94	56	-9.090909e-02
57	57	6.309002e+00
74	57	-6.218093e+00
95	57	-9.090909e-02
5	58	-1.363637e-02
58	58	2.080483e-02
93	58	-7.168459e-03
59	59	3.123169e-02
92	59	-1.759532e-02
101	59	-1.363637e-02
38	60	-5.411255e-03
52	60	-1.612903e-02
60	60	2.154029e-02
36	61	-1.240182e-02
51	61	-1.759532e-02
61	61	2.999714e-02
33	62	-8.757258e+01
62	62	9.133432e+01
65	62	-3.761746e+00
1	63	-5.950787e+00
31	63	-1.052526e+00
63	63	7.003313e+00
30	64	-1.968128e-02
55	64	-6.218093e+00
64	64	6.237775e+00
29	65	-2.006706e+00
62	65	-3.761746e+00
65	65	5.768452e+00
8	66	-5.803157e+00
29	66	-4.496929e-01
66	66	6.252850e+00
28	67	-2.020280e+00
67	67	2.430294e+00
68	67	-4.100142e-01
8	68	-5.803157e+00
67	68	-4.100142e-01
68	68	6.213171e+00
28	69	-2.969800e+00
69	69	9.054238e+01
70	69	-8.757258e+01
6	70	-7.268076e+00
69	70	-8.757258e+01
70	70	9.484065e+01
27	71	-2.027723e+00
71	71	3.291319e+00
72	71	-1.263596e+00
1	72	-5.950787e+00
71	72	-1.263596e+00
72	72	7.214383e+00
3	73	-5.480834e+00
27	73	-4.088107e-01
73	73	5.889644e+00
26	74	-4.902369e-02
57	74	-6.218093e+00
74	74	6.267117e+00
24	75	-6.041347e-02
25	75	-1.818182e-01
75	75	2.422317e-01
23	76	-1.645660e+00
76	76	1.819039e+00
77	76	-1.733790e-01
10	77	-5.080113e+00
76	77	-1.733790e-01
77	77	5.253492e+00
12	78	-5.080113e+00
23	78	-9.709209e-01
78	78	6.051034e+00
45	79	-6.674186e+00
79	79	9.080302e+01
82	79	-4.038495e+00
94	79	-8.009034e+01
15	80	-3.153152e+00
25	80	-3.123282e+00
80	80	6.276434e+00
2	81	-2.015438e+01
16	81	-8.904006e+00
81	81	2.905839e+01
48	82	-4.422587e+00
79	82	-4.038495e+00
82	82	8.461082e+00
40	83	-4.586399e+00
83	83	4.991521e+00
84	83	-4.051224e-01
49	84	-2.815347e+00
83	84	-4.051224e-01
84	84	3.220469e+00
85	85	8.014053e+00
86	85	-5.115587e+00
87	85	-2.898467e+00
15	86	-2.994666e-01
85	86	-5.115587e+00
86	86	5.415053e+00
85	87	-2.898467e+00
87	87	4.951743e+01
88	87	-4.661896e+01
50	88	-5.990786e+00
87	88	-4.661896e+01
88	88	5.260975e+01
14	89	-4.082382e+00
19	89	-4.038495e+00
89	89	8.120877e+00
11	90	-1.001131e+01
51	90	-1.363637e-02
90	90	1.002495e+01
13	91	-1.601809e+01
19	91	-2.669685e+01
52	91	-1.363637e-02
91	91	4.272858e+01
39	92	-1.082251e-02
59	92	-1.759532e-02
92	92	2.841783e-02
37	93	-2.480362e-02
58	93	-7.168459e-03
93	93	3.197208e-02
56	94	-9.090909e-02
79	94	-8.009034e+01
94	94	8.018125e+01
44	95	-5.291145e+00
57	95	-9.090909e-02
95	95	5.382054e+00
18	96	-2.756735e+00
35	96	-9.090909e-03
96	96	2.765826e+00
17	97	-2.340605e+00
34	97	-9.090909e-03
97	97	2.349696e+00
8	98	-9.090909e-02
21	98	-5.085978e+00
98	98	5.176888e+00
20	99	-4.004517e+01
99	99	4.013608e+01
100	99	-9.090909e-02
33	100	-7.251264e+00
99	100	-9.090909e-02
100	100	7.342173e+00
4	101	-1.001131e+01
59	101	-1.363637e-02
101	101	1.002495e+01
4	102	-9.090909e-02
32	102	-2.153441e+01
102	102	2.162532e+01
3	103	-9.090909e-02
5	103	-1.001131e+01
103	103	1.010222e+01
