1	1	7.309002e+00
2	1	-9.090909e-02
42	1	-6.218093e+00
1	2	-9.090909e-02
2	2	1.010222e+01
175	2	-1.001131e+01
3	3	6.309002e+00
133	3	-6.218093e+00
177	3	-9.090909e-02
4	4	2.976540e-02
90	4	-1.612903e-02
176	4	-1.363637e-02
5	5	2.080483e-02
94	5	-7.168459e-03
175	5	-1.363637e-02
6	6	6.080404e+00
136	6	-5.989494e+00
174	6	-9.090909e-02
7	7	6.309002e+00
135	7	-6.218093e+00
173	7	-9.090909e-02
8	8	1.002495e+01
87	8	-1.363637e-02
174	8	-1.001131e+01
9	9	3.123169e-02
10	9	-1.363637e-02
92	9	-1.759532e-02
9	10	-1.363637e-02
10	10	6.706584e+00
148	10	-6.692948e+00
11	11	6.309002e+00
12	11	-9.090909e-02
55	11	-6.218093e+00
11	12	-9.090909e-02
12	12	1.010222e+01
172	12	-1.001131e+01
13	13	6.309002e+00
14	13	-9.090909e-02
106	13	-6.218093e+00
13	14	-9.090909e-02
14	14	5.113032e+00
31	14	-5.022122e+00
15	15	2.976540e-02
89	15	-1.612903e-02
172	15	-1.363637e-02
16	16	3.123169e-02
17	16	-1.363637e-02
93	16	-1.759532e-02
16	17	-1.363637e-02
17	17	6.706584e+00
163	17	-6.692948e+00
18	18	1.013435e+01
166	18	-1.004344e+01
171	18	-9.090909e-02
19	19	1.025114e+01
138	19	-5.080113e+00
141	19	-5.080113e+00
170	19	-9.090909e-02
20	20	1.025114e+01
21	20	-9.090909e-02
57	20	-5.080113e+00
142	20	-5.080113e+00
20	21	-9.090909e-02
21	21	1.016892e+01
165	21	-1.007801e+01
22	22	9.974383e+00
167	22	-9.883474e+00
169	22	-9.090909e-02
23	23	3.509333e+00
34	23	-3.561812e-01
145	23	-3.153152e+00
24	24	3.018325e+01
25	24	-9.647481e-02
81	24	-3.008677e+01
24	25	-9.647481e-02
25	25	5.118597e+00
173	25	-5.022122e+00
26	26	1.079341e+01
35	26	-4.971093e+00
160	26	-5.822315e+00
27	27	5.317730e+00
161	27	-2.317513e-01
177	27	-5.085978e+00
28	28	1.355078e+01
80	28	-1.102358e+01
158	28	-2.527193e+00
29	29	1.367234e+01
38	29	-4.971093e+00
151	29	-8.701251e+00
30	30	5.534998e+00
86	30	-2.413168e+00
146	30	-3.121829e+00
14	31	-5.022122e+00
31	31	5.211322e+00
84	31	-1.891997e-01
32	32	7.873244e+00
164	32	-3.063679e+00
170	32	-4.809565e+00
33	33	3.254721e+00
34	33	-3.102218e+00
164	33	-1.525030e-01
23	34	-3.561812e-01
33	34	-3.102218e+00
34	34	3.458399e+00
26	35	-4.971093e+00
35	35	2.907044e+01
157	35	-4.971093e+00
158	35	-1.912825e+01
36	36	2.299413e+01
37	36	-7.525360e+00
100	36	-1.546877e+01
36	37	-7.525360e+00
37	37	7.714560e+00
162	37	-1.891997e-01
29	38	-4.971093e+00
38	38	2.409934e+01
146	38	-1.912825e+01
39	39	2.242423e+00
140	39	-2.162298e+00
142	39	-8.012499e-02
40	40	5.335080e+00
137	40	-2.165679e+00
138	40	-3.169401e+00
41	41	6.050223e-01
134	41	-5.531279e-01
136	41	-5.189441e-02
1	42	-6.218093e+00
42	42	6.283176e+00
133	42	-6.508213e-02
43	43	6.815713e+00
81	43	-6.633895e+00
131	43	-1.818182e-01
44	44	9.220571e+00
130	44	-2.168186e+00
132	44	-7.052385e+00
45	45	3.239620e+01
60	45	-3.230600e+01
127	45	-9.019735e-02
46	46	5.953697e+01
124	46	-2.969800e+00
126	46	-5.656717e+01
47	47	2.494556e+00
117	47	-2.189549e+00
120	47	-3.050064e-01
48	48	2.721825e+00
115	48	-2.693167e+00
116	48	-2.865732e-02
49	49	1.295726e+00
50	49	-1.818182e-01
114	49	-1.113908e+00
49	50	-1.818182e-01
50	50	3.635513e+00
113	50	-3.453695e+00
51	51	5.956351e+00
52	51	-1.880873e+00
111	51	-4.075478e+00
51	52	-1.880873e+00
52	52	5.956351e+00
115	52	-4.075478e+00
53	53	3.242251e+01
64	53	-3.230600e+01
112	53	-1.165027e-01
54	54	5.170514e+00
109	54	-2.183416e+00
111	54	-2.987099e+00
11	55	-6.218093e+00
55	55	6.244168e+00
106	55	-2.607494e-02
56	56	1.505796e+01
143	56	-4.111352e+00
169	56	-1.094661e+01
20	57	-5.080113e+00
57	57	5.218247e+00
143	57	-1.381336e-01
58	58	1.505796e+01
139	58	-4.111352e+00
171	58	-1.094661e+01
59	59	3.512731e+01
105	59	-2.821312e+00
127	59	-3.230600e+01
45	60	-3.230600e+01
60	60	3.512731e+01
103	60	-2.821312e+00
61	61	3.512731e+01
102	61	-2.821312e+00
119	61	-3.230600e+01
62	62	3.512731e+01
101	62	-2.821312e+00
116	62	-3.230600e+01
63	63	5.048377e+00
100	63	-1.818182e-01
120	63	-4.866559e+00
53	64	-3.230600e+01
64	64	3.512731e+01
99	64	-2.821312e+00
65	65	3.512731e+01
98	65	-2.821312e+00
110	65	-3.230600e+01
66	66	3.427549e+00
96	66	-3.410944e+00
97	66	-1.660572e-02
67	67	3.727415e+00
95	67	-1.818182e-01
96	67	-3.545596e+00
68	68	1.841412e+00
83	68	-1.818182e-01
88	68	-1.659594e+00
69	69	9.090909e-03
167	69	-9.090909e-03
70	70	9.090909e-03
168	70	-9.090909e-03
71	71	9.090909e-03
165	71	-9.090909e-03
72	72	9.090909e-03
166	72	-9.090909e-03
73	73	2.480362e-02
94	73	-2.480362e-02
74	74	1.240182e-02
93	74	-1.240182e-02
75	75	1.240182e-02
92	75	-1.240182e-02
76	76	5.411255e-03
91	76	-5.411255e-03
77	77	5.411255e-03
90	77	-5.411255e-03
78	78	5.411255e-03
89	78	-5.411255e-03
79	79	6.767207e-01
80	79	-1.818182e-01
95	79	-4.949025e-01
28	80	-1.102358e+01
79	80	-1.818182e-01
80	80	1.120540e+01
24	81	-3.008677e+01
43	81	-6.633895e+00
81	81	6.680744e+01
149	81	-3.008677e+01
82	82	3.305100e+00
88	82	-1.818182e-01
145	82	-3.123282e+00
68	83	-1.818182e-01
83	83	5.143194e+00
97	83	-4.961376e+00
31	84	-1.891997e-01
84	84	7.714560e+00
85	84	-7.525360e+00
84	85	-7.525360e+00
85	85	9.406697e+00
100	85	-1.881337e+00
30	86	-2.413168e+00
86	86	8.128989e+00
144	86	-5.715821e+00
8	87	-1.363637e-02
87	87	2.976540e-02
91	87	-1.612903e-02
68	88	-1.659594e+00
82	88	-1.818182e-01
88	88	1.841412e+00
15	89	-1.612903e-02
78	89	-5.411255e-03
89	89	2.154029e-02
4	90	-1.612903e-02
77	90	-5.411255e-03
90	90	2.154029e-02
76	91	-5.411255e-03
87	91	-1.612903e-02
91	91	2.154029e-02
9	92	-1.759532e-02
75	92	-1.240182e-02
92	92	2.999714e-02
16	93	-1.759532e-02
74	93	-1.240182e-02
93	93	2.999714e-02
5	94	-7.168459e-03
73	94	-2.480362e-02
94	94	3.197208e-02
67	95	-1.818182e-01
79	95	-4.949025e-01
95	95	1.373250e+00
104	95	-6.965292e-01
66	96	-3.410944e+00
67	96	-3.545596e+00
96	96	6.956540e+00
66	97	-1.660572e-02
83	97	-4.961376e+00
97	97	4.977981e+00
65	98	-2.821312e+00
98	98	3.512731e+01
112	98	-3.230600e+01
64	99	-2.821312e+00
99	99	3.512731e+01
114	99	-3.230600e+01
36	100	-1.546877e+01
63	100	-1.818182e-01
85	100	-1.881337e+00
100	100	1.753192e+01
62	101	-2.821312e+00
101	101	3.512731e+01
125	101	-3.230600e+01
61	102	-2.821312e+00
102	102	3.512731e+01
126	102	-3.230600e+01
60	103	-2.821312e+00
103	103	3.512731e+01
132	103	-3.230600e+01
95	104	-6.965292e-01
104	104	3.300253e+01
105	104	-3.230600e+01
59	105	-2.821312e+00
104	105	-3.230600e+01
105	105	3.512731e+01
13	106	-6.218093e+00
55	106	-2.607494e-02
106	106	6.244168e+00
107	107	2.363472e+00
108	107	-2.183416e+00
109	107	-1.800566e-01
107	108	-2.183416e+00
108	108	4.543866e+00
110	108	-2.360450e+00
54	109	-2.183416e+00
107	109	-1.800566e-01
109	109	2.363472e+00
65	110	-3.230600e+01
108	110	-2.360450e+00
110	110	3.466645e+01
51	111	-4.075478e+00
54	111	-2.987099e+00
111	111	7.062577e+00
53	112	-1.165027e-01
98	112	-3.230600e+01
112	112	3.242251e+01
50	113	-3.453695e+00
113	113	6.904940e+01
144	113	-6.559571e+01
49	114	-1.113908e+00
99	114	-3.230600e+01
114	114	3.341991e+01
48	115	-2.693167e+00
52	115	-4.075478e+00
115	115	6.768645e+00
48	116	-2.865732e-02
62	116	-3.230600e+01
116	116	3.233466e+01
47	117	-2.189549e+00
117	117	5.342602e+00
118	117	-3.153052e+00
117	118	-3.153052e+00
118	118	6.948263e+00
119	118	-3.795210e+00
61	119	-3.230600e+01
118	119	-3.795210e+00
119	119	3.610121e+01
47	120	-3.050064e-01
63	120	-4.866559e+00
120	120	5.171565e+00
121	121	2.256086e+00
122	121	-2.190600e+00
123	121	-6.548617e-02
121	122	-2.190600e+00
122	122	4.010800e+00
125	122	-1.820201e+00
121	123	-6.548617e-02
123	123	2.256086e+00
124	123	-2.190600e+00
46	124	-2.969800e+00
123	124	-2.190600e+00
124	124	5.160400e+00
101	125	-3.230600e+01
122	125	-1.820201e+00
125	125	3.412620e+01
46	126	-5.656717e+01
102	126	-3.230600e+01
126	126	8.887317e+01
45	127	-9.019735e-02
59	127	-3.230600e+01
127	127	3.239620e+01
128	128	1.331407e+01
129	128	-2.030284e+00
130	128	-1.128379e+01
128	129	-2.030284e+00
129	129	2.271410e+00
131	129	-2.411260e-01
44	130	-2.168186e+00
128	130	-1.128379e+01
130	130	1.345198e+01
43	131	-1.818182e-01
129	131	-2.411260e-01
131	131	4.229441e-01
44	132	-7.052385e+00
103	132	-3.230600e+01
132	132	3.935839e+01
3	133	-6.218093e+00
42	133	-6.508213e-02
133	133	6.283176e+00
41	134	-5.531279e-01
134	134	6.116006e-01
135	134	-5.847269e-02
7	135	-6.218093e+00
134	135	-5.847269e-02
135	135	6.276566e+00
6	136	-5.989494e+00
41	136	-5.189441e-02
136	136	6.041389e+00
40	137	-2.165679e+00
137	137	2.257545e+00
139	137	-9.186617e-02
19	138	-5.080113e+00
40	138	-3.169401e+00
138	138	8.249515e+00
58	139	-4.111352e+00
137	139	-9.186617e-02
139	139	4.203218e+00
39	140	-2.162298e+00
140	140	2.593033e+00
141	140	-4.307356e-01
19	141	-5.080113e+00
140	141	-4.307356e-01
141	141	5.510849e+00
20	142	-5.080113e+00
39	142	-8.012499e-02
142	142	5.160238e+00
56	143	-4.111352e+00
57	143	-1.381336e-01
143	143	4.249485e+00
86	144	-5.715821e+00
113	144	-6.559571e+01
144	144	7.131153e+01
23	145	-3.153152e+00
82	145	-3.123282e+00
145	145	6.276434e+00
30	146	-3.121829e+00
38	146	-1.912825e+01
146	146	2.225008e+01
147	147	2.496010e+00
148	147	-1.412928e+00
149	147	-1.083082e+00
10	148	-6.692948e+00
147	148	-1.412928e+00
148	148	8.105876e+00
81	149	-3.008677e+01
147	149	-1.083082e+00
149	149	3.116985e+01
150	150	4.066150e+00
151	150	-6.892321e-01
152	150	-3.376918e+00
29	151	-8.701251e+00
150	151	-6.892321e-01
151	151	9.390483e+00
150	152	-3.376918e+00
152	152	7.294753e+00
153	152	-3.917835e+00
152	153	-3.917835e+00
153	153	1.055173e+01
176	153	-6.633895e+00
154	154	9.814618e+00
155	154	-3.917835e+00
156	154	-5.896783e+00
154	155	-3.917835e+00
155	155	1.055173e+01
176	155	-6.633895e+00
154	156	-5.896783e+00
156	156	1.309491e+01
157	156	-7.198128e+00
35	157	-4.971093e+00
156	157	-7.198128e+00
157	157	1.216922e+01
28	158	-2.527193e+00
35	158	-1.912825e+01
158	158	2.165544e+01
159	159	3.676837e+00
160	159	-2.206385e+00
161	159	-1.470452e+00
26	160	-5.822315e+00
159	160	-2.206385e+00
160	160	8.028700e+00
27	161	-2.317513e-01
159	161	-1.470452e+00
161	161	1.702203e+00
37	162	-1.891997e-01
162	162	1.602128e+00
163	162	-1.412928e+00
17	163	-6.692948e+00
162	163	-1.412928e+00
163	163	8.105876e+00
32	164	-3.063679e+00
33	164	-1.525030e-01
164	164	3.216182e+00
21	165	-1.007801e+01
71	165	-9.090909e-03
165	165	1.008710e+01
18	166	-1.004344e+01
72	166	-9.090909e-03
166	166	1.005253e+01
22	167	-9.883474e+00
69	167	-9.090909e-03
167	167	9.892565e+00
70	168	-9.090909e-03
168	168	9.892565e+00
170	168	-9.883474e+00
22	169	-9.090909e-02
56	169	-1.094661e+01
169	169	1.103752e+01
19	170	-9.090909e-02
32	170	-4.809565e+00
168	170	-9.883474e+00
170	170	1.478395e+01
18	171	-9.090909e-02
58	171	-1.094661e+01
171	171	1.103752e+01
12	172	-1.001131e+01
15	172	-1.363637e-02
172	172	1.002495e+01
7	173	-9.090909e-02
25	173	-5.022122e+00
173	173	5.113032e+00
6	174	-9.090909e-02
8	174	-1.001131e+01
174	174	1.010222e+01
2	175	-1.001131e+01
5	175	-1.363637e-02
175	175	1.002495e+01
4	176	-1.363637e-02
153	176	-6.633895e+00
155	176	-6.633895e+00
176	176	1.328143e+01
3	177	-9.090909e-02
27	177	-5.085978e+00
177	177	5.176888e+00
