1	1	7.309002e+00
36	1	-6.218093e+00
57	1	-9.090909e-02
2	2	6.309002e+00
25	2	-6.218093e+00
56	2	-9.090909e-02
3	3	1.002495e+01
33	3	-1.363637e-02
57	3	-1.001131e+01
4	4	6.706584e+00
32	4	-1.363637e-02
47	4	-6.692948e+00
5	5	1.013435e+01
50	5	-1.004344e+01
55	5	-9.090909e-02
6	6	1.025114e+01
39	6	-5.080113e+00
42	6	-5.080113e+00
54	6	-9.090909e-02
7	7	1.025114e+01
8	7	-9.090909e-02
23	7	-5.080113e+00
43	7	-5.080113e+00
7	8	-9.090909e-02
8	8	1.016892e+01
49	8	-1.007801e+01
9	9	9.974383e+00
51	9	-9.883474e+00
53	9	-9.090909e-02
10	10	4.603360e+00
15	10	-1.696103e-02
20	10	-4.586399e+00
11	11	3.446296e+00
16	11	-2.931442e-01
45	11	-3.153152e+00
12	12	5.109327e+00
46	12	-8.720449e-02
56	12	-5.022122e+00
13	13	7.873244e+00
48	13	-3.063679e+00
54	13	-4.809565e+00
14	14	3.254721e+00
15	14	-3.102218e+00
48	14	-1.525030e-01
10	15	-1.696103e-02
14	15	-3.102218e+00
15	15	3.119179e+00
11	16	-2.931442e-01
16	16	5.315267e+00
56	16	-5.022122e+00
17	17	2.242423e+00
41	17	-2.162298e+00
43	17	-8.012499e-02
18	18	5.335080e+00
38	18	-2.165679e+00
39	18	-3.169401e+00
19	19	2.422317e-01
20	19	-1.818182e-01
37	19	-6.041347e-02
10	20	-4.586399e+00
19	20	-1.818182e-01
20	20	4.768217e+00
21	21	3.305100e+00
37	21	-1.818182e-01
45	21	-3.123282e+00
22	22	1.505796e+01
44	22	-4.111352e+00
53	22	-1.094661e+01
7	23	-5.080113e+00
23	23	5.218247e+00
44	23	-1.381336e-01
24	24	1.505796e+01
40	24	-4.111352e+00
55	24	-1.094661e+01
2	25	-6.218093e+00
25	25	6.244168e+00
36	25	-2.607494e-02
26	26	9.090909e-03
51	26	-9.090909e-03
27	27	9.090909e-03
52	27	-9.090909e-03
28	28	9.090909e-03
49	28	-9.090909e-03
29	29	9.090909e-03
50	29	-9.090909e-03
30	30	1.240182e-02
35	30	-1.240182e-02
31	31	5.411255e-03
34	31	-5.411255e-03
4	32	-1.363637e-02
32	32	3.123169e-02
35	32	-1.759532e-02
3	33	-1.363637e-02
33	33	2.976540e-02
34	33	-1.612903e-02
31	34	-5.411255e-03
33	34	-1.612903e-02
34	34	2.154029e-02
30	35	-1.240182e-02
32	35	-1.759532e-02
35	35	2.999714e-02
1	36	-6.218093e+00
25	36	-2.607494e-02
36	36	6.244168e+00
19	37	-6.041347e-02
21	37	-1.818182e-01
37	37	2.422317e-01
18	38	-2.165679e+00
38	38	2.257545e+00
40	38	-9.186617e-02
6	39	-5.080113e+00
18	39	-3.169401e+00
39	39	8.249515e+00
24	40	-4.111352e+00
38	40	-9.186617e-02
40	40	4.203218e+00
17	41	-2.162298e+00
41	41	2.593033e+00
42	41	-4.307356e-01
6	42	-5.080113e+00
41	42	-4.307356e-01
42	42	5.510849e+00
7	43	-5.080113e+00
17	43	-8.012499e-02
43	43	5.160238e+00
22	44	-4.111352e+00
23	44	-1.381336e-01
44	44	4.249485e+00
11	45	-3.153152e+00
21	45	-3.123282e+00
45	45	6.276434e+00
12	46	-8.720449e-02
46	46	1.500133e+00
47	46	-1.412928e+00
4	47	-6.692948e+00
46	47	-1.412928e+00
47	47	8.105876e+00
13	48	-3.063679e+00
14	48	-1.525030e-01
48	48	3.216182e+00
8	49	-1.007801e+01
28	49	-9.090909e-03
49	49	1.008710e+01
5	50	-1.004344e+01
29	50	-9.090909e-03
50	50	1.005253e+01
9	51	-9.883474e+00
26	51	-9.090909e-03
51	51	9.892565e+00
27	52	-9.090909e-03
52	52	9.892565e+00
54	52	-9.883474e+00
9	53	-9.090909e-02
22	53	-1.094661e+01
53	53	1.103752e+01
6	54	-9.090909e-02
13	54	-4.809565e+00
52	54	-9.883474e+00
54	54	1.478395e+01
5	55	-9.090909e-02
24	55	-1.094661e+01
55	55	1.103752e+01
2	56	-9.090909e-02
12	56	-5.022122e+00
16	56	-5.022122e+00
56	56	1.013515e+01
1	57	-9.090909e-02
3	57	-1.001131e+01
57	57	1.010222e+01
