1	1	8.342173e+00
2	1	-9.090909e-02
30	1	-7.251264e+00
1	2	-9.090909e-02
2	2	4.013608e+01
42	2	-4.004517e+01
3	3	7.362420e+00
53	3	-7.271511e+00
54	3	-9.090909e-02
4	4	1.169722e+01
5	4	-9.090909e-02
32	4	-5.803157e+00
35	4	-5.803157e+00
4	5	-9.090909e-02
5	5	5.176888e+00
26	5	-5.085978e+00
6	6	2.349696e+00
23	6	-9.090909e-03
53	6	-2.340605e+00
7	7	2.765826e+00
25	7	-9.090909e-03
41	7	-2.756735e+00
8	8	5.916208e+00
36	8	-5.825299e+00
52	8	-9.090909e-02
9	9	5.912478e+00
10	9	-9.090909e-02
18	9	-5.821569e+00
9	10	-9.090909e-02
10	10	5.176888e+00
14	10	-5.085978e+00
11	11	5.171022e+00
12	11	-9.090909e-02
38	11	-5.080113e+00
11	12	-9.090909e-02
12	12	9.974383e+00
50	12	-9.883474e+00
13	13	6.782513e+00
40	13	-6.691604e+00
51	13	-9.090909e-02
10	14	-5.085978e+00
14	14	5.213553e+00
44	14	-1.275746e-01
15	15	1.876549e+01
47	15	-1.869631e+00
48	15	-1.689586e+01
16	16	6.087318e+00
28	16	-1.001340e+00
52	16	-5.085978e+00
17	17	2.483090e+00
37	17	-1.867159e+00
39	17	-6.159304e-01
9	18	-5.821569e+00
18	18	5.913010e+00
36	18	-9.144111e-02
19	19	5.768452e+00
29	19	-3.761746e+00
34	19	-2.006706e+00
20	20	2.430294e+00
31	20	-2.020280e+00
32	20	-4.100142e-01
21	21	9.484065e+01
33	21	-8.757258e+01
54	21	-7.268076e+00
22	22	9.090909e-03
50	22	-9.090909e-03
6	23	-9.090909e-03
23	23	9.090909e-03
24	24	9.090909e-03
49	24	-9.090909e-03
7	25	-9.090909e-03
25	25	9.090909e-03
5	26	-5.085978e+00
26	26	5.258287e+00
27	26	-1.723086e-01
26	27	-1.723086e-01
27	27	3.228889e+00
28	27	-3.056580e+00
16	28	-1.001340e+00
27	28	-3.056580e+00
28	28	4.057920e+00
19	29	-3.761746e+00
29	29	9.133432e+01
30	29	-8.757258e+01
1	30	-7.251264e+00
29	30	-8.757258e+01
30	30	9.482384e+01
20	31	-2.020280e+00
31	31	4.990080e+00
33	31	-2.969800e+00
4	32	-5.803157e+00
20	32	-4.100142e-01
32	32	6.213171e+00
21	33	-8.757258e+01
31	33	-2.969800e+00
33	33	9.054238e+01
19	34	-2.006706e+00
34	34	2.456399e+00
35	34	-4.496929e-01
4	35	-5.803157e+00
34	35	-4.496929e-01
35	35	6.252850e+00
8	36	-5.825299e+00
18	36	-9.144111e-02
36	36	5.916740e+00
17	37	-1.867159e+00
37	37	1.977514e+00
38	37	-1.103546e-01
11	38	-5.080113e+00
37	38	-1.103546e-01
38	38	5.190468e+00
17	39	-6.159304e-01
39	39	8.360486e+01
40	39	-8.298893e+01
13	40	-6.691604e+00
39	40	-8.298893e+01
40	40	8.968053e+01
7	41	-2.756735e+00
41	41	1.002825e+01
42	41	-7.271511e+00
2	42	-4.004517e+01
41	42	-7.271511e+00
42	42	4.731668e+01
43	43	2.545807e+00
44	43	-2.045136e+00
45	43	-5.006709e-01
14	44	-1.275746e-01
43	44	-2.045136e+00
44	44	2.172711e+00
43	45	-5.006709e-01
45	45	1.908344e+00
46	45	-1.407674e+00
45	46	-1.407674e+00
46	46	2.004293e+00
47	46	-5.966196e-01
15	47	-1.869631e+00
46	47	-5.966196e-01
47	47	2.466250e+00
15	48	-1.689586e+01
48	48	2.443029e+01
51	48	-7.534432e+00
24	49	-9.090909e-03
49	49	8.485319e+00
51	49	-8.476228e+00
12	50	-9.883474e+00
22	50	-9.090909e-03
50	50	9.892565e+00
13	51	-9.090909e-02
48	51	-7.534432e+00
49	51	-8.476228e+00
51	51	1.610157e+01
8	52	-9.090909e-02
16	52	-5.085978e+00
52	52	5.176888e+00
3	53	-7.271511e+00
6	53	-2.340605e+00
53	53	9.612116e+00
3	54	-9.090909e-02
21	54	-7.268076e+00
54	54	7.358985e+00
