1	1	8.358985e+00
2	1	-9.090909e-02
58	1	-7.268076e+00
1	2	-9.090909e-02
2	2	7.362420e+00
69	2	-7.271511e+00
3	3	1.169722e+01
4	3	-9.090909e-02
54	3	-5.803157e+00
56	3	-5.803157e+00
3	4	-9.090909e-02
4	4	5.176888e+00
18	4	-5.085978e+00
5	5	2.349696e+00
32	5	-9.090909e-03
69	5	-2.340605e+00
6	6	2.765826e+00
33	6	-9.090909e-03
65	6	-2.756735e+00
7	7	1.252710e+01
8	7	-9.090909e-02
31	7	-6.218093e+00
46	7	-6.218093e+00
7	8	-9.090909e-02
8	8	5.132121e+00
15	8	-5.041212e+00
9	9	6.309002e+00
43	9	-6.218093e+00
68	9	-9.090909e-02
10	10	6.309002e+00
37	10	-6.218093e+00
67	10	-9.090909e-02
11	11	1.002495e+01
40	11	-1.363637e-02
68	11	-1.001131e+01
12	12	3.123169e-02
13	12	-1.363637e-02
42	12	-1.759532e-02
12	13	-1.363637e-02
13	13	6.706584e+00
61	13	-6.692948e+00
14	14	4.596699e+00
25	14	-4.586399e+00
66	14	-1.030061e-02
8	15	-5.041212e+00
15	15	5.119709e+00
63	15	-7.849663e-02
16	16	1.604005e+00
27	16	-1.450621e+00
64	16	-1.533846e-01
17	17	5.131618e+00
60	17	-1.094959e-01
67	17	-5.022122e+00
4	18	-5.085978e+00
18	18	5.451985e+00
38	18	-3.660068e-01
19	19	4.731668e+01
65	19	-7.271511e+00
70	19	-4.004517e+01
20	20	2.029591e-01
21	20	-1.818182e-01
59	20	-2.114089e-02
20	21	-1.818182e-01
21	21	4.768217e+00
66	21	-4.586399e+00
22	22	4.990080e+00
55	22	-2.020280e+00
57	22	-2.969800e+00
23	23	2.456399e+00
53	23	-2.006706e+00
54	23	-4.496929e-01
24	24	3.068609e-01
25	24	-1.818182e-01
51	24	-1.250427e-01
14	25	-4.586399e+00
24	25	-1.818182e-01
25	25	4.768217e+00
26	26	7.792397e-01
27	26	-1.818182e-01
47	26	-5.974215e-01
16	27	-1.450621e+00
26	27	-1.818182e-01
27	27	1.632439e+00
28	28	5.048377e+00
29	28	-1.818182e-01
59	28	-4.866559e+00
28	29	-1.818182e-01
29	29	1.915846e+00
39	29	-1.734028e+00
30	30	9.482384e+01
45	30	-8.757258e+01
71	30	-7.251264e+00
7	31	-6.218093e+00
31	31	6.271731e+00
43	31	-5.363713e-02
5	32	-9.090909e-03
32	32	9.090909e-03
6	33	-9.090909e-03
33	33	9.090909e-03
34	34	1.240182e-02
42	34	-1.240182e-02
35	35	1.082251e-02
41	35	-1.082251e-02
36	36	3.512731e+01
44	36	-2.821312e+00
47	36	-3.230600e+01
10	37	-6.218093e+00
37	37	6.708756e+00
46	37	-4.906627e-01
18	38	-3.660068e-01
38	38	1.036471e+01
39	38	-9.998700e+00
29	39	-1.734028e+00
38	39	-9.998700e+00
39	39	1.173273e+01
11	40	-1.363637e-02
40	40	3.123169e-02
41	40	-1.759532e-02
35	41	-1.082251e-02
40	41	-1.759532e-02
41	41	2.841783e-02
12	42	-1.759532e-02
34	42	-1.240182e-02
42	42	2.999714e-02
9	43	-6.218093e+00
31	43	-5.363713e-02
43	43	6.271731e+00
36	44	-2.821312e+00
44	44	3.512731e+01
52	44	-3.230600e+01
30	45	-8.757258e+01
45	45	9.133432e+01
53	45	-3.761746e+00
7	46	-6.218093e+00
37	46	-4.906627e-01
46	46	6.708756e+00
26	47	-5.974215e-01
36	47	-3.230600e+01
47	47	3.290342e+01
48	48	6.270133e-01
49	48	-5.412515e-01
50	48	-8.576182e-02
48	49	-5.412515e-01
49	49	6.019197e-01
52	49	-6.066820e-02
48	50	-8.576182e-02
50	50	3.559065e-01
51	50	-2.701447e-01
24	51	-1.250427e-01
50	51	-2.701447e-01
51	51	3.951874e-01
44	52	-3.230600e+01
49	52	-6.066820e-02
52	52	3.236667e+01
23	53	-2.006706e+00
45	53	-3.761746e+00
53	53	5.768452e+00
3	54	-5.803157e+00
23	54	-4.496929e-01
54	54	6.252850e+00
22	55	-2.020280e+00
55	55	2.430294e+00
56	55	-4.100142e-01
3	56	-5.803157e+00
55	56	-4.100142e-01
56	56	6.213171e+00
22	57	-2.969800e+00
57	57	9.054238e+01
58	57	-8.757258e+01
1	58	-7.268076e+00
57	58	-8.757258e+01
58	58	9.484065e+01
20	59	-2.114089e-02
28	59	-4.866559e+00
59	59	4.887700e+00
17	60	-1.094959e-01
60	60	1.517169e+00
61	60	-1.407674e+00
13	61	-6.692948e+00
60	61	-1.407674e+00
61	61	8.100621e+00
62	62	2.186420e+00
63	62	-2.049697e+00
64	62	-1.367230e-01
15	63	-7.849663e-02
62	63	-2.049697e+00
63	63	2.128194e+00
16	64	-1.533846e-01
62	64	-1.367230e-01
64	64	2.901076e-01
6	65	-2.756735e+00
19	65	-7.271511e+00
65	65	1.002825e+01
14	66	-1.030061e-02
21	66	-4.586399e+00
66	66	4.596699e+00
10	67	-9.090909e-02
17	67	-5.022122e+00
67	67	5.113032e+00
9	68	-9.090909e-02
11	68	-1.001131e+01
68	68	1.010222e+01
2	69	-7.271511e+00
5	69	-2.340605e+00
69	69	9.612116e+00
19	70	-4.004517e+01
70	70	4.013608e+01
71	70	-9.090909e-02
30	71	-7.251264e+00
70	71	-9.090909e-02
71	71	7.342173e+00
