1	1	1.352710e+01
2	1	-9.090909e-02
72	1	-6.218093e+00
87	1	-6.218093e+00
1	2	-9.090909e-02
2	2	2.024529e+01
91	2	-2.015438e+01
3	3	5.848028e+00
88	3	-5.757119e+00
106	3	-9.090909e-02
4	4	5.844351e+00
5	4	-9.090909e-02
45	4	-5.753442e+00
4	5	-9.090909e-02
5	5	1.010222e+01
105	5	-1.001131e+01
6	6	1.002495e+01
63	6	-1.363637e-02
106	6	-1.001131e+01
7	7	7.358985e+00
8	7	-9.090909e-02
85	7	-7.268076e+00
7	8	-9.090909e-02
8	8	7.362420e+00
19	8	-7.271511e+00
9	9	1.169722e+01
81	9	-5.803157e+00
83	9	-5.803157e+00
102	9	-9.090909e-02
10	10	7.439744e+00
60	10	-9.090909e-02
77	10	-7.348834e+00
11	11	5.382054e+00
24	11	-5.291145e+00
59	11	-9.090909e-02
12	12	1.252710e+01
13	12	-9.090909e-02
32	12	-6.218093e+00
74	12	-6.218093e+00
12	13	-9.090909e-02
13	13	2.024529e+01
90	13	-2.015438e+01
14	14	5.848028e+00
15	14	-9.090909e-02
75	14	-5.757119e+00
14	15	-9.090909e-02
15	15	1.010222e+01
94	15	-1.001131e+01
16	16	5.844351e+00
69	16	-5.753442e+00
95	16	-9.090909e-02
17	17	1.002495e+01
58	17	-1.363637e-02
95	17	-1.001131e+01
18	18	9.019882e+00
52	18	-1.158757e-01
91	18	-8.904006e+00
8	19	-7.271511e+00
19	19	9.612116e+00
101	19	-2.340605e+00
20	20	1.002825e+01
22	20	-7.271511e+00
100	20	-2.756735e+00
21	21	9.019882e+00
47	21	-1.158757e-01
90	21	-8.904006e+00
20	22	-7.271511e+00
22	22	4.731668e+01
103	22	-4.004517e+01
23	23	5.258287e+00
51	23	-1.723086e-01
102	23	-5.085978e+00
11	24	-5.291145e+00
24	24	5.316385e+00
54	24	-2.523965e-02
25	25	6.267117e+00
61	25	-6.218093e+00
89	25	-4.902369e-02
26	26	2.447330e+00
86	26	-2.037315e+00
88	26	-4.100142e-01
27	27	4.990080e+00
82	27	-2.020280e+00
84	27	-2.969800e+00
28	28	2.456399e+00
80	28	-2.006706e+00
81	28	-4.496929e-01
29	29	6.237775e+00
59	29	-6.218093e+00
76	29	-1.968128e-02
30	30	3.319730e+00
73	30	-2.037315e+00
74	30	-1.282415e+00
31	31	9.482384e+01
71	31	-8.757258e+01
104	31	-7.251264e+00
12	32	-6.218093e+00
32	32	7.250721e+00
69	32	-1.032628e+00
33	33	3.416885e+00
67	33	-3.410944e+00
68	33	-5.940853e-03
34	34	2.535161e-01
43	34	-1.818182e-01
65	34	-7.169795e-02
35	35	9.090909e-03
101	35	-9.090909e-03
36	36	9.090909e-03
100	36	-9.090909e-03
37	37	2.480362e-02
97	37	-2.480362e-02
38	38	2.480362e-02
93	38	-2.480362e-02
39	39	1.082251e-02
96	39	-1.082251e-02
40	40	1.082251e-02
92	40	-1.082251e-02
41	41	1.607335e+00
42	41	-1.818182e-01
55	41	-1.425517e+00
41	42	-1.818182e-01
42	42	1.841412e+00
66	42	-1.659594e+00
34	43	-1.818182e-01
43	43	5.143194e+00
68	43	-4.961376e+00
44	44	3.727415e+00
66	44	-1.818182e-01
67	44	-3.545596e+00
4	45	-5.753442e+00
45	45	6.798372e+00
72	45	-1.044930e+00
46	46	6.792076e+00
70	46	-3.246479e+00
78	46	-3.545596e+00
21	47	-1.158757e-01
47	47	3.172456e+00
48	47	-3.056580e+00
47	48	-3.056580e+00
48	48	3.659658e+00
55	48	-6.030781e-01
49	49	6.169061e+00
60	49	-5.085978e+00
79	49	-1.083082e+00
50	50	1.063814e+01
51	50	-3.056580e+00
79	50	-7.581559e+00
23	51	-1.723086e-01
50	51	-3.056580e+00
51	51	3.228889e+00
18	52	-1.158757e-01
52	52	5.716987e+00
56	52	-5.601111e+00
53	53	1.222007e+01
56	53	-6.059247e+00
98	53	-6.160822e+00
24	54	-2.523965e-02
54	54	5.316385e+00
99	54	-5.291145e+00
41	55	-1.425517e+00
48	55	-6.030781e-01
55	55	2.028595e+00
52	56	-5.601111e+00
53	56	-6.059247e+00
56	56	1.166036e+01
57	57	2.080483e-02
93	57	-7.168459e-03
94	57	-1.363637e-02
17	58	-1.363637e-02
58	58	3.123169e-02
92	58	-1.759532e-02
11	59	-9.090909e-02
29	59	-6.218093e+00
59	59	6.309002e+00
10	60	-9.090909e-02
49	60	-5.085978e+00
60	60	5.176888e+00
25	61	-6.218093e+00
61	61	6.309002e+00
98	61	-9.090909e-02
62	62	6.309002e+00
89	62	-6.218093e+00
99	62	-9.090909e-02
6	63	-1.363637e-02
63	63	2.080483e-02
97	63	-7.168459e-03
64	64	3.123169e-02
96	64	-1.759532e-02
105	64	-1.363637e-02
34	65	-7.169795e-02
65	65	2.215363e+01
70	65	-2.208193e+01
42	66	-1.659594e+00
44	66	-1.818182e-01
66	66	1.841412e+00
33	67	-3.410944e+00
44	67	-3.545596e+00
67	67	6.956540e+00
33	68	-5.940853e-03
43	68	-4.961376e+00
68	68	4.967317e+00
16	69	-5.753442e+00
32	69	-1.032628e+00
69	69	6.786070e+00
46	70	-3.246479e+00
65	70	-2.208193e+01
70	70	2.532841e+01
31	71	-8.757258e+01
71	71	9.133432e+01
80	71	-3.761746e+00
1	72	-6.218093e+00
45	72	-1.044930e+00
72	72	7.263023e+00
30	73	-2.037315e+00
73	73	2.447330e+00
75	73	-4.100142e-01
12	74	-6.218093e+00
30	74	-1.282415e+00
74	74	7.500508e+00
14	75	-5.757119e+00
73	75	-4.100142e-01
75	75	6.167133e+00
29	76	-1.968128e-02
76	76	4.380616e+01
77	76	-4.378648e+01
10	77	-7.348834e+00
76	77	-4.378648e+01
77	77	5.113531e+01
46	78	-3.545596e+00
78	78	3.727415e+00
79	78	-1.818182e-01
49	79	-1.083082e+00
50	79	-7.581559e+00
78	79	-1.818182e-01
79	79	8.846459e+00
28	80	-2.006706e+00
71	80	-3.761746e+00
80	80	5.768452e+00
9	81	-5.803157e+00
28	81	-4.496929e-01
81	81	6.252850e+00
27	82	-2.020280e+00
82	82	2.430294e+00
83	82	-4.100142e-01
9	83	-5.803157e+00
82	83	-4.100142e-01
83	83	6.213171e+00
27	84	-2.969800e+00
84	84	9.054238e+01
85	84	-8.757258e+01
7	85	-7.268076e+00
84	85	-8.757258e+01
85	85	9.484065e+01
26	86	-2.037315e+00
86	86	3.304632e+00
87	86	-1.267316e+00
1	87	-6.218093e+00
86	87	-1.267316e+00
87	87	7.485410e+00
3	88	-5.757119e+00
26	88	-4.100142e-01
88	88	6.167133e+00
25	89	-4.902369e-02
62	89	-6.218093e+00
89	89	6.267117e+00
13	90	-2.015438e+01
21	90	-8.904006e+00
90	90	2.905839e+01
2	91	-2.015438e+01
18	91	-8.904006e+00
91	91	2.905839e+01
40	92	-1.082251e-02
58	92	-1.759532e-02
92	92	2.841783e-02
38	93	-2.480362e-02
57	93	-7.168459e-03
93	93	3.197208e-02
15	94	-1.001131e+01
57	94	-1.363637e-02
94	94	1.002495e+01
16	95	-9.090909e-02
17	95	-1.001131e+01
95	95	1.010222e+01
39	96	-1.082251e-02
64	96	-1.759532e-02
96	96	2.841783e-02
37	97	-2.480362e-02
63	97	-7.168459e-03
97	97	3.197208e-02
53	98	-6.160822e+00
61	98	-9.090909e-02
98	98	6.251731e+00
54	99	-5.291145e+00
62	99	-9.090909e-02
99	99	5.382054e+00
20	100	-2.756735e+00
36	100	-9.090909e-03
100	100	2.765826e+00
19	101	-2.340605e+00
35	101	-9.090909e-03
101	101	2.349696e+00
9	102	-9.090909e-02
23	102	-5.085978e+00
102	102	5.176888e+00
22	103	-4.004517e+01
103	103	4.013608e+01
104	103	-9.090909e-02
31	104	-7.251264e+00
103	104	-9.090909e-02
104	104	7.342173e+00
5	105	-1.001131e+01
64	105	-1.363637e-02
105	105	1.002495e+01
3	106	-9.090909e-02
6	106	-1.001131e+01
106	106	1.010222e+01
