1	1	8.342173e+00
2	1	-9.090909e-02
32	1	-7.251264e+00
1	2	-9.090909e-02
2	2	4.013608e+01
42	2	-4.004517e+01
3	3	7.362420e+00
11	3	-7.271511e+00
57	3	-9.090909e-02
4	4	1.169722e+01
5	4	-9.090909e-02
34	4	-5.803157e+00
37	4	-5.803157e+00
4	5	-9.090909e-02
5	5	5.176888e+00
13	5	-5.085978e+00
6	6	5.171022e+00
7	6	-9.090909e-02
40	6	-5.080113e+00
6	7	-9.090909e-02
7	7	1.010222e+01
52	7	-1.001131e+01
8	8	5.171022e+00
9	8	-9.090909e-02
41	8	-5.080113e+00
8	9	-9.090909e-02
9	9	2.349028e+01
54	9	-2.339937e+01
10	10	7.849840e+00
25	10	-3.767457e+00
50	10	-4.082382e+00
3	11	-7.271511e+00
11	11	9.612116e+00
56	11	-2.340605e+00
12	12	1.002825e+01
42	12	-7.271511e+00
55	12	-2.756735e+00
5	13	-5.085978e+00
13	13	6.744450e+00
43	13	-1.658471e+00
14	14	2.616581e+00
39	14	-1.645660e+00
41	14	-9.709209e-01
15	15	1.964364e-01
24	15	-1.818182e-01
38	15	-1.461819e-02
16	16	5.768452e+00
31	16	-3.761746e+00
36	16	-2.006706e+00
17	17	2.430294e+00
33	17	-2.020280e+00
34	17	-4.100142e-01
18	18	9.484065e+01
35	18	-8.757258e+01
57	18	-7.268076e+00
19	19	9.090909e-03
56	19	-9.090909e-03
20	20	9.090909e-03
55	20	-9.090909e-03
21	21	1.240182e-02
30	21	-1.240182e-02
22	22	5.411255e-03
29	22	-5.411255e-03
23	23	4.768217e+00
26	23	-4.586399e+00
38	23	-1.818182e-01
15	24	-1.818182e-01
24	24	4.768217e+00
48	24	-4.586399e+00
10	25	-3.767457e+00
25	25	6.063463e+00
49	25	-2.296006e+00
23	26	-4.586399e+00
26	26	4.816126e+00
49	26	-2.297277e-01
27	27	3.123169e-02
30	27	-1.759532e-02
52	27	-1.363637e-02
28	28	2.976540e-02
29	28	-1.612903e-02
53	28	-1.363637e-02
22	29	-5.411255e-03
28	29	-1.612903e-02
29	29	2.154029e-02
21	30	-1.240182e-02
27	30	-1.759532e-02
30	30	2.999714e-02
16	31	-3.761746e+00
31	31	9.133432e+01
32	31	-8.757258e+01
1	32	-7.251264e+00
31	32	-8.757258e+01
32	32	9.482384e+01
17	33	-2.020280e+00
33	33	4.990080e+00
35	33	-2.969800e+00
4	34	-5.803157e+00
17	34	-4.100142e-01
34	34	6.213171e+00
18	35	-8.757258e+01
33	35	-2.969800e+00
35	35	9.054238e+01
16	36	-2.006706e+00
36	36	2.456399e+00
37	36	-4.496929e-01
4	37	-5.803157e+00
36	37	-4.496929e-01
37	37	6.252850e+00
15	38	-1.461819e-02
23	38	-1.818182e-01
38	38	1.964364e-01
14	39	-1.645660e+00
39	39	1.819039e+00
40	39	-1.733790e-01
6	40	-5.080113e+00
39	40	-1.733790e-01
40	40	5.253492e+00
8	41	-5.080113e+00
14	41	-9.709209e-01
41	41	6.051034e+00
2	42	-4.004517e+01
12	42	-7.271511e+00
42	42	4.731668e+01
13	43	-1.658471e+00
43	43	3.736570e+00
44	43	-2.078099e+00
43	44	-2.078099e+00
44	44	2.195685e+00
45	44	-1.175856e-01
44	45	-1.175856e-01
45	45	2.277012e+00
46	45	-2.159426e+00
45	46	-2.159426e+00
46	46	4.236563e+00
47	46	-2.077137e+00
46	47	-2.077137e+00
47	47	2.177841e+00
48	47	-1.007040e-01
24	48	-4.586399e+00
47	48	-1.007040e-01
48	48	4.687103e+00
25	49	-2.296006e+00
26	49	-2.297277e-01
49	49	2.525733e+00
10	50	-4.082382e+00
50	50	8.120877e+00
51	50	-4.038495e+00
50	51	-4.038495e+00
51	51	3.073535e+01
53	51	-2.669685e+01
7	52	-1.001131e+01
27	52	-1.363637e-02
52	52	1.002495e+01
28	53	-1.363637e-02
51	53	-2.669685e+01
53	53	6.675566e+01
54	53	-4.004517e+01
9	54	-2.339937e+01
53	54	-4.004517e+01
54	54	6.344454e+01
12	55	-2.756735e+00
20	55	-9.090909e-03
55	55	2.765826e+00
11	56	-2.340605e+00
19	56	-9.090909e-03
56	56	2.349696e+00
3	57	-9.090909e-02
18	57	-7.268076e+00
57	57	7.358985e+00
