1	1	1.352710e+01
70	1	-6.218093e+00
74	1	-6.218093e+00
104	1	-9.090909e-02
2	2	5.848028e+00
75	2	-5.757119e+00
103	2	-9.090909e-02
3	3	5.844351e+00
4	3	-9.090909e-02
43	3	-5.753442e+00
3	4	-9.090909e-02
4	4	1.010222e+01
102	4	-1.001131e+01
5	5	1.002495e+01
58	5	-1.363637e-02
103	5	-1.001131e+01
6	6	7.358985e+00
7	6	-9.090909e-02
81	6	-7.268076e+00
6	7	-9.090909e-02
7	7	7.362420e+00
99	7	-7.271511e+00
8	8	1.169722e+01
9	8	-9.090909e-02
77	8	-5.803157e+00
79	8	-5.803157e+00
8	9	-9.090909e-02
9	9	5.176888e+00
44	9	-5.085978e+00
10	10	2.349696e+00
33	10	-9.090909e-03
99	10	-2.340605e+00
11	11	2.765826e+00
34	11	-9.090909e-03
86	11	-2.756735e+00
12	12	5.171022e+00
83	12	-5.080113e+00
93	12	-9.090909e-02
13	13	5.171022e+00
14	13	-9.090909e-02
23	13	-5.080113e+00
13	14	-9.090909e-02
14	14	1.616831e+01
15	14	-1.607740e+01
14	15	-1.607740e+01
15	15	1.609104e+01
52	15	-1.363637e-02
16	16	2.080483e-02
17	16	-1.363637e-02
92	16	-7.168459e-03
16	17	-1.363637e-02
17	17	1.610022e+01
93	17	-1.608658e+01
18	18	1.242810e+00
19	18	-1.158757e-01
98	18	-1.126935e+00
18	19	-1.158757e-01
19	19	9.019882e+00
85	19	-8.904006e+00
20	20	1.072531e+01
84	20	-7.634054e+00
88	20	-3.091257e+00
21	21	4.731668e+01
86	21	-7.271511e+00
100	21	-4.004517e+01
22	22	5.316385e+00
47	22	-2.523965e-02
56	22	-5.291145e+00
13	23	-5.080113e+00
23	23	5.253492e+00
83	23	-1.733790e-01
24	24	6.237775e+00
53	24	-6.218093e+00
82	24	-1.968128e-02
25	25	4.990080e+00
78	25	-2.020280e+00
80	25	-2.969800e+00
26	26	2.456399e+00
76	26	-2.006706e+00
77	26	-4.496929e-01
27	27	2.447330e+00
73	27	-2.037315e+00
75	27	-4.100142e-01
28	28	6.267117e+00
55	28	-6.218093e+00
72	28	-4.902369e-02
29	29	9.482384e+01
71	29	-8.757258e+01
101	29	-7.251264e+00
30	30	3.422056e+00
68	30	-3.410944e+00
69	30	-1.111190e-02
31	31	5.143194e+00
32	31	-1.818182e-01
69	31	-4.961376e+00
31	32	-1.818182e-01
32	32	2.763344e-01
65	32	-9.451617e-02
10	33	-9.090909e-03
33	33	9.090909e-03
11	34	-9.090909e-03
34	34	9.090909e-03
35	35	2.480362e-02
92	35	-2.480362e-02
36	36	2.480362e-02
95	36	-2.480362e-02
37	37	1.082251e-02
91	37	-1.082251e-02
38	38	1.082251e-02
94	38	-1.082251e-02
39	39	4.768217e+00
66	39	-1.818182e-01
90	39	-4.586399e+00
40	40	4.768217e+00
41	40	-1.818182e-01
87	40	-4.586399e+00
40	41	-1.818182e-01
41	41	7.820979e-01
67	41	-6.002797e-01
42	42	3.727415e+00
67	42	-1.818182e-01
68	42	-3.545596e+00
3	43	-5.753442e+00
43	43	6.798372e+00
70	43	-1.044930e+00
9	44	-5.085978e+00
44	44	5.258287e+00
45	44	-1.723086e-01
44	45	-1.723086e-01
45	45	3.228889e+00
46	45	-3.056580e+00
45	46	-3.056580e+00
46	46	4.004277e+00
51	46	-9.476966e-01
22	47	-2.523965e-02
47	47	5.316385e+00
96	47	-5.291145e+00
48	48	5.163341e+00
49	48	-7.736285e-02
96	48	-5.085978e+00
48	49	-7.736285e-02
49	49	3.133943e+00
50	49	-3.056580e+00
49	50	-3.056580e+00
50	50	3.217890e+00
87	50	-1.613101e-01
46	51	-9.476966e-01
51	51	6.033675e+00
97	51	-5.085978e+00
15	52	-1.363637e-02
52	52	3.123169e-02
91	52	-1.759532e-02
24	53	-6.218093e+00
53	53	6.309002e+00
96	53	-9.090909e-02
54	54	6.309002e+00
82	54	-6.218093e+00
97	54	-9.090909e-02
28	55	-6.218093e+00
55	55	6.309002e+00
98	55	-9.090909e-02
22	56	-5.291145e+00
56	56	5.382054e+00
57	56	-9.090909e-02
56	57	-9.090909e-02
57	57	6.309002e+00
72	57	-6.218093e+00
5	58	-1.363637e-02
58	58	2.080483e-02
95	58	-7.168459e-03
59	59	3.123169e-02
94	59	-1.759532e-02
102	59	-1.363637e-02
60	60	5.305024e+00
61	60	-2.170238e+00
62	60	-3.134786e+00
60	61	-2.170238e+00
61	61	3.695272e+00
66	61	-1.525034e+00
60	62	-3.134786e+00
62	62	5.305024e+00
63	62	-2.170238e+00
62	63	-2.170238e+00
63	63	3.298762e+00
64	63	-1.128524e+00
63	64	-1.128524e+00
64	64	3.302111e+00
65	64	-2.173587e+00
32	65	-9.451617e-02
64	65	-2.173587e+00
65	65	2.268103e+00
39	66	-1.818182e-01
61	66	-1.525034e+00
66	66	1.706852e+00
41	67	-6.002797e-01
42	67	-1.818182e-01
67	67	7.820979e-01
30	68	-3.410944e+00
42	68	-3.545596e+00
68	68	6.956540e+00
30	69	-1.111190e-02
31	69	-4.961376e+00
69	69	4.972488e+00
1	70	-6.218093e+00
43	70	-1.044930e+00
70	70	7.263023e+00
29	71	-8.757258e+01
71	71	9.133432e+01
76	71	-3.761746e+00
28	72	-4.902369e-02
57	72	-6.218093e+00
72	72	6.267117e+00
27	73	-2.037315e+00
73	73	3.304632e+00
74	73	-1.267316e+00
1	74	-6.218093e+00
73	74	-1.267316e+00
74	74	7.485410e+00
2	75	-5.757119e+00
27	75	-4.100142e-01
75	75	6.167133e+00
26	76	-2.006706e+00
71	76	-3.761746e+00
76	76	5.768452e+00
8	77	-5.803157e+00
26	77	-4.496929e-01
77	77	6.252850e+00
25	78	-2.020280e+00
78	78	2.430294e+00
79	78	-4.100142e-01
8	79	-5.803157e+00
78	79	-4.100142e-01
79	79	6.213171e+00
25	80	-2.969800e+00
80	80	9.054238e+01
81	80	-8.757258e+01
6	81	-7.268076e+00
80	81	-8.757258e+01
81	81	9.484065e+01
24	82	-1.968128e-02
54	82	-6.218093e+00
82	82	6.237775e+00
12	83	-5.080113e+00
23	83	-1.733790e-01
83	83	5.253492e+00
20	84	-7.634054e+00
84	84	3.444500e+01
93	84	-2.681095e+01
19	85	-8.904006e+00
85	85	2.905839e+01
104	85	-2.015438e+01
11	86	-2.756735e+00
21	86	-7.271511e+00
86	86	1.002825e+01
40	87	-4.586399e+00
50	87	-1.613101e-01
87	87	4.747709e+00
20	88	-3.091257e+00
88	88	6.427103e+00
89	88	-3.335846e+00
88	89	-3.335846e+00
89	89	4.016243e+00
90	89	-6.803971e-01
39	90	-4.586399e+00
89	90	-6.803971e-01
90	90	5.266796e+00
37	91	-1.082251e-02
52	91	-1.759532e-02
91	91	2.841783e-02
16	92	-7.168459e-03
35	92	-2.480362e-02
92	92	3.197208e-02
12	93	-9.090909e-02
17	93	-1.608658e+01
84	93	-2.681095e+01
93	93	4.298844e+01
38	94	-1.082251e-02
59	94	-1.759532e-02
94	94	2.841783e-02
36	95	-2.480362e-02
58	95	-7.168459e-03
95	95	3.197208e-02
47	96	-5.291145e+00
48	96	-5.085978e+00
53	96	-9.090909e-02
96	96	1.046803e+01
51	97	-5.085978e+00
54	97	-9.090909e-02
97	97	5.176888e+00
18	98	-1.126935e+00
55	98	-9.090909e-02
98	98	1.217844e+00
7	99	-7.271511e+00
10	99	-2.340605e+00
99	99	9.612116e+00
21	100	-4.004517e+01
100	100	4.013608e+01
101	100	-9.090909e-02
29	101	-7.251264e+00
100	101	-9.090909e-02
101	101	7.342173e+00
4	102	-1.001131e+01
59	102	-1.363637e-02
102	102	1.002495e+01
2	103	-9.090909e-02
5	103	-1.001131e+01
103	103	1.010222e+01
1	104	-9.090909e-02
85	104	-2.015438e+01
104	104	2.024529e+01
