1	1	1.352710e+01
2	1	-9.090909e-02
47	1	-6.218093e+00
51	1	-6.218093e+00
1	2	-9.090909e-02
2	2	2.024529e+01
63	2	-2.015438e+01
3	3	5.848028e+00
52	3	-5.757119e+00
76	3	-9.090909e-02
4	4	5.844351e+00
5	4	-9.090909e-02
35	4	-5.753442e+00
4	5	-9.090909e-02
5	5	1.010222e+01
75	5	-1.001131e+01
6	6	1.002495e+01
42	6	-1.363637e-02
76	6	-1.001131e+01
7	7	8.555330e+00
26	7	-2.727270e-02
71	7	-8.528057e+00
8	8	8.779912e-01
27	8	-9.090909e-03
68	8	-8.689003e-01
9	9	3.635667e+00
44	9	-3.576436e+00
67	9	-5.923118e-02
10	10	4.616247e+00
20	10	-4.586399e+00
39	10	-2.984870e-02
11	11	3.453074e+00
12	11	-2.999220e-01
61	11	-3.153152e+00
11	12	-2.999220e-01
12	12	4.067379e+00
66	12	-3.767457e+00
13	13	9.019882e+00
17	13	-1.158757e-01
63	13	-8.904006e+00
14	14	9.602702e+00
15	14	-5.370829e+00
65	14	-4.231873e+00
14	15	-5.370829e+00
15	15	9.161623e+00
66	15	-3.790794e+00
16	16	3.603704e+00
17	16	-3.056580e+00
64	16	-5.471238e-01
13	17	-1.158757e-01
16	17	-3.056580e+00
17	17	3.172456e+00
18	18	3.172906e+00
58	18	-1.605510e+00
60	18	-1.567396e+00
19	19	1.966907e-01
20	19	-1.818182e-01
53	19	-1.487250e-02
10	20	-4.586399e+00
19	20	-1.818182e-01
20	20	4.768217e+00
21	21	3.305100e+00
53	21	-1.818182e-01
61	21	-3.123282e+00
22	22	2.447330e+00
50	22	-2.037315e+00
52	22	-4.100142e-01
23	23	1.505796e+01
60	23	-4.111352e+00
70	23	-1.094661e+01
24	24	1.505796e+01
59	24	-4.111352e+00
72	24	-1.094661e+01
25	25	1.928930e-01
33	25	-1.818182e-01
48	25	-1.107482e-02
7	26	-2.727270e-02
26	26	2.727270e-02
8	27	-9.090909e-03
27	27	6.363631e-02
40	27	-2.727270e-02
68	27	-2.727270e-02
28	28	2.480362e-02
74	28	-2.480362e-02
29	29	1.082251e-02
73	29	-1.082251e-02
30	30	7.142940e+00
31	30	-1.818182e-01
44	30	-6.961122e+00
30	31	-1.818182e-01
31	31	3.003130e+00
45	31	-2.821312e+00
32	32	5.143194e+00
34	32	-4.961376e+00
45	32	-1.818182e-01
25	33	-1.818182e-01
33	33	5.143194e+00
46	33	-4.961376e+00
32	34	-4.961376e+00
34	34	5.439563e+00
46	34	-4.781875e-01
4	35	-5.753442e+00
35	35	6.798372e+00
47	35	-1.044930e+00
36	36	3.512731e+01
48	36	-3.230600e+01
49	36	-2.821312e+00
37	37	3.305100e+00
38	37	-1.818182e-01
62	37	-3.123282e+00
37	38	-1.818182e-01
38	38	6.451411e+00
54	38	-6.269592e+00
10	39	-2.984870e-02
39	39	3.183000e+00
62	39	-3.153152e+00
27	40	-2.727270e-02
40	40	3.722260e+01
41	40	-3.719532e+01
40	41	-3.719532e+01
41	41	4.578648e+01
67	41	-4.038495e+00
69	41	-4.461756e+00
70	41	-9.090909e-02
6	42	-1.363637e-02
42	42	2.080483e-02
74	42	-7.168459e-03
43	43	3.123169e-02
73	43	-1.759532e-02
75	43	-1.363637e-02
9	44	-3.576436e+00
30	44	-6.961122e+00
44	44	1.053756e+01
31	45	-2.821312e+00
32	45	-1.818182e-01
45	45	3.003130e+00
33	46	-4.961376e+00
34	46	-4.781875e-01
46	46	5.439563e+00
1	47	-6.218093e+00
35	47	-1.044930e+00
47	47	7.263023e+00
25	48	-1.107482e-02
36	48	-3.230600e+01
48	48	3.231708e+01
36	49	-2.821312e+00
49	49	3.512731e+01
54	49	-3.230600e+01
22	50	-2.037315e+00
50	50	3.304632e+00
51	50	-1.267316e+00
1	51	-6.218093e+00
50	51	-1.267316e+00
51	51	7.485410e+00
3	52	-5.757119e+00
22	52	-4.100142e-01
52	52	6.167133e+00
19	53	-1.487250e-02
21	53	-1.818182e-01
53	53	1.966907e-01
38	54	-6.269592e+00
49	54	-3.230600e+01
54	54	3.857559e+01
55	55	3.368830e+00
56	55	-1.763320e+00
57	55	-1.605510e+00
55	56	-1.763320e+00
56	56	5.508926e+01
59	56	-5.332594e+01
55	57	-1.605510e+00
57	57	1.815667e+00
58	57	-2.101564e-01
18	58	-1.605510e+00
57	58	-2.101564e-01
58	58	1.815667e+00
24	59	-4.111352e+00
56	59	-5.332594e+01
59	59	5.743729e+01
18	60	-1.567396e+00
23	60	-4.111352e+00
60	60	5.678748e+00
11	61	-3.153152e+00
21	61	-3.123282e+00
61	61	6.276434e+00
37	62	-3.123282e+00
39	62	-3.153152e+00
62	62	6.276434e+00
2	63	-2.015438e+01
13	63	-8.904006e+00
63	63	2.905839e+01
16	64	-5.471238e-01
64	64	8.072972e-01
65	64	-2.601734e-01
14	65	-4.231873e+00
64	65	-2.601734e-01
65	65	4.492046e+00
12	66	-3.767457e+00
15	66	-3.790794e+00
66	66	7.558251e+00
9	67	-5.923118e-02
41	67	-4.038495e+00
67	67	4.097726e+00
8	68	-8.689003e-01
27	68	-2.727270e-02
68	68	1.645815e+00
69	68	-7.496420e-01
41	69	-4.461756e+00
68	69	-7.496420e-01
69	69	5.211398e+00
23	70	-1.094661e+01
41	70	-9.090909e-02
70	70	1.103752e+01
7	71	-8.528057e+00
71	71	8.618966e+00
72	71	-9.090909e-02
24	72	-1.094661e+01
71	72	-9.090909e-02
72	72	1.103752e+01
29	73	-1.082251e-02
43	73	-1.759532e-02
73	73	2.841783e-02
28	74	-2.480362e-02
42	74	-7.168459e-03
74	74	3.197208e-02
5	75	-1.001131e+01
43	75	-1.363637e-02
75	75	1.002495e+01
3	76	-9.090909e-02
6	76	-1.001131e+01
76	76	1.010222e+01
