1	1	1.352710e+01
2	1	-9.090909e-02
64	1	-6.218093e+00
103	1	-6.218093e+00
1	2	-9.090909e-02
2	2	2.024529e+01
133	2	-2.015438e+01
3	3	5.848028e+00
4	3	-9.090909e-02
104	3	-5.757119e+00
3	4	-9.090909e-02
4	4	1.010222e+01
165	4	-1.001131e+01
5	5	5.844351e+00
91	5	-5.753442e+00
166	5	-9.090909e-02
6	6	1.002495e+01
86	6	-1.363637e-02
166	6	-1.001131e+01
7	7	6.309002e+00
8	7	-9.090909e-02
77	7	-6.218093e+00
7	8	-9.090909e-02
8	8	5.072279e+00
39	8	-4.981370e+00
9	9	6.309002e+00
10	9	-9.090909e-02
99	9	-6.218093e+00
9	10	-9.090909e-02
10	10	5.113032e+00
41	10	-5.022122e+00
11	11	1.164245e+01
12	11	-9.090909e-02
57	11	-5.775773e+00
100	11	-5.775773e+00
11	12	-9.090909e-02
12	12	5.072279e+00
38	12	-4.981370e+00
13	13	5.866682e+00
101	13	-5.775773e+00
163	13	-9.090909e-02
14	14	2.976540e-02
15	14	-1.363637e-02
87	14	-1.612903e-02
14	15	-1.363637e-02
15	15	6.647532e+00
127	15	-6.633895e+00
16	16	3.123169e-02
89	16	-1.759532e-02
160	16	-1.363637e-02
17	17	1.252710e+01
18	17	-9.090909e-02
75	17	-6.218093e+00
92	17	-6.218093e+00
17	18	-9.090909e-02
18	18	5.132121e+00
33	18	-5.041212e+00
19	19	6.309002e+00
20	19	-9.090909e-02
63	19	-6.218093e+00
19	20	-9.090909e-02
20	20	1.010222e+01
158	20	-1.001131e+01
21	21	6.309002e+00
108	21	-6.218093e+00
159	21	-9.090909e-02
22	22	3.123169e-02
23	22	-1.363637e-02
90	22	-1.759532e-02
22	23	-1.363637e-02
23	23	6.706584e+00
145	23	-6.692948e+00
24	24	8.849164e+00
152	24	-8.758255e+00
157	24	-9.090909e-02
25	25	9.769249e+00
26	25	-9.090909e-02
60	25	-4.839170e+00
120	25	-4.839170e+00
25	26	-9.090909e-02
26	26	9.454906e+00
154	26	-9.363997e+00
27	27	1.186263e+01
28	27	-9.090909e-02
95	27	-6.691604e+00
114	27	-5.080113e+00
27	28	-9.090909e-02
28	28	8.849164e+00
151	28	-8.758255e+00
29	29	9.454906e+00
153	29	-9.363997e+00
156	29	-9.090909e-02
30	30	1.192341e+01
117	30	-5.916250e+00
119	30	-5.916250e+00
155	30	-9.090909e-02
31	31	2.679725e+00
32	31	-5.192863e-02
125	31	-2.627796e+00
31	32	-5.192863e-02
32	32	5.137907e+00
155	32	-5.085978e+00
18	33	-5.041212e+00
33	33	5.119709e+00
148	33	-7.849663e-02
34	34	3.255603e+00
43	34	-3.102218e+00
149	34	-1.533846e-01
35	35	5.116988e+00
36	35	-1.458951e-01
44	35	-4.971093e+00
35	36	-1.458951e-01
36	36	5.168018e+00
159	36	-5.022122e+00
37	37	4.681508e+00
55	37	-4.586399e+00
143	37	-9.510947e-02
12	38	-4.981370e+00
38	38	5.024930e+00
137	38	-4.356046e-02
8	39	-4.981370e+00
39	39	5.099482e+00
142	39	-1.181123e-01
40	40	9.057390e+00
132	40	-1.533846e-01
133	40	-8.904006e+00
10	41	-5.022122e+00
41	41	5.337084e+00
130	41	-3.149616e-01
42	42	5.147191e+00
128	42	-6.121225e-02
163	42	-5.085978e+00
34	43	-3.102218e+00
43	43	3.356146e+00
150	43	-2.539283e-01
35	44	-4.971093e+00
44	44	2.907044e+01
123	44	-1.912825e+01
146	44	-4.971093e+00
45	45	4.429515e+00
118	45	-1.437447e+00
120	45	-2.992068e+00
46	46	5.797546e-01
116	46	-1.945718e-01
117	46	-3.851828e-01
47	47	2.412797e+00
94	47	-2.237222e-01
111	47	-2.189075e+00
48	48	2.481981e-01
49	48	-1.818182e-01
110	48	-6.637991e-02
48	49	-1.818182e-01
49	49	4.768217e+00
150	49	-4.586399e+00
50	50	3.434978e-01
78	50	-1.818182e-01
109	50	-1.616797e-01
51	51	2.176899e-01
52	51	-1.818182e-01
107	51	-3.587174e-02
51	52	-1.818182e-01
52	52	4.264201e+00
123	52	-4.082382e+00
53	53	4.768217e+00
107	53	-1.818182e-01
143	53	-4.586399e+00
54	54	2.159332e-01
55	54	-1.818182e-01
105	54	-3.411502e-02
37	55	-4.586399e+00
54	55	-1.818182e-01
55	55	4.768217e+00
56	56	3.319730e+00
102	56	-2.037315e+00
103	56	-1.282415e+00
11	57	-5.775773e+00
57	57	5.935285e+00
101	57	-1.595118e-01
58	58	2.289592e+00
98	58	-2.051000e+00
100	58	-2.385917e-01
59	59	1.505796e+01
121	59	-4.111352e+00
157	59	-1.094661e+01
25	60	-4.839170e+00
60	60	4.924658e+00
121	60	-8.548762e-02
61	61	1.505796e+01
112	61	-4.111352e+00
156	61	-1.094661e+01
62	62	3.512731e+01
93	62	-2.821312e+00
109	62	-3.230600e+01
19	63	-6.218093e+00
63	63	6.271731e+00
92	63	-5.363713e-02
1	64	-6.218093e+00
64	64	7.250721e+00
91	64	-1.032628e+00
65	65	9.090909e-03
154	65	-9.090909e-03
66	66	9.090909e-03
153	66	-9.090909e-03
67	67	9.090909e-03
152	67	-9.090909e-03
68	68	9.090909e-03
151	68	-9.090909e-03
69	69	1.240182e-02
90	69	-1.240182e-02
70	70	2.480362e-02
162	70	-2.480362e-02
71	71	1.240182e-02
89	71	-1.240182e-02
72	72	1.082251e-02
88	72	-1.082251e-02
73	73	1.082251e-02
161	73	-1.082251e-02
74	74	5.411255e-03
87	74	-5.411255e-03
17	75	-6.218093e+00
75	75	6.708756e+00
108	75	-4.906627e-01
76	76	3.305100e+00
105	76	-1.818182e-01
122	76	-3.123282e+00
7	77	-6.218093e+00
77	77	6.384543e+00
106	77	-1.664492e-01
50	78	-1.818182e-01
78	78	3.033510e+00
124	78	-2.851692e+00
79	79	2.260221e+00
131	79	-1.874608e+00
132	79	-3.856135e-01
80	80	6.381707e+00
134	80	-2.614249e+00
135	80	-3.767457e+00
81	81	3.633028e+00
122	81	-3.153152e+00
134	81	-4.798764e-01
82	82	8.573498e+00
131	82	-4.150911e+00
135	82	-4.422587e+00
83	83	3.123169e-02
88	83	-1.759532e-02
158	83	-1.363637e-02
84	84	6.309002e+00
106	84	-6.218093e+00
164	84	-9.090909e-02
85	85	2.080483e-02
162	85	-7.168459e-03
165	85	-1.363637e-02
6	86	-1.363637e-02
86	86	3.123169e-02
161	86	-1.759532e-02
14	87	-1.612903e-02
74	87	-5.411255e-03
87	87	2.154029e-02
72	88	-1.082251e-02
83	88	-1.759532e-02
88	88	2.841783e-02
16	89	-1.759532e-02
71	89	-1.240182e-02
89	89	2.999714e-02
22	90	-1.759532e-02
69	90	-1.240182e-02
90	90	2.999714e-02
5	91	-5.753442e+00
64	91	-1.032628e+00
91	91	6.786070e+00
17	92	-6.218093e+00
63	92	-5.363713e-02
92	92	6.271731e+00
62	93	-2.821312e+00
93	93	3.512731e+01
110	93	-3.230600e+01
47	94	-2.237222e-01
94	94	8.654820e+01
95	94	-8.632448e+01
27	95	-6.691604e+00
94	95	-8.632448e+01
95	95	9.301608e+01
96	96	2.145476e+00
97	96	-2.051000e+00
98	96	-9.447599e-02
96	97	-2.051000e+00
97	97	2.111804e+00
99	97	-6.080395e-02
58	98	-2.051000e+00
96	98	-9.447599e-02
98	98	2.145476e+00
9	99	-6.218093e+00
97	99	-6.080395e-02
99	99	6.278897e+00
11	100	-5.775773e+00
58	100	-2.385917e-01
100	100	6.014365e+00
13	101	-5.775773e+00
57	101	-1.595118e-01
101	101	5.935285e+00
56	102	-2.037315e+00
102	102	2.447330e+00
104	102	-4.100142e-01
1	103	-6.218093e+00
56	103	-1.282415e+00
103	103	7.500508e+00
3	104	-5.757119e+00
102	104	-4.100142e-01
104	104	6.167133e+00
54	105	-3.411502e-02
76	105	-1.818182e-01
105	105	2.159332e-01
77	106	-1.664492e-01
84	106	-6.218093e+00
106	106	6.384543e+00
51	107	-3.587174e-02
53	107	-1.818182e-01
107	107	2.176899e-01
21	108	-6.218093e+00
75	108	-4.906627e-01
108	108	6.708756e+00
50	109	-1.616797e-01
62	109	-3.230600e+01
109	109	3.246768e+01
48	110	-6.637991e-02
93	110	-3.230600e+01
110	110	3.237238e+01
47	111	-2.189075e+00
111	111	2.619751e+00
112	111	-4.306762e-01
61	112	-4.111352e+00
111	112	-4.306762e-01
112	112	4.542028e+00
113	113	5.748737e+01
114	113	-5.273677e+01
115	113	-4.750594e+00
27	114	-5.080113e+00
113	114	-5.273677e+01
114	114	5.781689e+01
113	115	-4.750594e+00
115	115	6.188040e+00
116	115	-1.437447e+00
46	116	-1.945718e-01
115	116	-1.437447e+00
116	116	1.632018e+00
30	117	-5.916250e+00
46	117	-3.851828e-01
117	117	6.301432e+00
45	118	-1.437447e+00
118	118	1.564060e+00
119	118	-1.266139e-01
30	119	-5.916250e+00
118	119	-1.266139e-01
119	119	6.042863e+00
25	120	-4.839170e+00
45	120	-2.992068e+00
120	120	7.831238e+00
59	121	-4.111352e+00
60	121	-8.548762e-02
121	121	4.196839e+00
76	122	-3.123282e+00
81	122	-3.153152e+00
122	122	6.276434e+00
44	123	-1.912825e+01
52	123	-4.082382e+00
123	123	2.321063e+01
78	124	-2.851692e+00
124	124	2.149988e+01
125	124	-1.864819e+01
31	125	-2.627796e+00
124	125	-1.864819e+01
125	125	2.127599e+01
126	126	7.158580e+00
127	126	-3.917835e+00
128	126	-3.240745e+00
15	127	-6.633895e+00
126	127	-3.917835e+00
127	127	1.055173e+01
42	128	-6.121225e-02
126	128	-3.240745e+00
128	128	3.301957e+00
129	129	8.105876e+00
130	129	-1.412928e+00
160	129	-6.692948e+00
41	130	-3.149616e-01
129	130	-1.412928e+00
130	130	1.727890e+00
79	131	-1.874608e+00
82	131	-4.150911e+00
131	131	8.851031e+00
164	131	-2.825513e+00
40	132	-1.533846e-01
79	132	-3.856135e-01
132	132	5.389981e-01
2	133	-2.015438e+01
40	133	-8.904006e+00
133	133	2.905839e+01
80	134	-2.614249e+00
81	134	-4.798764e-01
134	134	3.094126e+00
80	135	-3.767457e+00
82	135	-4.422587e+00
135	135	8.190044e+00
136	136	5.641853e+00
137	136	-4.509786e+00
138	136	-1.132067e+00
38	137	-4.356046e-02
136	137	-4.509786e+00
137	137	4.553347e+00
136	138	-1.132067e+00
138	138	4.702883e+00
139	138	-3.570816e+00
138	139	-3.570816e+00
139	139	5.292102e+00
140	139	-1.721286e+00
139	140	-1.721286e+00
140	140	5.887241e+00
141	140	-4.165955e+00
140	141	-4.165955e+00
141	141	1.661870e+01
142	141	-1.245274e+01
39	142	-1.181123e-01
141	142	-1.245274e+01
142	142	1.257085e+01
37	143	-9.510947e-02
53	143	-4.586399e+00
143	143	4.681508e+00
144	144	1.881522e+00
145	144	-1.407674e+00
146	144	-4.738483e-01
23	145	-6.692948e+00
144	145	-1.407674e+00
145	145	8.100621e+00
44	146	-4.971093e+00
144	146	-4.738483e-01
146	146	5.444941e+00
147	147	2.186420e+00
148	147	-2.049697e+00
149	147	-1.367230e-01
33	148	-7.849663e-02
147	148	-2.049697e+00
148	148	2.128194e+00
34	149	-1.533846e-01
147	149	-1.367230e-01
149	149	2.901076e-01
43	150	-2.539283e-01
49	150	-4.586399e+00
150	150	4.840327e+00
28	151	-8.758255e+00
68	151	-9.090909e-03
151	151	8.767346e+00
24	152	-8.758255e+00
67	152	-9.090909e-03
152	152	8.767346e+00
29	153	-9.363997e+00
66	153	-9.090909e-03
153	153	9.373088e+00
26	154	-9.363997e+00
65	154	-9.090909e-03
154	154	9.373088e+00
30	155	-9.090909e-02
32	155	-5.085978e+00
155	155	5.176888e+00
29	156	-9.090909e-02
61	156	-1.094661e+01
156	156	1.103752e+01
24	157	-9.090909e-02
59	157	-1.094661e+01
157	157	1.103752e+01
20	158	-1.001131e+01
83	158	-1.363637e-02
158	158	1.002495e+01
21	159	-9.090909e-02
36	159	-5.022122e+00
159	159	5.113032e+00
16	160	-1.363637e-02
129	160	-6.692948e+00
160	160	6.706584e+00
73	161	-1.082251e-02
86	161	-1.759532e-02
161	161	2.841783e-02
70	162	-2.480362e-02
85	162	-7.168459e-03
162	162	3.197208e-02
13	163	-9.090909e-02
42	163	-5.085978e+00
163	163	5.176888e+00
84	164	-9.090909e-02
131	164	-2.825513e+00
164	164	2.916422e+00
4	165	-1.001131e+01
85	165	-1.363637e-02
165	165	1.002495e+01
5	166	-9.090909e-02
6	166	-1.001131e+01
166	166	1.010222e+01
