1	1	1.352710e+01
2	1	-9.090909e-02
75	1	-6.218093e+00
88	1	-6.218093e+00
1	2	-9.090909e-02
2	2	2.024529e+01
94	2	-2.015438e+01
3	3	5.848028e+00
89	3	-5.757119e+00
110	3	-9.090909e-02
4	4	5.844351e+00
5	4	-9.090909e-02
45	4	-5.753442e+00
4	5	-9.090909e-02
5	5	1.010222e+01
109	5	-1.001131e+01
6	6	1.002495e+01
66	6	-1.363637e-02
110	6	-1.001131e+01
7	7	7.358985e+00
8	7	-9.090909e-02
86	7	-7.268076e+00
7	8	-9.090909e-02
8	8	7.362420e+00
19	8	-7.271511e+00
9	9	1.169722e+01
82	9	-5.803157e+00
84	9	-5.803157e+00
106	9	-9.090909e-02
10	10	6.309002e+00
25	10	-6.218093e+00
102	10	-9.090909e-02
11	11	1.252710e+01
12	11	-9.090909e-02
73	11	-6.218093e+00
77	11	-6.218093e+00
11	12	-9.090909e-02
12	12	2.024529e+01
92	12	-2.015438e+01
13	13	5.848028e+00
78	13	-5.757119e+00
98	13	-9.090909e-02
14	14	5.844351e+00
15	14	-9.090909e-02
44	14	-5.753442e+00
14	15	-9.090909e-02
15	15	1.010222e+01
97	15	-1.001131e+01
16	16	1.002495e+01
60	16	-1.363637e-02
98	16	-1.001131e+01
17	17	1.166036e+01
55	17	-5.601111e+00
56	17	-6.059247e+00
18	18	9.019882e+00
55	18	-1.158757e-01
94	18	-8.904006e+00
8	19	-7.271511e+00
19	19	9.612116e+00
105	19	-2.340605e+00
20	20	1.002825e+01
22	20	-7.271511e+00
104	20	-2.756735e+00
21	21	9.019882e+00
48	21	-1.158757e-01
92	21	-8.904006e+00
20	22	-7.271511e+00
22	22	4.731668e+01
107	22	-4.004517e+01
23	23	5.258287e+00
54	23	-1.723086e-01
106	23	-5.085978e+00
24	24	5.316385e+00
57	24	-2.523965e-02
101	24	-5.291145e+00
10	25	-6.218093e+00
25	25	6.267117e+00
90	25	-4.902369e-02
26	26	2.447330e+00
87	26	-2.037315e+00
89	26	-4.100142e-01
27	27	4.990080e+00
83	27	-2.020280e+00
85	27	-2.969800e+00
28	28	2.456399e+00
81	28	-2.006706e+00
82	28	-4.496929e-01
29	29	6.237775e+00
62	29	-6.218093e+00
80	29	-1.968128e-02
30	30	2.447330e+00
76	30	-2.037315e+00
78	30	-4.100142e-01
31	31	9.482384e+01
74	31	-8.757258e+01
108	31	-7.251264e+00
32	32	1.905138e-01
43	32	-1.818182e-01
71	32	-8.695652e-03
33	33	5.143194e+00
34	33	-1.818182e-01
72	33	-4.961376e+00
33	34	-1.818182e-01
34	34	2.528838e-01
69	34	-7.106563e-02
35	35	9.090909e-03
105	35	-9.090909e-03
36	36	9.090909e-03
104	36	-9.090909e-03
37	37	2.480362e-02
100	37	-2.480362e-02
38	38	2.480362e-02
96	38	-2.480362e-02
39	39	1.082251e-02
99	39	-1.082251e-02
40	40	1.082251e-02
95	40	-1.082251e-02
41	41	1.345118e+01
46	41	-3.123282e+00
68	41	-1.032790e+01
42	42	2.704465e+00
69	42	-1.818182e-01
91	42	-2.522647e+00
32	43	-1.818182e-01
43	43	5.139286e+00
68	43	-9.090909e-02
79	43	-4.866559e+00
14	44	-5.753442e+00
44	44	6.798372e+00
73	44	-1.044930e+00
4	45	-5.753442e+00
45	45	6.798372e+00
75	45	-1.044930e+00
41	46	-3.123282e+00
46	46	3.214191e+00
47	46	-9.090909e-02
46	47	-9.090909e-02
47	47	3.852655e+00
79	47	-3.761746e+00
21	48	-1.158757e-01
48	48	3.172456e+00
49	48	-3.056580e+00
48	49	-3.056580e+00
49	49	3.372479e+00
50	49	-3.158989e-01
49	50	-3.158989e-01
50	50	3.418117e+00
51	50	-3.102218e+00
50	51	-3.102218e+00
51	51	3.220416e+00
93	51	-1.181983e-01
52	52	5.163341e+00
58	52	-7.736285e-02
101	52	-5.085978e+00
53	53	4.004277e+00
54	53	-3.056580e+00
59	53	-9.476966e-01
23	54	-1.723086e-01
53	54	-3.056580e+00
54	54	3.228889e+00
17	55	-5.601111e+00
18	55	-1.158757e-01
55	55	5.716987e+00
17	56	-6.059247e+00
56	56	1.222007e+01
102	56	-6.160822e+00
24	57	-2.523965e-02
57	57	5.316385e+00
103	57	-5.291145e+00
52	58	-7.736285e-02
58	58	1.480836e+00
91	58	-1.403473e+00
53	59	-9.476966e-01
59	59	6.033675e+00
63	59	-5.085978e+00
16	60	-1.363637e-02
60	60	2.080483e-02
96	60	-7.168459e-03
61	61	3.123169e-02
95	61	-1.759532e-02
97	61	-1.363637e-02
29	62	-6.218093e+00
62	62	6.309002e+00
101	62	-9.090909e-02
59	63	-5.085978e+00
63	63	5.176888e+00
64	63	-9.090909e-02
63	64	-9.090909e-02
64	64	6.309002e+00
80	64	-6.218093e+00
65	65	6.309002e+00
90	65	-6.218093e+00
103	65	-9.090909e-02
6	66	-1.363637e-02
66	66	2.080483e-02
100	66	-7.168459e-03
67	67	3.123169e-02
99	67	-1.759532e-02
109	67	-1.363637e-02
41	68	-1.032790e+01
43	68	-9.090909e-02
68	68	1.500521e+01
93	68	-4.586399e+00
34	69	-7.106563e-02
42	69	-1.818182e-01
69	69	2.528838e-01
70	70	2.242039e+00
71	70	-2.206643e+00
72	70	-3.539597e-02
32	71	-8.695652e-03
70	71	-2.206643e+00
71	71	2.215339e+00
33	72	-4.961376e+00
70	72	-3.539597e-02
72	72	4.996772e+00
11	73	-6.218093e+00
44	73	-1.044930e+00
73	73	7.263023e+00
31	74	-8.757258e+01
74	74	9.133432e+01
81	74	-3.761746e+00
1	75	-6.218093e+00
45	75	-1.044930e+00
75	75	7.263023e+00
30	76	-2.037315e+00
76	76	3.304632e+00
77	76	-1.267316e+00
11	77	-6.218093e+00
76	77	-1.267316e+00
77	77	7.485410e+00
13	78	-5.757119e+00
30	78	-4.100142e-01
78	78	6.167133e+00
43	79	-4.866559e+00
47	79	-3.761746e+00
79	79	8.628305e+00
29	80	-1.968128e-02
64	80	-6.218093e+00
80	80	6.237775e+00
28	81	-2.006706e+00
74	81	-3.761746e+00
81	81	5.768452e+00
9	82	-5.803157e+00
28	82	-4.496929e-01
82	82	6.252850e+00
27	83	-2.020280e+00
83	83	2.430294e+00
84	83	-4.100142e-01
9	84	-5.803157e+00
83	84	-4.100142e-01
84	84	6.213171e+00
27	85	-2.969800e+00
85	85	9.054238e+01
86	85	-8.757258e+01
7	86	-7.268076e+00
85	86	-8.757258e+01
86	86	9.484065e+01
26	87	-2.037315e+00
87	87	3.304632e+00
88	87	-1.267316e+00
1	88	-6.218093e+00
87	88	-1.267316e+00
88	88	7.485410e+00
3	89	-5.757119e+00
26	89	-4.100142e-01
89	89	6.167133e+00
25	90	-4.902369e-02
65	90	-6.218093e+00
90	90	6.267117e+00
42	91	-2.522647e+00
58	91	-1.403473e+00
91	91	3.926120e+00
12	92	-2.015438e+01
21	92	-8.904006e+00
92	92	2.905839e+01
51	93	-1.181983e-01
68	93	-4.586399e+00
93	93	4.704597e+00
2	94	-2.015438e+01
18	94	-8.904006e+00
94	94	2.905839e+01
40	95	-1.082251e-02
61	95	-1.759532e-02
95	95	2.841783e-02
38	96	-2.480362e-02
60	96	-7.168459e-03
96	96	3.197208e-02
15	97	-1.001131e+01
61	97	-1.363637e-02
97	97	1.002495e+01
13	98	-9.090909e-02
16	98	-1.001131e+01
98	98	1.010222e+01
39	99	-1.082251e-02
67	99	-1.759532e-02
99	99	2.841783e-02
37	100	-2.480362e-02
66	100	-7.168459e-03
100	100	3.197208e-02
24	101	-5.291145e+00
52	101	-5.085978e+00
62	101	-9.090909e-02
101	101	1.046803e+01
10	102	-9.090909e-02
56	102	-6.160822e+00
102	102	6.251731e+00
57	103	-5.291145e+00
65	103	-9.090909e-02
103	103	5.382054e+00
20	104	-2.756735e+00
36	104	-9.090909e-03
104	104	2.765826e+00
19	105	-2.340605e+00
35	105	-9.090909e-03
105	105	2.349696e+00
9	106	-9.090909e-02
23	106	-5.085978e+00
106	106	5.176888e+00
22	107	-4.004517e+01
107	107	4.013608e+01
108	107	-9.090909e-02
31	108	-7.251264e+00
107	108	-9.090909e-02
108	108	7.342173e+00
5	109	-1.001131e+01
67	109	-1.363637e-02
109	109	1.002495e+01
3	110	-9.090909e-02
6	110	-1.001131e+01
110	110	1.010222e+01
