1	1	1.352710e+01
2	1	-9.090909e-02
114	1	-6.218093e+00
128	1	-6.218093e+00
1	2	-9.090909e-02
2	2	2.024529e+01
163	2	-2.015438e+01
3	3	5.848028e+00
129	3	-5.757119e+00
204	3	-9.090909e-02
4	4	5.844351e+00
5	4	-9.090909e-02
84	4	-5.753442e+00
4	5	-9.090909e-02
5	5	1.010222e+01
203	5	-1.001131e+01
6	6	1.002495e+01
98	6	-1.363637e-02
204	6	-1.001131e+01
7	7	6.309002e+00
130	7	-6.218093e+00
202	7	-9.090909e-02
8	8	6.309002e+00
9	8	-9.090909e-02
126	8	-6.218093e+00
8	9	-9.090909e-02
9	9	5.113032e+00
40	9	-5.022122e+00
10	10	1.164245e+01
11	10	-9.090909e-02
121	10	-5.775773e+00
125	10	-5.775773e+00
10	11	-9.090909e-02
11	11	5.072279e+00
37	11	-4.981370e+00
12	12	5.866682e+00
62	12	-5.775773e+00
200	12	-9.090909e-02
13	13	2.976540e-02
14	13	-1.363637e-02
107	13	-1.612903e-02
13	14	-1.363637e-02
14	14	6.647532e+00
159	14	-6.633895e+00
15	15	3.123169e-02
109	15	-1.759532e-02
197	15	-1.363637e-02
16	16	1.252710e+01
66	16	-6.218093e+00
118	16	-6.218093e+00
196	16	-9.090909e-02
17	17	6.309002e+00
18	17	-9.090909e-02
67	17	-6.218093e+00
17	18	-9.090909e-02
18	18	1.010222e+01
195	18	-1.001131e+01
19	19	6.309002e+00
20	19	-9.090909e-02
145	19	-6.218093e+00
19	20	-9.090909e-02
20	20	5.113032e+00
28	20	-5.022122e+00
21	21	3.123169e-02
110	21	-1.759532e-02
194	21	-1.363637e-02
22	22	9.769249e+00
23	22	-9.090909e-02
64	22	-4.839170e+00
155	22	-4.839170e+00
22	23	-9.090909e-02
23	23	9.454906e+00
189	23	-9.363997e+00
24	24	1.186263e+01
25	24	-9.090909e-02
120	24	-6.691604e+00
149	24	-5.080113e+00
24	25	-9.090909e-02
25	25	8.849164e+00
186	25	-8.758255e+00
26	26	9.454906e+00
188	26	-9.363997e+00
191	26	-9.090909e-02
27	27	1.192341e+01
152	27	-5.916250e+00
154	27	-5.916250e+00
190	27	-9.090909e-02
20	28	-5.022122e+00
28	28	5.131618e+00
185	28	-1.094959e-01
29	29	4.674745e+00
116	29	-4.586399e+00
183	29	-8.834625e-02
30	30	1.471024e+00
31	30	-5.167585e-02
88	30	-1.419348e+00
30	31	-5.167585e-02
31	31	5.137654e+00
190	31	-5.085978e+00
32	32	3.249770e+00
43	32	-3.102218e+00
178	32	-1.475520e-01
33	33	5.119709e+00
181	33	-7.849663e-02
196	33	-5.041212e+00
34	34	7.011862e+00
172	34	-3.767457e+00
175	34	-3.244404e+00
35	35	7.011862e+00
43	35	-3.244404e+00
171	35	-3.767457e+00
36	36	5.507085e+00
45	36	-5.257154e-01
202	36	-4.981370e+00
11	37	-4.981370e+00
37	37	5.024930e+00
165	37	-4.356046e-02
38	38	5.099482e+00
170	38	-1.181123e-01
202	38	-4.981370e+00
39	39	9.019882e+00
90	39	-1.158757e-01
163	39	-8.904006e+00
9	40	-5.022122e+00
40	40	5.337084e+00
162	40	-3.149616e-01
41	41	5.147191e+00
160	41	-6.121225e-02
200	41	-5.085978e+00
42	42	4.920963e+00
182	42	-8.678672e-01
192	42	-4.053096e+00
32	43	-3.102218e+00
35	43	-3.244404e+00
43	43	6.346622e+00
44	44	3.247821e+00
45	44	-3.102218e+00
93	44	-1.456028e-01
36	45	-5.257154e-01
44	45	-3.102218e+00
45	45	3.627933e+00
46	46	4.429515e+00
153	46	-1.437447e+00
155	46	-2.992068e+00
47	47	5.797546e-01
151	47	-1.945718e-01
152	47	-3.851828e-01
48	48	2.412797e+00
119	48	-2.237222e-01
146	48	-2.189075e+00
49	49	7.813857e+00
50	49	-2.852481e+00
117	49	-4.961376e+00
49	50	-2.852481e+00
50	50	2.943390e+00
144	50	-9.090909e-02
51	51	1.050824e+00
52	51	-1.818182e-01
142	51	-8.690060e-01
51	52	-1.818182e-01
52	52	4.768217e+00
176	52	-4.586399e+00
53	53	5.956351e+00
54	53	-1.880873e+00
138	53	-4.075478e+00
53	54	-1.880873e+00
54	54	5.956351e+00
143	54	-4.075478e+00
55	55	5.956351e+00
56	55	-1.880873e+00
137	55	-4.075478e+00
55	56	-1.880873e+00
56	56	5.956351e+00
115	56	-4.075478e+00
57	57	5.953697e+01
136	57	-2.969800e+00
138	57	-5.656717e+01
58	58	3.412143e-01
86	58	-1.818182e-01
131	58	-1.593961e-01
59	59	3.305100e+00
131	59	-1.818182e-01
157	59	-3.123282e+00
60	60	2.447330e+00
127	60	-2.037315e+00
129	60	-4.100142e-01
61	61	2.111804e+00
124	61	-2.051000e+00
126	61	-6.080395e-02
12	62	-5.775773e+00
62	62	5.935285e+00
121	62	-1.595118e-01
63	63	1.505796e+01
156	63	-4.111352e+00
193	63	-1.094661e+01
22	64	-4.839170e+00
64	64	4.924658e+00
156	64	-8.548762e-02
65	65	1.505796e+01
147	65	-4.111352e+00
191	65	-1.094661e+01
16	66	-6.218093e+00
66	66	6.708756e+00
145	66	-4.906627e-01
17	67	-6.218093e+00
67	67	6.271731e+00
118	67	-5.363713e-02
68	68	1.393431e+01
113	68	-3.545596e+00
117	68	-1.038871e+01
69	69	5.223824e+00
70	69	-4.961376e+00
112	69	-2.624479e-01
69	70	-4.961376e+00
70	70	5.143194e+00
111	70	-1.818182e-01
71	71	9.090909e-03
189	71	-9.090909e-03
72	72	9.090909e-03
188	72	-9.090909e-03
73	73	9.090909e-03
187	73	-9.090909e-03
74	74	9.090909e-03
186	74	-9.090909e-03
75	75	1.240182e-02
110	75	-1.240182e-02
76	76	2.480362e-02
199	76	-2.480362e-02
77	77	1.240182e-02
109	77	-1.240182e-02
78	78	1.082251e-02
108	78	-1.082251e-02
79	79	1.082251e-02
198	79	-1.082251e-02
80	80	5.411255e-03
107	80	-5.411255e-03
81	81	3.848629e+01
82	81	-2.815839e+01
116	81	-1.032790e+01
81	82	-2.815839e+01
82	82	3.161052e+01
144	82	-3.452133e+00
83	83	7.769910e-02
106	83	-4.818534e-02
115	83	-2.951376e-02
4	84	-5.753442e+00
84	84	6.798372e+00
114	84	-1.044930e+00
85	85	6.384543e+00
97	85	-6.218093e+00
130	85	-1.664492e-01
58	86	-1.818182e-01
86	86	4.768217e+00
95	86	-4.586399e+00
87	87	4.768217e+00
132	87	-1.818182e-01
173	87	-4.586399e+00
30	88	-1.419348e+00
88	88	1.601166e+00
89	88	-1.818182e-01
88	89	-1.818182e-01
89	89	1.122251e+00
132	89	-9.404330e-01
39	90	-1.158757e-01
90	90	5.716987e+00
92	90	-5.601111e+00
91	91	1.222007e+01
92	91	-6.059247e+00
201	91	-6.160822e+00
90	92	-5.601111e+00
91	92	-6.059247e+00
92	92	1.166036e+01
44	93	-1.456028e-01
93	93	3.298755e+00
157	93	-3.153152e+00
94	94	2.048586e+01
171	94	-1.859047e+01
172	94	-1.895393e+00
86	95	-4.586399e+00
95	95	4.662431e+00
173	95	-7.603291e-02
96	96	3.123169e-02
108	96	-1.759532e-02
195	96	-1.363637e-02
85	97	-6.218093e+00
97	97	6.309002e+00
201	97	-9.090909e-02
6	98	-1.363637e-02
98	98	2.080483e-02
199	98	-7.168459e-03
99	99	3.123169e-02
198	99	-1.759532e-02
203	99	-1.363637e-02
100	100	2.238936e+00
101	100	-2.188524e+00
102	100	-5.041263e-02
100	101	-2.188524e+00
101	101	2.290418e+00
111	101	-1.018939e-01
100	102	-5.041263e-02
102	102	2.233828e+00
103	102	-2.183416e+00
102	103	-2.183416e+00
103	103	3.472376e+00
104	103	-1.288960e+00
103	104	-1.288960e+00
104	104	1.722204e+00
105	104	-4.332437e-01
104	105	-4.332437e-01
105	105	2.616373e+00
106	105	-2.183130e+00
83	106	-4.818534e-02
105	106	-2.183130e+00
106	106	2.231315e+00
13	107	-1.612903e-02
80	107	-5.411255e-03
107	107	2.154029e-02
78	108	-1.082251e-02
96	108	-1.759532e-02
108	108	2.841783e-02
15	109	-1.759532e-02
77	109	-1.240182e-02
109	109	2.999714e-02
21	110	-1.759532e-02
75	110	-1.240182e-02
110	110	2.999714e-02
70	111	-1.818182e-01
101	111	-1.018939e-01
111	111	2.837121e-01
69	112	-2.624479e-01
112	112	4.442661e-01
113	112	-1.818182e-01
68	113	-3.545596e+00
112	113	-1.818182e-01
113	113	3.727415e+00
1	114	-6.218093e+00
84	114	-1.044930e+00
114	114	7.263023e+00
56	115	-4.075478e+00
83	115	-2.951376e-02
115	115	4.104992e+00
29	116	-4.586399e+00
81	116	-1.032790e+01
116	116	1.500521e+01
117	116	-9.090909e-02
49	117	-4.961376e+00
68	117	-1.038871e+01
116	117	-9.090909e-02
117	117	1.544100e+01
16	118	-6.218093e+00
67	118	-5.363713e-02
118	118	6.271731e+00
48	119	-2.237222e-01
119	119	8.654820e+01
120	119	-8.632448e+01
24	120	-6.691604e+00
119	120	-8.632448e+01
120	120	9.301608e+01
10	121	-5.775773e+00
62	121	-1.595118e-01
121	121	5.935285e+00
122	122	2.145476e+00
123	122	-2.051000e+00
124	122	-9.447599e-02
122	123	-2.051000e+00
123	123	2.289592e+00
125	123	-2.385917e-01
61	124	-2.051000e+00
122	124	-9.447599e-02
124	124	2.145476e+00
10	125	-5.775773e+00
123	125	-2.385917e-01
125	125	6.014365e+00
8	126	-6.218093e+00
61	126	-6.080395e-02
126	126	6.278897e+00
60	127	-2.037315e+00
127	127	3.304632e+00
128	127	-1.267316e+00
1	128	-6.218093e+00
127	128	-1.267316e+00
128	128	7.485410e+00
3	129	-5.757119e+00
60	129	-4.100142e-01
129	129	6.167133e+00
7	130	-6.218093e+00
85	130	-1.664492e-01
130	130	6.384543e+00
58	131	-1.593961e-01
59	131	-1.818182e-01
131	131	3.412143e-01
87	132	-1.818182e-01
89	132	-9.404330e-01
132	132	1.122251e+00
133	133	2.256086e+00
134	133	-2.190600e+00
135	133	-6.548617e-02
133	134	-2.190600e+00
134	134	4.010800e+00
137	134	-1.820201e+00
133	135	-6.548617e-02
135	135	2.256086e+00
136	135	-2.190600e+00
57	136	-2.969800e+00
135	136	-2.190600e+00
136	136	5.160400e+00
55	137	-4.075478e+00
134	137	-1.820201e+00
137	137	5.895678e+00
53	138	-4.075478e+00
57	138	-5.656717e+01
138	138	6.064264e+01
139	139	5.351664e+00
140	139	-3.181704e+00
141	139	-2.169960e+00
139	140	-3.181704e+00
140	140	6.942969e+00
143	140	-3.761265e+00
139	141	-2.169960e+00
141	141	3.990161e+00
142	141	-1.820201e+00
51	142	-8.690060e-01
141	142	-1.820201e+00
142	142	2.689207e+00
54	143	-4.075478e+00
140	143	-3.761265e+00
143	143	7.836743e+00
50	144	-9.090909e-02
82	144	-3.452133e+00
144	144	3.543042e+00
19	145	-6.218093e+00
66	145	-4.906627e-01
145	145	6.708756e+00
48	146	-2.189075e+00
146	146	2.619751e+00
147	146	-4.306762e-01
65	147	-4.111352e+00
146	147	-4.306762e-01
147	147	4.542028e+00
148	148	5.748737e+01
149	148	-5.273677e+01
150	148	-4.750594e+00
24	149	-5.080113e+00
148	149	-5.273677e+01
149	149	5.781689e+01
148	150	-4.750594e+00
150	150	6.188040e+00
151	150	-1.437447e+00
47	151	-1.945718e-01
150	151	-1.437447e+00
151	151	1.632018e+00
27	152	-5.916250e+00
47	152	-3.851828e-01
152	152	6.301432e+00
46	153	-1.437447e+00
153	153	1.564060e+00
154	153	-1.266139e-01
27	154	-5.916250e+00
153	154	-1.266139e-01
154	154	6.042863e+00
22	155	-4.839170e+00
46	155	-2.992068e+00
155	155	7.831238e+00
63	156	-4.111352e+00
64	156	-8.548762e-02
156	156	4.196839e+00
59	157	-3.123282e+00
93	157	-3.153152e+00
157	157	6.276434e+00
158	158	7.158580e+00
159	158	-3.917835e+00
160	158	-3.240745e+00
14	159	-6.633895e+00
158	159	-3.917835e+00
159	159	1.055173e+01
41	160	-6.121225e-02
158	160	-3.240745e+00
160	160	3.301957e+00
161	161	8.105876e+00
162	161	-1.412928e+00
197	161	-6.692948e+00
40	162	-3.149616e-01
161	162	-1.412928e+00
162	162	1.727890e+00
2	163	-2.015438e+01
39	163	-8.904006e+00
163	163	2.905839e+01
164	164	5.641853e+00
165	164	-4.509786e+00
166	164	-1.132067e+00
37	165	-4.356046e-02
164	165	-4.509786e+00
165	165	4.553347e+00
164	166	-1.132067e+00
166	166	4.702883e+00
167	166	-3.570816e+00
166	167	-3.570816e+00
167	167	5.292102e+00
168	167	-1.721286e+00
167	168	-1.721286e+00
168	168	5.887241e+00
169	168	-4.165955e+00
168	169	-4.165955e+00
169	169	1.661870e+01
170	169	-1.245274e+01
38	170	-1.181123e-01
169	170	-1.245274e+01
170	170	1.257085e+01
35	171	-3.767457e+00
94	171	-1.859047e+01
171	171	2.235793e+01
34	172	-3.767457e+00
94	172	-1.895393e+00
172	172	5.662851e+00
87	173	-4.586399e+00
95	173	-7.603291e-02
173	173	4.662431e+00
174	174	1.889164e+00
175	174	-1.814125e+00
176	174	-7.503958e-02
34	175	-3.244404e+00
174	175	-1.814125e+00
175	175	5.058529e+00
52	176	-4.586399e+00
174	176	-7.503958e-02
176	176	4.661438e+00
177	177	1.779148e+00
178	177	-1.536072e-01
179	177	-1.625540e+00
32	178	-1.475520e-01
177	178	-1.536072e-01
178	178	3.011593e-01
177	179	-1.625540e+00
179	179	3.125695e+00
180	179	-1.500155e+00
179	180	-1.500155e+00
180	180	3.549851e+00
181	180	-2.049697e+00
33	181	-7.849663e-02
180	181	-2.049697e+00
181	181	2.128194e+00
42	182	-8.678672e-01
182	182	2.395943e+00
183	182	-1.528075e+00
29	183	-8.834625e-02
182	183	-1.528075e+00
183	183	1.616422e+00
184	184	8.100621e+00
185	184	-1.407674e+00
194	184	-6.692948e+00
28	185	-1.094959e-01
184	185	-1.407674e+00
185	185	1.517169e+00
25	186	-8.758255e+00
74	186	-9.090909e-03
186	186	8.767346e+00
73	187	-9.090909e-03
187	187	8.767346e+00
192	187	-8.758255e+00
26	188	-9.363997e+00
72	188	-9.090909e-03
188	188	9.373088e+00
23	189	-9.363997e+00
71	189	-9.090909e-03
189	189	9.373088e+00
27	190	-9.090909e-02
31	190	-5.085978e+00
190	190	5.176888e+00
26	191	-9.090909e-02
65	191	-1.094661e+01
191	191	1.103752e+01
42	192	-4.053096e+00
187	192	-8.758255e+00
192	192	1.290226e+01
193	192	-9.090909e-02
63	193	-1.094661e+01
192	193	-9.090909e-02
193	193	1.103752e+01
21	194	-1.363637e-02
184	194	-6.692948e+00
194	194	6.706584e+00
18	195	-1.001131e+01
96	195	-1.363637e-02
195	195	1.002495e+01
16	196	-9.090909e-02
33	196	-5.041212e+00
196	196	5.132121e+00
15	197	-1.363637e-02
161	197	-6.692948e+00
197	197	6.706584e+00
79	198	-1.082251e-02
99	198	-1.759532e-02
198	198	2.841783e-02
76	199	-2.480362e-02
98	199	-7.168459e-03
199	199	3.197208e-02
12	200	-9.090909e-02
41	200	-5.085978e+00
200	200	5.176888e+00
91	201	-6.160822e+00
97	201	-9.090909e-02
201	201	6.251731e+00
7	202	-9.090909e-02
36	202	-4.981370e+00
38	202	-4.981370e+00
202	202	1.005365e+01
5	203	-1.001131e+01
99	203	-1.363637e-02
203	203	1.002495e+01
3	204	-9.090909e-02
6	204	-1.001131e+01
204	204	1.010222e+01
