1	1	6.171022e+00
27	1	-5.080113e+00
46	1	-9.090909e-02
2	2	5.171022e+00
3	2	-9.090909e-02
18	2	-5.080113e+00
2	3	-9.090909e-02
3	3	1.616831e+01
45	3	-1.607740e+01
4	4	2.080483e-02
5	4	-1.363637e-02
44	4	-7.168459e-03
4	5	-1.363637e-02
5	5	9.312415e+00
46	5	-9.298779e+00
6	6	3.009586e+01
20	6	-9.090909e-03
41	6	-3.008677e+01
7	7	2.983501e+00
26	7	-2.690291e+00
42	7	-2.932104e-01
8	8	5.978751e+00
24	8	-3.767457e+00
40	8	-2.211294e+00
9	9	4.674704e+00
10	9	-8.830568e-02
16	9	-4.586399e+00
9	10	-8.830568e-02
10	10	3.855763e+00
39	10	-3.767457e+00
11	11	7.056055e+00
12	11	-3.767457e+00
33	11	-3.288597e+00
11	12	-3.767457e+00
12	12	5.733052e+00
31	12	-1.965594e+00
13	13	2.230352e-01
14	13	-1.818182e-01
29	13	-4.121706e-02
13	14	-1.818182e-01
14	14	4.768217e+00
40	14	-4.586399e+00
15	15	2.341679e-01
16	15	-1.818182e-01
28	15	-5.234972e-02
9	16	-4.586399e+00
15	16	-1.818182e-01
16	16	4.768217e+00
17	17	3.305100e+00
28	17	-1.818182e-01
30	17	-3.123282e+00
2	18	-5.080113e+00
18	18	5.253492e+00
27	18	-1.733790e-01
19	19	5.048377e+00
26	19	-1.818182e-01
29	19	-4.866559e+00
6	20	-9.090909e-03
20	20	9.090909e-03
21	21	2.480362e-02
44	21	-2.480362e-02
22	22	1.082251e-02
43	22	-1.082251e-02
23	23	3.683861e+00
30	23	-3.153152e+00
38	23	-5.307095e-01
8	24	-3.767457e+00
24	24	9.074553e+00
39	24	-5.307095e+00
25	25	3.123169e-02
43	25	-1.759532e-02
45	25	-1.363637e-02
7	26	-2.690291e+00
19	26	-1.818182e-01
26	26	2.872109e+00
1	27	-5.080113e+00
18	27	-1.733790e-01
27	27	5.253492e+00
15	28	-5.234972e-02
17	28	-1.818182e-01
28	28	2.341679e-01
13	29	-4.121706e-02
19	29	-4.866559e+00
29	29	4.907776e+00
17	30	-3.123282e+00
23	30	-3.153152e+00
30	30	6.276434e+00
12	31	-1.965594e+00
31	31	6.427350e+00
46	31	-4.461756e+00
32	32	5.118623e+00
33	32	-3.347841e+00
34	32	-1.770783e+00
11	33	-3.288597e+00
32	33	-3.347841e+00
33	33	6.636438e+00
32	34	-1.770783e+00
34	34	1.863802e+00
35	34	-9.301893e-02
34	35	-9.301893e-02
35	35	1.863802e+00
36	35	-1.770783e+00
35	36	-1.770783e+00
36	36	2.933549e+00
37	36	-1.162766e+00
36	37	-1.162766e+00
37	37	3.224503e+00
38	37	-2.061737e+00
23	38	-5.307095e-01
37	38	-2.061737e+00
38	38	2.592446e+00
10	39	-3.767457e+00
24	39	-5.307095e+00
39	39	9.074553e+00
8	40	-2.211294e+00
14	40	-4.586399e+00
40	40	6.797692e+00
6	41	-3.008677e+01
41	41	3.164344e+01
42	41	-1.556672e+00
7	42	-2.932104e-01
41	42	-1.556672e+00
42	42	1.849883e+00
22	43	-1.082251e-02
25	43	-1.759532e-02
43	43	2.841783e-02
4	44	-7.168459e-03
21	44	-2.480362e-02
44	44	3.197208e-02
3	45	-1.607740e+01
25	45	-1.363637e-02
45	45	1.609104e+01
1	46	-9.090909e-02
5	46	-9.298779e+00
31	46	-4.461756e+00
46	46	1.385144e+01
