1	1	6.171022e+00
2	1	-9.090909e-02
90	1	-5.080113e+00
1	2	-9.090909e-02
2	2	9.521135e+00
123	2	-9.430226e+00
3	3	1.135318e+01
88	3	-5.631138e+00
89	3	-5.631138e+00
125	3	-9.090909e-02
4	4	5.171022e+00
5	4	-9.090909e-02
29	4	-5.080113e+00
4	5	-9.090909e-02
5	5	8.849164e+00
121	5	-8.758255e+00
6	6	5.171022e+00
7	6	-9.090909e-02
87	6	-5.080113e+00
6	7	-9.090909e-02
7	7	1.013435e+01
120	7	-1.004344e+01
8	8	1.135318e+01
30	8	-5.631138e+00
86	8	-5.631138e+00
124	8	-9.090909e-02
9	9	5.171022e+00
10	9	-9.090909e-02
85	9	-5.080113e+00
9	10	-9.090909e-02
10	10	9.974383e+00
122	10	-9.883474e+00
11	11	1.243619e+01
37	11	-6.218093e+00
92	11	-6.218093e+00
12	12	5.848028e+00
13	12	-9.090909e-02
93	12	-5.757119e+00
12	13	-9.090909e-02
13	13	1.010222e+01
118	13	-1.001131e+01
14	14	5.844351e+00
62	14	-5.753442e+00
119	14	-9.090909e-02
15	15	1.002495e+01
57	15	-1.363637e-02
119	15	-1.001131e+01
16	16	8.935071e+00
18	16	-3.332045e+00
113	16	-5.603026e+00
17	17	3.776579e+00
96	17	-3.767457e+00
99	17	-9.122007e-03
16	18	-3.332045e+00
18	18	8.625235e+00
97	18	-5.293190e+00
19	19	5.199378e+00
20	19	-1.133996e-01
124	19	-5.085978e+00
19	20	-1.133996e-01
20	20	5.199378e+00
125	20	-5.085978e+00
21	21	5.261099e+00
22	21	-2.900055e-01
24	21	-4.971093e+00
21	22	-2.900055e-01
22	22	5.375984e+00
124	22	-5.085978e+00
23	23	6.797692e+00
48	23	-4.586399e+00
51	23	-2.211294e+00
21	24	-4.971093e+00
24	24	2.409934e+01
95	24	-1.912825e+01
25	25	2.227068e-01
26	25	-1.818182e-01
94	25	-4.088859e-02
25	26	-1.818182e-01
26	26	4.768217e+00
115	26	-4.586399e+00
27	27	3.319730e+00
91	27	-2.037315e+00
92	27	-1.282415e+00
28	28	4.873322e+01
89	28	-1.871737e-01
90	28	-4.854605e+01
4	29	-5.080113e+00
29	29	5.148550e+00
88	29	-6.843690e-02
8	30	-5.631138e+00
30	30	5.877511e+00
87	30	-2.463728e-01
31	31	1.957398e+00
84	31	-1.867159e+00
86	31	-9.023886e-02
32	32	2.297967e+00
81	32	-2.200235e+00
83	32	-9.773260e-02
33	33	4.647477e+00
70	33	-2.184398e+00
72	33	-2.463078e+00
34	34	1.113085e+00
35	34	-9.090909e-02
65	34	-1.022176e+00
34	35	-9.090909e-02
35	35	2.503227e+00
95	35	-2.412318e+00
36	36	2.195614e-01
48	36	-1.818182e-01
63	36	-3.774326e-02
11	37	-6.218093e+00
37	37	7.250721e+00
62	37	-1.032628e+00
38	38	3.512731e+01
61	38	-2.821312e+00
65	38	-3.230600e+01
39	39	3.512731e+01
60	39	-2.821312e+00
64	39	-3.230600e+01
40	40	3.512731e+01
49	40	-3.230600e+01
59	40	-2.821312e+00
41	41	3.512731e+01
58	41	-2.821312e+00
63	41	-3.230600e+01
42	42	9.090909e-03
123	42	-9.090909e-03
43	43	9.090909e-03
122	43	-9.090909e-03
44	44	9.090909e-03
121	44	-9.090909e-03
45	45	9.090909e-03
120	45	-9.090909e-03
46	46	2.480362e-02
117	46	-2.480362e-02
47	47	1.082251e-02
116	47	-1.082251e-02
23	48	-4.586399e+00
36	48	-1.818182e-01
48	48	4.768217e+00
40	49	-3.230600e+01
49	49	3.257784e+01
64	49	-2.718396e-01
50	50	4.768217e+00
94	50	-1.818182e-01
114	50	-4.586399e+00
23	51	-2.211294e+00
51	51	5.978751e+00
52	51	-3.767457e+00
51	52	-3.767457e+00
52	52	9.074553e+00
96	52	-5.307095e+00
53	53	4.156776e+00
54	53	-3.767457e+00
110	53	-3.893187e-01
53	54	-3.767457e+00
54	54	8.180228e+00
111	54	-4.412771e+00
55	55	6.006101e+00
111	55	-3.767457e+00
115	55	-2.238644e+00
56	56	2.080483e-02
117	56	-7.168459e-03
118	56	-1.363637e-02
15	57	-1.363637e-02
57	57	3.123169e-02
116	57	-1.759532e-02
41	58	-2.821312e+00
58	58	3.512731e+01
71	58	-3.230600e+01
40	59	-2.821312e+00
59	59	3.512731e+01
72	59	-3.230600e+01
39	60	-2.821312e+00
60	60	3.512731e+01
82	60	-3.230600e+01
38	61	-2.821312e+00
61	61	3.512731e+01
83	61	-3.230600e+01
14	62	-5.753442e+00
37	62	-1.032628e+00
62	62	6.786070e+00
36	63	-3.774326e-02
41	63	-3.230600e+01
63	63	3.234375e+01
39	64	-3.230600e+01
49	64	-2.718396e-01
64	64	3.257784e+01
34	65	-1.022176e+00
38	65	-3.230600e+01
65	65	3.332818e+01
66	66	4.235170e+00
67	66	-2.200235e+00
68	66	-2.034936e+00
66	67	-2.200235e+00
67	67	4.215458e+00
71	67	-2.015223e+00
66	68	-2.034936e+00
68	68	4.235170e+00
69	68	-2.200235e+00
68	69	-2.200235e+00
69	69	6.540720e+00
70	69	-4.340485e+00
33	70	-2.184398e+00
69	70	-4.340485e+00
70	70	6.524883e+00
58	71	-3.230600e+01
67	71	-2.015223e+00
71	71	3.432123e+01
33	72	-2.463078e+00
59	72	-3.230600e+01
72	72	3.476908e+01
73	73	5.154198e+00
74	73	-2.184398e+00
75	73	-2.969800e+00
73	74	-2.184398e+00
74	74	4.282576e+00
82	74	-2.098178e+00
73	75	-2.969800e+00
75	75	5.170035e+00
76	75	-2.200235e+00
75	76	-2.200235e+00
76	76	5.365683e+00
77	76	-3.165448e+00
76	77	-3.165448e+00
77	77	5.365683e+00
78	77	-2.200235e+00
77	78	-2.200235e+00
78	78	3.339798e+00
79	78	-1.139563e+00
78	79	-1.139563e+00
79	79	3.284253e+00
80	79	-2.144689e+00
79	80	-2.144689e+00
80	80	2.233303e+00
81	80	-8.861320e-02
32	81	-2.200235e+00
80	81	-8.861320e-02
81	81	2.288848e+00
60	82	-3.230600e+01
74	82	-2.098178e+00
82	82	3.440418e+01
32	83	-9.773260e-02
61	83	-3.230600e+01
83	83	3.240374e+01
31	84	-1.867159e+00
84	84	2.436729e+00
85	84	-5.695701e-01
9	85	-5.080113e+00
84	85	-5.695701e-01
85	85	5.649684e+00
8	86	-5.631138e+00
31	86	-9.023886e-02
86	86	5.721377e+00
6	87	-5.080113e+00
30	87	-2.463728e-01
87	87	5.326486e+00
3	88	-5.631138e+00
29	88	-6.843690e-02
88	88	5.699575e+00
3	89	-5.631138e+00
28	89	-1.871737e-01
89	89	5.818312e+00
1	90	-5.080113e+00
28	90	-4.854605e+01
90	90	5.362616e+01
27	91	-2.037315e+00
91	91	2.447330e+00
93	91	-4.100142e-01
11	92	-6.218093e+00
27	92	-1.282415e+00
92	92	7.500508e+00
12	93	-5.757119e+00
91	93	-4.100142e-01
93	93	6.167133e+00
25	94	-4.088859e-02
50	94	-1.818182e-01
94	94	2.227068e-01
24	95	-1.912825e+01
35	95	-2.412318e+00
95	95	2.154057e+01
17	96	-3.767457e+00
52	96	-5.307095e+00
96	96	9.074553e+00
18	97	-5.293190e+00
97	97	1.077724e+01
119	97	-5.484050e+00
98	98	5.358963e+00
99	98	-1.197516e+00
100	98	-4.161448e+00
17	99	-9.122007e-03
98	99	-1.197516e+00
99	99	1.206638e+00
98	100	-4.161448e+00
100	100	6.247175e+00
101	100	-2.085728e+00
100	101	-2.085728e+00
101	101	6.247175e+00
102	101	-4.161448e+00
101	102	-4.161448e+00
102	102	2.212419e+01
103	102	-1.796274e+01
102	103	-1.796274e+01
103	103	1.797719e+01
104	103	-1.445436e-02
103	104	-1.445436e-02
104	104	1.045323e+00
105	104	-1.030868e+00
104	105	-1.030868e+00
105	105	1.195834e+00
106	105	-1.649659e-01
105	106	-1.649659e-01
106	106	2.244154e+00
107	106	-2.079188e+00
106	107	-2.079188e+00
107	107	2.101840e+00
108	107	-2.265165e-02
107	108	-2.265165e-02
108	108	2.101840e+00
109	108	-2.079188e+00
108	109	-2.079188e+00
109	109	2.193395e+00
110	109	-1.142070e-01
53	110	-3.893187e-01
109	110	-1.142070e-01
110	110	5.035257e-01
54	111	-4.412771e+00
55	111	-3.767457e+00
111	111	8.180228e+00
112	112	5.093570e+00
113	112	-4.869047e+00
114	112	-2.245233e-01
16	113	-5.603026e+00
112	113	-4.869047e+00
113	113	1.047207e+01
50	114	-4.586399e+00
112	114	-2.245233e-01
114	114	4.810922e+00
26	115	-4.586399e+00
55	115	-2.238644e+00
115	115	6.825042e+00
47	116	-1.082251e-02
57	116	-1.759532e-02
116	116	2.841783e-02
46	117	-2.480362e-02
56	117	-7.168459e-03
117	117	3.197208e-02
13	118	-1.001131e+01
56	118	-1.363637e-02
118	118	1.002495e+01
14	119	-9.090909e-02
15	119	-1.001131e+01
97	119	-5.484050e+00
119	119	1.558627e+01
7	120	-1.004344e+01
45	120	-9.090909e-03
120	120	1.005253e+01
5	121	-8.758255e+00
44	121	-9.090909e-03
121	121	8.767346e+00
10	122	-9.883474e+00
43	122	-9.090909e-03
122	122	9.892565e+00
2	123	-9.430226e+00
42	123	-9.090909e-03
123	123	9.439317e+00
8	124	-9.090909e-02
19	124	-5.085978e+00
22	124	-5.085978e+00
124	124	1.026287e+01
3	125	-9.090909e-02
20	125	-5.085978e+00
125	125	5.176888e+00
