1	1	1.352710e+01
2	1	-9.090909e-02
34	1	-6.218093e+00
81	1	-6.218093e+00
1	2	-9.090909e-02
2	2	2.024529e+01
92	2	-2.015438e+01
3	3	5.848028e+00
4	3	-9.090909e-02
82	3	-5.757119e+00
3	4	-9.090909e-02
4	4	1.010222e+01
105	4	-1.001131e+01
5	5	5.844351e+00
72	5	-5.753442e+00
106	5	-9.090909e-02
6	6	1.002495e+01
57	6	-1.363637e-02
106	6	-1.001131e+01
7	7	6.309002e+00
89	7	-6.218093e+00
103	7	-9.090909e-02
8	8	1.200525e+01
9	8	-9.090909e-02
74	8	-5.957168e+00
76	8	-5.957168e+00
8	9	-9.090909e-02
9	9	5.104772e+00
19	9	-5.013863e+00
10	10	6.048361e+00
32	10	-5.957452e+00
102	10	-9.090909e-02
11	11	2.928185e+01
70	11	-2.919094e+01
101	11	-9.090909e-02
12	12	1.002495e+01
54	12	-1.363637e-02
101	12	-1.001131e+01
13	13	3.123169e-02
14	13	-1.363637e-02
66	13	-1.759532e-02
13	14	-1.363637e-02
14	14	6.706584e+00
91	14	-6.692948e+00
15	15	7.358985e+00
16	15	-9.090909e-02
88	15	-7.268076e+00
15	16	-9.090909e-02
16	16	7.362420e+00
22	16	-7.271511e+00
17	17	1.169722e+01
84	17	-5.803157e+00
86	17	-5.803157e+00
96	17	-9.090909e-02
18	18	5.508918e+00
93	18	-4.950544e-01
103	18	-5.013863e+00
9	19	-5.013863e+00
19	19	5.048587e+00
20	19	-3.472391e-02
19	20	-3.472391e-02
20	20	5.048587e+00
103	20	-5.013863e+00
21	21	9.019882e+00
51	21	-1.158757e-01
92	21	-8.904006e+00
16	22	-7.271511e+00
22	22	9.612116e+00
95	22	-2.340605e+00
23	23	1.002825e+01
24	23	-7.271511e+00
94	23	-2.756735e+00
23	24	-7.271511e+00
24	24	4.731668e+01
97	24	-4.004517e+01
25	25	5.308966e+00
49	25	-2.229873e-01
96	25	-5.085978e+00
26	26	1.177893e+01
90	26	-6.692948e+00
102	26	-5.085978e+00
27	27	6.313408e+00
55	27	-6.218093e+00
89	27	-9.531435e-02
28	28	4.990080e+00
85	28	-2.020280e+00
87	28	-2.969800e+00
29	29	2.456399e+00
83	29	-2.006706e+00
84	29	-4.496929e-01
30	30	3.319730e+00
80	30	-2.037315e+00
81	30	-1.282415e+00
31	31	1.683293e+00
78	31	-1.605510e+00
79	31	-7.778288e-02
10	32	-5.957452e+00
32	32	6.202436e+00
74	32	-2.449846e-01
33	33	9.482384e+01
73	33	-8.757258e+01
98	33	-7.251264e+00
1	34	-6.218093e+00
34	34	7.250721e+00
72	34	-1.032628e+00
35	35	5.035816e+00
37	35	-4.961376e+00
68	35	-7.444076e-02
36	36	2.791049e-01
46	36	-1.818182e-01
63	36	-9.728667e-02
35	37	-4.961376e+00
37	37	5.143194e+00
67	37	-1.818182e-01
38	38	9.090909e-03
95	38	-9.090909e-03
39	39	9.090909e-03
94	39	-9.090909e-03
40	40	2.480362e-02
100	40	-2.480362e-02
41	41	1.240182e-02
66	41	-1.240182e-02
42	42	1.082251e-02
99	42	-1.082251e-02
43	43	5.411255e-03
65	43	-5.411255e-03
44	44	7.142940e+00
63	44	-1.818182e-01
64	44	-6.961122e+00
45	45	2.236105e+00
62	45	-2.178877e+00
71	45	-5.722755e-02
36	46	-1.818182e-01
46	46	5.143194e+00
68	46	-4.961376e+00
47	47	9.966650e+00
48	47	-1.818182e-01
50	47	-9.784832e+00
47	48	-1.818182e-01
48	48	5.048377e+00
71	48	-4.866559e+00
25	49	-2.229873e-01
49	49	1.022169e+01
50	49	-9.998700e+00
47	50	-9.784832e+00
49	50	-9.998700e+00
50	50	1.978353e+01
21	51	-1.158757e-01
51	51	5.709405e+00
53	51	-5.593529e+00
52	52	1.222007e+01
53	52	-6.059247e+00
104	52	-6.160822e+00
51	53	-5.593529e+00
52	53	-6.059247e+00
53	53	1.165278e+01
12	54	-1.363637e-02
54	54	2.976540e-02
65	54	-1.612903e-02
27	55	-6.218093e+00
55	55	6.309002e+00
104	55	-9.090909e-02
56	56	2.080483e-02
100	56	-7.168459e-03
105	56	-1.363637e-02
6	57	-1.363637e-02
57	57	3.123169e-02
99	57	-1.759532e-02
58	58	2.492023e+00
59	58	-2.179556e+00
60	58	-3.124668e-01
58	59	-2.179556e+00
59	59	2.288277e+00
67	59	-1.087211e-01
58	60	-3.124668e-01
60	60	2.492588e+00
61	60	-2.180122e+00
60	61	-2.180122e+00
61	61	2.522888e+00
62	61	-3.427663e-01
45	62	-2.178877e+00
61	62	-3.427663e-01
62	62	2.521643e+00
36	63	-9.728667e-02
44	63	-1.818182e-01
63	63	2.791049e-01
44	64	-6.961122e+00
64	64	1.053756e+01
93	64	-3.576436e+00
43	65	-5.411255e-03
54	65	-1.612903e-02
65	65	2.154029e-02
13	66	-1.759532e-02
41	66	-1.240182e-02
66	66	2.999714e-02
37	67	-1.818182e-01
59	67	-1.087211e-01
67	67	2.905392e-01
35	68	-7.444076e-02
46	68	-4.961376e+00
68	68	5.035816e+00
69	69	2.163655e+01
70	69	-1.752520e+01
79	69	-4.111352e+00
11	70	-2.919094e+01
69	70	-1.752520e+01
70	70	4.671614e+01
45	71	-5.722755e-02
48	71	-4.866559e+00
71	71	4.923787e+00
5	72	-5.753442e+00
34	72	-1.032628e+00
72	72	6.786070e+00
33	73	-8.757258e+01
73	73	9.133432e+01
83	73	-3.761746e+00
8	74	-5.957168e+00
32	74	-2.449846e-01
74	74	6.202153e+00
75	75	2.373355e+00
76	75	-1.798623e-01
77	75	-2.193492e+00
8	76	-5.957168e+00
75	76	-1.798623e-01
76	76	6.137030e+00
75	77	-2.193492e+00
77	77	2.375660e+00
78	77	-1.821679e-01
31	78	-1.605510e+00
77	78	-1.821679e-01
78	78	1.787678e+00
31	79	-7.778288e-02
69	79	-4.111352e+00
79	79	4.189135e+00
30	80	-2.037315e+00
80	80	2.447330e+00
82	80	-4.100142e-01
1	81	-6.218093e+00
30	81	-1.282415e+00
81	81	7.500508e+00
3	82	-5.757119e+00
80	82	-4.100142e-01
82	82	6.167133e+00
29	83	-2.006706e+00
73	83	-3.761746e+00
83	83	5.768452e+00
17	84	-5.803157e+00
29	84	-4.496929e-01
84	84	6.252850e+00
28	85	-2.020280e+00
85	85	2.430294e+00
86	85	-4.100142e-01
17	86	-5.803157e+00
85	86	-4.100142e-01
86	86	6.213171e+00
28	87	-2.969800e+00
87	87	9.054238e+01
88	87	-8.757258e+01
15	88	-7.268076e+00
87	88	-8.757258e+01
88	88	9.484065e+01
7	89	-6.218093e+00
27	89	-9.531435e-02
89	89	6.313408e+00
26	90	-6.692948e+00
90	90	8.105876e+00
91	90	-1.412928e+00
14	91	-6.692948e+00
90	91	-1.412928e+00
91	91	8.105876e+00
2	92	-2.015438e+01
21	92	-8.904006e+00
92	92	2.905839e+01
18	93	-4.950544e-01
64	93	-3.576436e+00
93	93	4.071490e+00
23	94	-2.756735e+00
39	94	-9.090909e-03
94	94	2.765826e+00
22	95	-2.340605e+00
38	95	-9.090909e-03
95	95	2.349696e+00
17	96	-9.090909e-02
25	96	-5.085978e+00
96	96	5.176888e+00
24	97	-4.004517e+01
97	97	4.013608e+01
98	97	-9.090909e-02
33	98	-7.251264e+00
97	98	-9.090909e-02
98	98	7.342173e+00
42	99	-1.082251e-02
57	99	-1.759532e-02
99	99	2.841783e-02
40	100	-2.480362e-02
56	100	-7.168459e-03
100	100	3.197208e-02
11	101	-9.090909e-02
12	101	-1.001131e+01
101	101	1.010222e+01
10	102	-9.090909e-02
26	102	-5.085978e+00
102	102	5.176888e+00
7	103	-9.090909e-02
18	103	-5.013863e+00
20	103	-5.013863e+00
103	103	1.011864e+01
52	104	-6.160822e+00
55	104	-9.090909e-02
104	104	6.251731e+00
4	105	-1.001131e+01
56	105	-1.363637e-02
105	105	1.002495e+01
5	106	-9.090909e-02
6	106	-1.001131e+01
106	106	1.010222e+01
